4.985175
0.883945
4.330191
0.887438
2.062323
1.548238
1.801685
2.472499
1.929173
1.981458
1.925351
1.753919
1.683629
1.514234
1.505487
1.564108
1.537485
1.512482
1.482556
1.841611
1.826092
1.849156
1.913156
2.000536
1.495170
1.603334
-1.272961
-2.868937
0.244590
-0.587598
-0.795048
-1.196688
-0.571388
-1.111299
-0.405544
-0.862231
-0.711429
0.351468
2.052234
-0.273363
-0.384090
0.755295
-0.314229
-0.201633
0.993915
-0.202821
-0.197800
1.053638
-0.153483
-0.204945
0.702374
-0.100561
-0.158026
0.717531
-0.095442
-0.152152
0.608541
-0.073021
-0.159449
0.616937
0.042466
-0.077529
0.707313
0.102997
-0.035548
0.775274
0.161261
0.027140
0.891254
0.221405
0.097910
1.127473
0.330267
0.315301
2.023390
0.460247
0.478727
1.617947
0.503472
0.656435
1.344134
0.557969
0.800333
1.418972
0.622905
0.757119
2.086169
0.591244
0.401400
0.606511
0.463532
0.586632
1.097758
1.757489
1.046246
0.887941
1.246333
0.574574
-0.013797
1.518447
2.339037
2.161729
2.111705
1.388566
1.133033
1.710705
1.983238
1.347278
1.731727
2.516692
2.678164
2.306124
1.960661
2.311642
2.366664
2.079089
2.471311
2.489147
2.187233
2.596670
2.611860
2.170814
2.600079
2.713892
2.386801
2.681315
2.858826
2.478314
2.791117
2.987512
2.615493
2.891887
3.040326
2.607984
2.999060
3.146482
2.652658
3.053387
3.245430
2.707070
3.125032
3.350251
2.778268
3.183210
3.446310
2.821164
3.393946
3.504532
2.820893
3.313478
3.468381
2.834344
3.257195
3.458245
2.853083
3.293717
3.449412
2.858067
3.597167
3.422690
3.061945
3.210432
3.421922
3.370411
3.478286
4.406244
3.973861
3.842403
4.576700
4.143856
3.782249
4.603691
3.011332
1.232849
1.951683
0.979506
2.030453
1.418212
1.456027
1.051679
1.733834
1.718860
3.857689
1.889343
1.147659
2.111359
1.691954
1.305370
2.319512
1.671059
1.118477
2.252943
1.571749
1.248935
1.681088
1.505824
0.935055
1.656022
1.244906
0.851575
1.294241
1.060915
0.607410
1.200575
1.349809
0.902314
1.414416
1.314313
0.882537
1.416110
1.250869
0.863359
1.443512
1.153202
0.778634
1.584417
1.175791
1.061458
2.691055
1.466075
1.358305
2.251009
1.589173
1.633374
1.959280
1.702749
1.847836
2.041487
1.812487
1.815233
2.755383
1.905481
1.072354
0.732063
1.641086
1.323503
1.775510
3.182868
1.760647
1.244858
2.147151
0.905600
0.058202
1.751331
4.704887
4.709444
5.763150
3.887120
4.234260
4.479767
3.674877
4.381022
3.968478
3.674598
4.274228
4.179986
3.382081
3.821109
3.932243
3.225213
3.625633
3.742431
3.005235
3.416024
3.541616
2.849500
3.247240
3.365653
2.623634
3.018648
3.130550
2.407848
2.809028
2.908109
2.188270
2.629789
2.718205
2.024989
2.520826
2.560396
1.869317
2.534637
2.418553
1.703581
2.579182
2.298643
1.401719
1.776114
2.178372
1.284976
1.471276
3.067703
0.762855
0.847883
1.509437
0.279645
0.356777
0.833652
-0.174714
-0.108998
0.349867
-0.604547
-0.570955
-0.145631
-1.102277
-1.051261
-0.606613
-1.441323
-1.300773
-0.835368
-1.541241
-1.146729
-0.650044
-0.900752
-1.202987
-0.477262
0.501256
1.032843
1.673014
1.097903
0.293749
0.958073
1.611233
1.459243
1.224661
2.225944
2.409353
2.184098
2.356857
2.504141
2.434356
2.491217
2.724604
2.700836
2.881008
3.064906
2.982813
2.624009
3.105154
3.188731
3.271557
3.453283
3.450276
3.354705
3.542935
3.638699
3.551773
3.735116
3.830997
3.485415
3.734450
3.995346
3.576110
3.897840
4.174887
3.689594
4.083994
4.364517
3.792398
4.078724
4.575301
3.916934
4.228994
5.084794
4.007259
4.392983
5.064718
4.111063
4.707302
5.193940
4.244353
4.728761
5.000831
4.158769
4.589099
4.784830
4.706826
4.745569
4.816219
4.942337
4.774213
5.182238
4.113663
3.523071
3.447339
2.392673
0.474387
0.350535
1.762606
2.621404
1.394873
1.559822
-0.599218
-0.069846
2.023210
1.136788
0.096028
3.342340
2.521932
0.732498
2.189078
2.386908
0.908915
2.023684
2.354437
1.042107
2.358123
2.546443
1.209010
1.400644
2.364709
1.321684
2.388067
2.517025
1.595641
2.253924
2.562390
1.800451
2.487911
2.623777
1.633512
1.867823
2.150048
1.722421
1.798802
2.142257
1.840225
1.810287
2.207182
1.993583
1.919098
2.378899
2.051877
1.800260
2.443809
1.913957
1.676065
2.399387
1.878471
1.601653
2.384107
1.825723
1.537163
2.458582
1.769574
1.497952
2.641980
1.651552
2.790045
3.190599
1.747727
3.079450
3.275170
3.884993
3.232236
3.202325
3.788162
3.502996
3.439559
4.214782
8.545749
7.819940
7.622157
7.387350
7.073682
7.170199
7.167386
7.093230
7.332865
7.257647
7.601257
7.886228
7.428598
7.425705
7.818719
7.470566
7.443828
7.753257
7.413462
7.439731
7.753748
7.417592
7.537238
7.867433
7.538734
7.529936
7.802437
7.496632
7.502556
7.756705
7.443322
7.541076
7.784507
7.483884
7.575875
7.881568
7.562145
7.640416
7.906108
7.589062
7.718695
7.997955
7.655623
7.776801
8.139575
7.750259
7.910266
8.453151
7.825753
8.035417
8.948225
7.864593
8.526594
8.818980
7.976788
8.371997
8.593261
7.835979
7.727970
7.946114
7.431774
7.422174
7.615736
7.189573
7.469579
7.710744
7.158907
7.045875
7.495376
7.604787
7.875592
8.604729
10.204380
10.216902
10.132921
9.432398
9.493108
9.706717
9.532253
10.037480
10.208640
10.011594
10.658849
11.072515
10.597019
10.886244
11.408245
11.026804
10.922550
11.275239
10.792835
11.022640
11.371206
10.917454
11.415887
11.952561
11.455543
11.487960
11.793245
11.348775
11.420418
11.694688
11.193792
11.625214
11.883972
11.437221
11.818335
12.319088
11.811727
12.076858
12.424562
11.961072
12.352633
12.742209
12.300336
12.709943
13.172088
12.739639
13.215318
13.788622
13.128119
13.521150
14.286205
13.383794
14.116301
14.515795
13.740062
14.303123
14.647951
13.837470
14.034398
14.316173
13.616608
13.899693
14.166431
13.616425
14.211887
14.665238
14.158178
14.366286
14.948466
14.892327
15.430592
16.096085
10.544361
10.612055
10.761642
10.280968
10.366012
10.686387
10.337193
10.574908
11.011091
10.683820
11.206776
11.618063
10.884751
11.155034
11.637472
11.013718
11.277339
11.700692
11.068556
11.360024
11.786281
11.181198
11.533911
11.962450
11.359098
11.630002
12.021596
11.430296
11.711101
12.091602
11.510930
11.848283
12.221685
11.662029
11.995746
12.407661
11.839020
12.162885
12.551455
11.985811
12.340071
12.738882
12.171572
12.528122
12.971212
12.385492
12.771797
13.316144
12.649002
13.075194
13.885178
12.792117
13.537413
13.914274
12.982353
13.539534
13.857219
12.909842
13.111204
13.432304
12.633760
12.903767
13.225578
12.657679
13.127168
13.460852
12.684590
12.881195
13.391104
13.277263
13.731854
14.406155
9.561602
9.460793
9.514176
9.067777
9.132110
9.381748
9.099503
9.322221
9.693371
9.462342
9.977679
10.332489
9.685462
9.953964
10.380683
9.831660
10.093883
10.464366
9.923482
10.214437
10.588154
10.059630
10.412073
10.789688
10.270248
10.541040
10.881642
10.362780
10.643535
10.972816
10.457736
10.795061
11.116669
10.615617
10.949312
11.309285
10.799549
11.123396
11.459927
10.953970
11.308217
11.654848
11.146282
11.502825
11.893783
11.369670
11.755972
12.248491
11.646788
12.072985
12.836958
11.854493
12.599808
12.921552
11.992125
12.549360
12.807845
11.851602
12.053097
12.317776
11.564379
11.834616
12.090161
11.489507
11.957124
12.220452
11.427641
11.612807
12.050601
11.949544
12.399675
13.073493
2.383859
1.646192
2.419693
1.767292
2.325666
1.837724
1.506514
1.408573
4.335605
1.759566
1.946621
2.422666
2.184173
1.610570
1.212826
1.826886
2.683187
1.297011
0.797199
1.538849
3.035471
1.873614
1.532999
2.249686
2.491811
3.024235
1.365296
1.559731
3.983237
1.477307
0.520420
1.326331
2.972020
2.444664
1.307892
2.080252
3.455697
2.597674
0.902394
1.305371
4.423560
2.013186
0.492590
1.232188
4.134943
3.178092
1.429346
2.194817
3.956806
2.597424
0.813854
1.496051
4.683876
2.280318
0.478241
1.256077
4.709494
3.582657
1.445043
2.154540
4.560308
2.873738
0.767192
1.450799
5.238096
2.611804
0.451846
1.215951
5.344362
3.835267
1.389029
2.127054
5.151758
3.142283
0.722946
1.433002
5.811692
2.924423
0.438456
1.195646
5.944553
4.105125
1.355264
2.103380
5.761088
3.444786
0.717499
1.428121
6.406981
3.263173
0.447035
1.186642
6.529878
4.389977
1.330075
2.077738
6.298425
3.723017
0.680141
1.386157
6.955143
3.570359
0.439276
1.161676
7.098861
4.667787
1.301806
2.047525
6.860533
4.011113
0.664050
1.364755
7.529910
3.864499
0.428741
1.143609
7.667055
4.938775
1.277220
2.026890
7.407739
4.281795
0.641565
1.343505
8.122530
4.134997
0.419563
1.125775
8.240755
5.196299
1.265406
2.014817
7.969163
4.544840
0.643637
1.341422
8.783638
4.366489
0.407476
1.112478
8.821046
5.405805
1.246628
2.000305
8.521245
4.762097
0.640014
1.334404
9.680110
4.565332
0.408700
1.109547
9.427758
5.561457
1.226455
1.988330
9.054314
4.926159
0.633626
1.326763
10.594269
4.710349
0.407507
1.105391
10.091625
5.659631
1.206776
1.976486
9.540668
5.035809
0.626230
1.316701
10.101494
4.792899
0.394322
1.084724
10.924388
5.711684
1.188909
1.969231
9.949504
5.104514
0.621439
1.307080
10.103056
4.819522
0.357872
1.049748
12.848585
5.756728
1.189603
1.990775
10.281550
5.149212
0.622834
1.299927
10.259955
4.874242
0.368333
1.053335
11.556224
5.746607
1.141877
1.988965
10.544519
5.172427
0.620890
1.285975
10.460040
4.909305
0.358520
1.058811
11.533095
5.732886
1.152664
1.902055
10.776222
5.182424
0.619662
1.252255
10.676937
4.945185
0.373304
1.052688
11.670294
5.801284
1.172529
1.971697
11.017092
5.237695
0.629049
1.302557
10.895830
4.978822
0.353596
1.040811
11.871828
5.901411
1.216270
1.990468
11.248390
5.268243
0.616111
1.288970
11.244406
5.085137
0.441665
1.081139
12.123669
6.071547
1.255044
1.963433
11.553636
5.374658
0.612084
1.262687
11.616666
4.991707
0.416443
1.067422
12.377020
5.525728
1.063728
1.813087
12.012531
4.791085
0.467296
1.096760
12.540136
4.275226
0.314538
0.868288
13.162771
4.945055
1.139940
1.847331
13.295975
5.498724
1.211326
1.391930
12.808819
4.373893
0.869724
2.287139
13.136532
5.036039
1.539634
3.684328
1.789257
4.699029
5.069281
-0.780193
1.826092
4.824596
4.218257
-0.997998
3.400563
4.444278
4.039152
-0.434438
1.304585
3.905614
3.137334
-1.289034
1.938692
3.734038
2.884632
-1.358595
2.571568
4.550044
3.663913
-0.457281
2.177674
5.280367
4.459096
-1.024073
3.544951
4.268709
2.854657
-1.258403
3.050258
5.383320
3.813472
-0.235629
3.498599
5.567234
3.611215
-0.985538
4.258685
4.912363
2.920582
-1.280632
3.997508
5.819251
3.672526
-0.553109
3.747381
5.181342
2.977649
-1.386227
4.475095
4.971394
2.718430
-1.593671
4.716998
6.300319
3.733805
-0.619932
4.516162
5.510132
2.966243
-1.420357
5.199685
5.337528
2.696239
-1.630012
5.464282
6.529756
3.632733
-0.725504
5.200334
5.739189
2.847691
-1.554459
5.856113
5.604605
2.631062
-1.796328
6.151965
6.754322
3.546042
-0.878130
5.931345
5.999407
2.807381
-1.626369
6.559936
5.926724
2.608827
-1.869659
6.848164
7.045080
3.511724
-0.973832
6.558642
6.289175
2.747192
-1.784755
7.211685
6.214902
2.562346
-2.005227
7.520404
7.298812
3.439105
-1.110572
7.240273
6.552196
2.696226
-1.884914
7.904670
6.496786
2.520789
-2.083951
8.206554
7.563642
3.383787
-1.189531
7.910108
6.822337
2.642797
-1.962274
8.618405
6.775204
2.497151
-2.150585
8.912219
7.828842
3.356595
-1.234780
8.617679
7.091498
2.637145
-1.975570
9.424970
7.040767
2.493359
-2.155673
9.619823
8.061139
3.333625
-1.276764
9.297663
7.321727
2.622032
-2.013576
10.412971
7.269491
2.484975
-2.178992
10.348503
8.240698
3.290846
-1.320182
9.960841
7.505367
2.595108
-2.055508
11.435826
7.458113
2.475757
-2.203300
11.126835
8.381491
3.254723
-1.363212
10.579417
7.647311
2.568582
-2.114638
11.166238
7.547451
2.423733
-2.304466
12.042928
8.496393
3.217553
-1.398545
11.142499
7.780246
2.563907
-2.142726
11.385935
7.661198
2.406650
-2.342808
14.491318
8.680813
3.228289
-1.320643
11.628387
7.876805
2.540294
-2.208550
11.693841
7.736397
2.346283
-2.428873
13.096124
8.605582
2.999258
-1.430580
12.058404
7.951462
2.507678
-2.293228
12.053983
7.756279
2.207871
-2.525622
13.205883
8.543043
2.987035
-1.860968
12.448771
7.977103
2.463674
-2.480846
12.450356
7.930214
2.237614
-2.530852
13.583806
8.883074
3.041143
-1.536185
12.903109
8.243797
2.472288
-2.282804
12.898289
8.366909
2.330693
-2.451948
13.980729
9.137022
3.153498
-1.508685
13.259750
8.367341
2.467982
-2.360363
13.281644
8.168380
2.340048
-2.611713
14.404766
9.118641
3.213001
-1.670690
13.801472
8.506216
2.583132
-2.318541
14.232948
8.594716
2.659262
-2.016142
15.653342
9.675817
3.697238
-0.779943
15.240508
8.984257
3.155112
-1.467902
16.570532
9.335574
3.622468
-0.917614
18.194955
10.747816
4.970114
0.730708
18.541341
10.968241
5.179318
0.479444
17.899643
10.659151
4.988622
1.344962
18.757916
11.610724
5.950344
2.783738
5.596671
5.242789
4.859277
4.291441
3.789759
4.164676
4.197021
3.625210
4.128984
4.520757
3.889215
4.595407
3.953855
3.709223
4.595873
3.932002
3.740964
4.579640
3.934735
3.783194
4.604288
3.989269
3.838144
4.625363
4.005432
3.890463
4.656343
4.047580
3.927081
4.672583
4.067964
3.973147
4.714408
4.118789
4.035621
4.744848
4.151225
4.125445
4.777516
4.176859
4.221286
4.824181
4.194224
4.087694
4.909242
4.209301
4.048038
5.320253
4.219135
4.064959
5.164684
4.227532
4.237826
5.186159
4.293290
4.113630
4.903774
4.131131
3.829490
4.646110
3.925690
3.715133
4.585790
3.842278
3.666043
4.392949
3.670371
3.519365
4.420924
4.318859
3.986948
4.819387
0.624859
0.733373
0.656211
0.479603
-0.094673
0.471627
1.714475
-0.350352
0.533411
0.795784
-0.108659
0.907572
0.257730
-0.313875
0.888108
0.092293
-0.385498
0.746395
-0.042073
-0.491534
0.592842
-0.168770
-0.626059
0.400222
-0.366655
-0.743063
0.281821
-0.479199
-0.845425
0.160434
-0.586718
-0.972991
0.021886
-0.714269
-1.083889
-0.141821
-0.861758
-1.204642
-0.270691
-0.981833
-1.321883
-0.414345
-1.115494
-1.459168
-0.556826
-1.235055
-1.575446
-0.671705
-1.339117
-1.660049
-0.835756
-1.349215
-1.687682
-0.693696
-1.125333
-0.800301
-0.222048
-1.118482
-1.700268
-1.159527
-1.927814
-2.535296
-1.826281
-2.550952
-3.076578
-2.330531
-3.063972
-3.397430
-2.348924
-3.054309
-2.191628
-1.774548
5.327755
4.443990
4.144276
4.795675
3.893791
4.040744
4.429381
3.737568
4.716819
4.444922
4.969379
5.685111
4.860652
4.346069
5.351641
4.800332
4.548773
5.354938
4.935162
4.518059
5.352581
4.974060
4.597937
5.278090
4.943332
4.574838
5.269041
4.974361
4.623151
5.275505
5.005539
4.624090
5.274856
5.012933
4.647830
5.269099
5.002841
4.666318
5.327154
5.016075
4.699350
5.403862
4.997883
4.720206
5.550652
4.961097
4.785220
5.918481
4.893450
4.948922
7.413227
4.797254
6.014438
6.409368
4.570316
4.607033
5.514403
4.438390
4.193603
4.891947
4.188325
3.802895
4.432028
3.832293
4.175769
4.661020
3.585692
2.616652
3.371946
4.207256
2.502682
3.297317
-0.047086
-0.238818
1.089962
0.470268
0.259264
1.213571
0.186453
-0.037754
0.938564
-0.050384
-0.326408
0.691246
-0.006650
-0.323860
0.608432
-0.117860
-0.407700
0.575011
-0.148085
-0.472198
0.510513
-0.175818
-0.579187
0.375162
-0.349286
-0.657335
0.340372
-0.372962
-0.688440
0.308557
-0.401744
-0.770059
0.229646
-0.465423
-0.835017
0.117871
-0.562612
-0.930152
0.047276
-0.631284
-1.033040
-0.059131
-0.724844
-1.107051
-0.193074
-0.843428
-1.240030
-0.438386
-0.954806
-1.362467
-0.632805
-1.035901
-1.605604
-0.674243
-1.131061
-1.594924
-0.612700
-1.086991
-1.394537
-0.405351
-1.018190
-1.331873
-0.335525
-1.006299
-1.383682
-0.434895
-0.968232
-1.125979
0.082567
-0.560226
0.712737
2.325269
9.008384
8.549652
9.025282
8.580660
1.906523
2.833873
7.668152
6.878773
1.637208
8.065042
8.682407
1.906630
7.352300
7.569321
1.898458
6.504044
7.170410
1.948714
7.255106
7.497594
1.988760
3.850404
6.193910
2.019806
6.541782
6.806125
1.997960
5.648736
5.970235
1.996149
5.621115
5.888290
2.122086
4.068239
4.736761
2.172131
3.499074
4.348205
2.223118
3.147515
4.081759
2.280749
2.852530
3.992604
2.396647
2.698697
4.339921
2.629676
2.604668
4.786198
2.735621
2.554797
5.260000
2.835512
2.571941
5.676329
2.752962
2.702591
6.089710
2.485722
7.001128
7.071042
2.372125
9.170993
9.635048
9.713689
9.830352
9.529571
9.066556
8.756562
7.654131
7.123017
10.594838
10.108235
10.612210
10.250403
1.795037
2.846891
8.937495
8.065221
1.350281
9.350600
9.990800
1.509138
8.508526
8.683501
1.489701
7.384456
8.119706
1.510559
8.304172
8.493841
1.524202
3.959695
6.832382
1.527157
7.329328
7.578436
1.467207
6.161247
6.489275
1.429663
6.093297
6.352749
1.554524
4.097019
4.836073
1.583249
3.356892
4.322007
1.617907
2.892345
3.960676
1.661465
2.501103
3.839936
1.775220
2.281423
4.211724
2.024409
2.153162
4.792129
2.168631
2.078630
5.396940
2.291452
2.086361
5.913925
2.192232
2.246492
6.356769
1.855446
7.673308
7.746698
1.728169
10.325636
10.913065
10.840017
10.999075
10.713775
10.056479
9.765890
8.632319
7.838637
9.810926
9.497641
9.480943
9.238634
1.332815
2.300042
8.097863
7.122880
0.996674
8.745464
9.043392
1.180060
7.650724
7.831314
1.166086
6.594015
7.290652
1.177661
7.432943
7.621642
1.193269
3.397663
6.107502
1.194004
6.528184
6.756931
1.179891
5.453652
5.798703
1.172371
5.427028
5.668724
1.209551
3.518167
4.207512
1.233854
2.839577
3.737305
1.271347
2.421164
3.418802
1.326783
2.094080
3.352057
1.417495
1.856779
3.673143
1.557193
1.699559
4.148737
1.666958
1.601079
4.643839
1.747573
1.577022
5.103691
1.649263
1.701030
5.528425
1.332021
6.710120
6.877575
1.239264
9.079089
9.691657
9.762533
9.836874
9.714540
9.375156
9.215988
8.609832
8.237363
1.567053
0.377190
0.682064
0.063053
0.421564
0.118011
0.845089
0.138512
0.508127
1.447370
3.267387
0.607145
0.709461
1.704065
0.941382
0.893080
2.005581
0.972275
0.896805
2.106641
0.968547
0.835675
1.537585
1.071423
0.894498
1.694551
0.846216
0.847933
1.340015
0.770764
0.631037
1.302934
1.193700
0.841633
1.512817
1.198257
0.808739
1.517635
1.195606
0.789359
1.546409
1.144154
0.688071
1.685844
1.243332
0.853882
2.756603
1.477070
1.218160
2.455845
1.671047
1.538686
2.274252
1.837502
1.780576
2.442949
1.971542
1.783368
3.274890
2.042096
1.848449
1.448192
2.023900
3.564111
4.104522
5.719675
10.784590
10.313087
11.386943
11.844111
10.761005
12.566615
47.130213
45.410703
42.746433
41.169424
40.710410
39.603452
40.617484
43.513530
41.032342
41.733014
43.442029
43.520364
44.702643
45.083017
45.695500
47.691170
44.057109
43.413477
44.760324
44.363848
43.513281
44.279009
46.147834
47.434456
47.941829
45.776751
45.024923
46.777936
44.988583
44.002311
44.825408
46.289102
45.172915
45.981306
46.976062
48.112246
48.410282
48.271798
47.974834
48.892465
49.749016
49.740394
50.787858
51.910434
51.985196
53.130706
54.695377
54.721062
55.401256
55.745160
55.304186
56.536320
57.395696
57.290920
58.571981
59.453371
59.341689
60.836602
61.266197
60.437468
61.617178
62.288780
61.235577
62.419925
64.444622
65.064140
67.404264
68.001762
68.216754
69.649348
71.360409
71.866352
-1.317800
0.000000
0.000000
0.000000
0.000000
0.000000
-0.702221
1.539300
1.253929
1.400004
2.373376
1.941239
2.067492
2.103582
2.066823
2.082233
2.095513
2.125518
2.175372
2.228404
2.299405
2.406596
2.680537
2.615498
2.588546
2.636794
2.774696
2.299265
2.624308
2.660694
2.425115
-1.320953
-1.438254
-1.341219
-0.451244
-0.775135
-0.660624
-0.613207
-0.634812
-0.609919
-0.593971
-0.561067
-0.501601
-0.446953
-0.377488
-0.277452
-0.028995
-0.072395
-0.086972
-0.036923
0.089067
-0.324837
-0.049264
0.147409
-0.118873
1.472363
1.272116
1.330327
2.184520
1.887160
2.024846
2.102591
2.116906
2.187347
2.245893
2.341378
2.449168
2.512366
2.579684
2.659824
2.895277
2.874981
2.858780
2.900049
3.040801
2.724981
3.332326
3.755765
3.678817
4.396326
4.565058
4.173034
4.072798
3.757898
3.513133
3.245159
3.015300
2.741238
2.463982
2.206781
1.998138
1.843595
1.710290
1.279464
1.373043
0.690988
-0.100204
-0.679458
-1.234576
-1.797991
-2.183952
-2.231704
-2.400705
4.430397
4.464085
5.085857
3.684134
3.528752
4.255974
3.821348
3.613872
4.076893
3.781032
3.631430
4.058651
3.157931
3.090661
3.789983
2.916182
2.875868
3.525769
2.649440
2.603474
3.244136
2.333719
2.320850
2.988632
2.095716
2.064492
2.687072
1.798939
1.759028
2.402987
1.515274
1.505708
2.181101
1.270715
1.293197
1.948123
1.036765
1.143592
1.739692
0.811309
1.013674
1.551492
0.441524
0.439906
1.292939
0.314194
0.270043
1.681909
-0.210814
-0.281616
0.805857
-0.671296
-0.657987
0.213352
-1.077982
-1.106690
-0.249056
-1.486700
-1.587600
-0.786922
-1.921192
-2.161412
-1.289273
-2.265804
-2.340266
-1.385350
-2.487393
-2.587777
-1.810347
-2.599156
-4.245933
-3.914406
0.722766
0.819114
1.295399
2.129275
2.388203
2.603683
2.938391
2.957682
3.354117
3.492286
3.686279
3.731567
3.876672
4.044777
4.143365
4.422627
4.549642
4.687870
4.667177
4.451301
4.577965
4.759660
3.624977
0.584891
1.434604
1.506205
2.193428
1.051528
0.974316
1.827676
1.668097
1.425103
2.215259
2.106732
1.977518
2.771972
1.945141
1.883119
2.810451
2.018956
1.980026
2.870901
2.150452
2.103600
2.992955
2.069644
2.049115
2.926770
2.252097
2.225416
3.096878
2.255806
2.237712
3.109472
2.318929
2.308981
3.182351
2.298050
2.306675
3.170856
2.335888
2.387706
3.222611
2.387067
2.486823
3.293132
2.395146
2.391863
3.351619
2.518232
2.483154
3.733038
2.512057
2.476353
3.595079
2.538251
2.572736
3.511972
2.470370
2.491261
3.457930
2.352868
2.299001
3.231265
2.351852
2.249032
3.197937
2.382479
2.366275
3.334598
1.449573
1.382605
2.237326
-0.207000
-1.306070
-0.810746
9.251174
5.694341
10.155888
10.776058
9.646560
9.044496
6.990861
9.140415
9.763137
8.885276
9.283561
7.281602
9.533576
10.455055
9.398485
9.872015
7.624723
9.960346
10.796904
9.930704
10.262904
8.101224
10.634818
11.325717
10.458243
10.361486
8.220766
10.956879
11.288832
10.277589
10.268719
8.005165
10.578206
11.198984
10.196867
10.528679
8.281742
10.829051
11.655290
10.820383
10.701810
8.530349
11.270794
11.730669
10.670092
10.537683
8.281090
11.015195
11.508559
10.447845
10.524023
8.260838
10.868342
11.655376
10.587256
10.731024
8.547574
11.229067
11.973798
11.083219
10.941659
8.869103
11.668721
12.312180
11.246774
11.093330
9.055742
11.915988
12.651146
11.586448
11.381818
9.454466
12.432399
13.189303
12.089252
11.818024
9.969374
13.089292
13.887323
12.730232
12.178697
10.291960
13.521883
14.214564
12.998226
12.506020
10.581881
13.897103
14.664811
13.399846
12.689863
10.995108
14.434273
15.186573
13.864602
12.485321
11.276621
14.836212
15.515305
14.097004
12.180632
11.371332
14.945908
15.652834
14.204353
12.284053
11.687571
15.305404
16.151253
14.814849
12.530313
12.358008
16.287039
16.980076
15.487186
13.249736
13.410344
17.506949
18.318806
18.884409
6.476159
4.009040
6.565936
4.160888
7.044713
4.804095
6.019334
3.528847
5.721137
3.371487
6.662983
4.351034
6.519872
4.164028
5.951615
3.684897
6.845813
4.653891
6.730982
4.251745
6.309760
3.939579
7.185027
4.891061
6.477558
4.247584
6.271335
4.115725
7.289308
5.172389
6.358636
4.239922
6.187546
4.136235
7.162123
5.161573
6.165249
4.131384
5.992282
4.029210
6.948466
5.041654
6.101247
4.247305
5.985257
4.178126
6.942800
5.187289
6.057417
4.305954
5.910061
4.228172
6.846900
5.225917
5.785440
4.168032
5.642840
4.094209
6.586315
5.095182
5.623507
4.158537
5.479668
4.082359
6.420406
5.082160
5.543622
4.275412
5.413271
4.208684
6.361717
5.206845
5.455272
4.371784
5.348872
4.322846
6.283840
5.310645
5.353440
4.459614
5.269633
4.425257
6.187530
5.398430
5.317720
4.633938
5.184683
4.563488
6.175508
5.585267
5.356320
4.867667
5.215872
4.788228
6.349912
5.905541
5.333482
4.964020
5.208021
4.889859
6.267280
5.930049
5.294510
5.086064
5.227507
5.025883
6.212375
6.046952
5.206948
5.263536
5.187917
5.254419
6.106578
6.237014
4.890544
5.377466
4.754797
5.310490
5.631643
6.265396
4.521586
5.373398
4.289536
5.240682
5.200988
6.226888
4.364716
5.499510
4.170342
5.369534
5.148558
6.375572
4.163853
5.691779
3.925519
5.538098
4.803428
6.424013
4.345895
6.171274
3.222672
5.154425
3.722339
5.672086
9.508647
9.920318
10.089155
10.554286
10.616831
10.688854
10.708276
10.808265
10.891092
10.939004
11.033049
11.175993
11.332005
11.479309
11.658243
11.892390
12.248440
12.414672
12.501006
12.347221
12.084594
12.343573
12.334049
12.907899
7.053323
7.231624
7.806292
7.050068
6.849960
7.848463
7.454342
7.153640
8.191217
7.824244
7.532612
8.354282
7.418776
7.284773
8.374975
7.451231
7.347963
8.330743
7.391200
7.207662
8.203158
7.290490
7.234129
8.213218
7.302417
7.164098
8.136502
7.224971
7.157959
8.154228
7.259805
7.197880
8.214668
7.322871
7.293619
8.316536
7.412766
7.401818
8.412900
7.497353
7.510024
8.510565
7.587722
7.554917
8.640893
7.699697
7.662295
8.915529
7.857724
7.832566
9.125214
7.881425
7.901324
8.343153
7.572923
8.018822
9.221751
7.990110
8.119623
9.220418
8.092806
7.969441
8.907463
8.315393
8.765911
9.969961
8.795802
8.782116
9.830870
9.441601
8.237146
8.853850
7.879548
8.340316
8.533355
9.104336
9.248595
9.373938
9.492459
9.656376
9.823692
9.927827
10.059032
10.219477
10.392527
10.558555
10.753828
11.011057
11.400847
11.730305
11.691517
11.360954
11.062261
11.070850
10.851654
11.303846
4.536012
5.191721
5.841328
5.084731
4.914689
5.927233
5.637233
5.383243
6.406659
6.199413
6.071894
6.991625
6.119812
6.037115
7.113905
6.240495
6.215366
7.235387
6.391315
6.339849
7.348379
6.466960
6.480574
7.481515
6.655997
6.629594
7.611762
6.750133
6.731220
7.718617
6.876303
6.856002
7.842484
6.979331
6.973469
7.970815
7.095777
7.114396
8.103644
7.215152
7.258565
8.238565
7.339269
7.338340
8.405581
7.484224
7.486681
8.729734
7.689569
7.729690
9.050289
7.840464
8.064783
9.058927
7.835811
7.918312
8.957894
7.646235
7.672646
8.649736
7.542119
7.455045
8.437500
7.533744
7.564225
8.606743
7.347369
7.196025
8.134134
7.735300
6.377130
6.915529
-0.333463
-0.067283
0.711354
0.652808
-0.302606
-0.591887
-0.223766
0.032695
-0.206459
-0.291435
0.222189
0.238699
0.135524
0.248074
0.743628
0.611405
0.011564
-0.068979
0.583014
0.514164
0.001166
-0.100761
0.567365
0.521518
0.065218
0.002998
0.653926
0.593823
-0.077424
-0.258363
0.489662
0.490854
0.063281
0.001625
0.646871
0.640552
0.050156
-0.037008
0.632515
0.649340
0.069841
0.007218
0.653794
0.634716
-0.049581
-0.175509
0.489788
0.561892
-0.058391
-0.193012
0.479910
0.569879
-0.046475
-0.181916
0.497744
0.597968
-0.013692
-0.139312
0.545678
0.627723
0.006863
-0.134491
0.568673
0.624944
-0.013813
-0.160557
0.554695
0.610772
-0.020726
-0.173497
0.550240
0.602079
-0.016464
-0.172121
0.568273
0.600358
-0.000211
-0.155186
0.611323
0.601839
0.151876
0.165545
0.850482
0.746792
0.456291
0.499979
1.151627
1.288264
0.414837
0.302429
0.932690
1.100293
0.396988
0.346468
0.970661
1.532191
0.299489
0.343007
1.181855
-0.262135
-0.218618
0.620230
-0.015518
0.027999
0.866847
0.478564
0.522081
1.360929
0.144635
0.188152
1.027000
0.149384
0.192902
1.031750
0.160381
0.203899
1.042747
-0.017582
0.025935
0.864783
0.040311
0.083828
0.922676
-0.054997
-0.011479
0.827369
-0.055463
-0.011945
0.826903
-0.105913
-0.062396
0.776452
-0.130692
-0.087175
0.751673
-0.142440
-0.098922
0.739926
-0.139977
-0.096460
0.742388
0.017887
0.061405
0.900253
0.013826
0.057343
0.896191
0.027002
0.070519
0.909367
0.061330
0.104847
0.943696
0.111365
0.154882
0.993730
0.012745
0.056262
0.895110
0.256719
0.300236
1.139084
-1.128962
-1.085444
-0.246596
-1.800715
-1.757198
-0.918350
3.592659
3.347936
3.902246
2.743763
2.703375
3.007583
3.215811
2.938482
3.390571
3.643709
4.117278
3.318509
2.796587
2.869192
3.314045
2.822300
3.007571
3.169174
2.697887
2.944880
2.946431
2.429130
2.393925
2.812519
2.310279
2.497177
2.348327
2.044805
1.929618
2.017361
1.662244
1.812529
2.430857
1.892005
2.031248
2.355339
1.737895
1.937702
2.228525
1.580546
1.823330
2.046485
1.271805
1.541712
2.061376
1.512882
2.144922
2.718258
1.730035
2.153964
2.677609
1.905004
2.262885
2.691846
2.050706
2.378073
2.808295
2.161588
2.650854
2.818062
2.112066
1.356676
2.467998
2.581655
2.805574
3.877487
2.035757
1.904194
2.687972
1.715530
-0.011490
0.479341
4.354341
3.907715
4.065471
3.283212
3.370975
3.169204
3.754182
3.513664
3.594690
4.441210
5.428342
3.556427
3.508512
3.922400
3.599471
3.618330
4.159593
3.527818
3.551933
4.177389
3.362629
3.296009
3.538471
3.296470
3.264107
3.725537
2.850008
3.032290
3.128021
2.548755
2.667731
3.051493
3.082599
2.978239
3.350200
3.060205
2.853548
3.251307
2.965093
2.727371
3.129946
2.796948
2.459278
3.041232
2.846092
2.800733
3.971378
3.355840
3.183190
4.021496
3.600322
3.506059
4.122183
3.829489
3.790298
4.380157
4.050169
3.966404
4.973615
4.224229
4.040782
3.389908
3.950108
4.737885
5.088409
5.822362
4.132656
4.160689
4.767380
3.958689
2.959388
3.838690
-4.005219
-4.068544
-4.552966
-3.100881
-2.934399
-3.365272
-3.081973
-3.134316
-2.942723
-3.056959
-2.827916
-2.735369
-2.165187
-2.107415
-2.304514
-1.736635
-1.681948
-1.856914
-1.289175
-1.225599
-1.403132
-0.749067
-0.747939
-0.956709
-0.364551
-0.314583
-0.492559
0.128407
0.177555
-0.022245
0.603335
0.621217
0.408826
1.088535
1.053648
0.851222
1.551213
1.375448
1.276053
2.014487
1.674655
1.677458
2.551099
2.589205
2.052068
3.000337
3.161892
1.644553
3.640869
3.849829
3.012344
4.263745
4.403149
3.769365
4.876711
5.071769
4.505346
5.548199
5.803626
5.273570
6.143181
6.484551
5.929739
6.687895
6.893667
6.192346
7.153534
7.243367
6.801085
7.478840
9.730230
9.855377
-1.394282
-1.510301
-1.827996
-0.990604
-0.842760
-1.408553
-1.541566
-1.121557
-1.585050
-1.617150
-1.371153
-1.840104
-1.201019
-1.062629
-1.742324
-1.156402
-1.057187
-1.678686
-1.096978
-0.985060
-1.602873
-0.976960
-0.901494
-1.503386
-0.934962
-0.855401
-1.443825
-0.842584
-0.773114
-1.363881
-0.788208
-0.732706
-1.330360
-0.737330
-0.711881
-1.292215
-0.690965
-0.737347
-1.271459
-0.654246
-0.778756
-1.264670
-0.590014
-0.548112
-1.285112
-0.603284
-0.512639
-1.714681
-0.512089
-0.418795
-1.407304
-0.431368
-0.449870
-1.164152
-0.335966
-0.321790
-1.062744
-0.255311
-0.126915
-0.814799
-0.053056
0.155275
-0.568830
0.073881
0.165274
-0.568074
0.620472
0.813471
0.313126
1.145184
3.158349
3.274638
-3.100525
0.161054
-3.227066
-0.094757
-3.105196
-0.320214
-2.476316
0.359989
-1.978196
0.648368
-2.617995
-0.133687
-3.069460
-0.412423
-2.088707
0.453791
-2.668072
-0.325603
-2.924504
-0.288977
-2.159157
0.306258
-2.699013
-0.435357
-2.154187
0.144596
-1.761013
0.420698
-2.524631
-0.482994
-1.853389
0.200569
-1.510904
0.430064
-2.205475
-0.424467
-1.546160
0.254107
-1.204835
0.481259
-1.868839
-0.350783
-1.146263
0.352206
-0.888942
0.532059
-1.556763
-0.294937
-0.916103
0.363662
-0.615450
0.549716
-1.249747
-0.258758
-0.541453
0.439740
-0.246621
0.621263
-0.891714
-0.193419
-0.207191
0.486054
0.089164
0.674005
-0.553034
-0.140692
0.167638
0.556422
0.444388
0.730268
-0.206831
-0.078079
0.530312
0.626313
0.772986
0.774264
0.141214
-0.021250
0.896175
0.692502
1.107891
0.822905
0.502280
0.049609
1.269059
0.768083
1.549377
0.945567
0.842996
0.110193
1.618692
0.828280
1.908076
1.016470
1.008013
0.062519
1.994380
0.916144
2.263947
1.097205
1.488650
0.265354
2.356623
0.985612
2.557570
1.163749
1.851742
0.327727
2.688727
1.028803
2.778197
1.099679
2.196863
0.336242
3.142850
1.108802
3.427091
1.277356
2.909961
0.553039
3.668653
1.247915
4.106065
1.521235
3.520124
0.740317
4.157695
1.381114
4.543498
1.668303
3.855956
0.869077
4.774539
1.665866
5.204796
1.990641
4.703098
1.422977
5.335557
2.031019
7.200891
3.815424
7.337573
3.867112
-4.341985
-4.598708
-4.641502
-4.127443
-3.782572
-4.512235
-4.627343
-4.150106
-4.966529
-4.926657
-4.404654
-4.829401
-4.197177
-3.933209
-4.803288
-4.179878
-3.959793
-4.645871
-4.011590
-3.651502
-4.362104
-3.730271
-3.584211
-4.270605
-3.663123
-3.376680
-4.050507
-3.461825
-3.298910
-4.016327
-3.429438
-3.277869
-4.035880
-3.426143
-3.327879
-4.095650
-3.467152
-3.391485
-4.144122
-3.493630
-3.449993
-4.190169
-3.500354
-3.399373
-4.260215
-3.521794
-3.421240
-4.513091
-3.504662
-3.421627
-4.611673
-3.374875
-3.350165
-3.060884
-2.767647
-3.502935
-4.577378
-3.736669
-3.935552
-4.838171
-4.125857
-3.885891
-4.498839
-4.430255
-5.192831
-6.255160
-5.384525
-5.308111
-6.063875
-5.744431
-3.627833
-3.678461
-0.853059
-1.953359
-2.134677
-1.764454
-1.482852
-2.244281
-2.576771
-2.169687
-2.985134
-3.201259
-2.983942
-3.606965
-3.051970
-2.875189
-3.745903
-3.185513
-3.103208
-3.880091
-3.371816
-3.245367
-4.004799
-3.404597
-3.374945
-4.120345
-3.628316
-3.540522
-4.255933
-3.727827
-3.648836
-4.371349
-3.856679
-3.775461
-4.497838
-3.929038
-3.868478
-4.605712
-4.019901
-3.994578
-4.722926
-4.111318
-4.121174
-4.838596
-4.182507
-4.133339
-4.979398
-4.262860
-4.225849
-5.329315
-4.327762
-4.355570
-5.633191
-4.377092
-4.723410
-5.457393
-4.368665
-4.436299
-5.240226
-4.300644
-4.301672
-5.002960
-4.314643
-4.135004
-4.853950
-4.284250
-4.296164
-5.093370
-4.128413
-3.829786
-4.435063
-4.154886
-1.815968
-1.761736
1.150236
1.668983
1.141417
2.226171
2.085379
2.301188
1.880613
1.927854
1.657062
1.096572
-0.005576
1.989389
2.191860
1.967598
1.932054
2.075101
1.685427
2.118998
2.227933
1.708342
2.436779
2.591948
2.653531
2.605464
2.766850
2.378826
3.382106
3.171267
3.362312
3.932441
3.814775
3.520872
3.099587
3.298033
3.069260
3.189088
3.520845
3.268502
3.394186
3.758738
3.525806
3.720005
4.238892
3.747005
3.694455
3.725611
2.516542
2.921081
3.146274
2.303268
2.516377
2.669713
2.053812
2.152152
2.248905
1.661420
1.783448
1.936599
0.961161
1.483694
1.863242
3.060633
1.886843
0.831676
0.331245
-0.655881
1.837140
1.908786
1.236775
2.349826
3.463750
2.658819
-9.443007
-9.734791
-8.485505
-9.114809
-9.318379
-9.747916
-8.105062
-8.837197
-10.331409
-9.680073
-8.208402
-9.316806
-8.857343
-9.399102
-7.725149
-8.671591
-9.014733
-9.226555
-7.513099
-8.415447
-9.454922
-9.593662
-7.931948
-9.037471
-9.319466
-10.081784
-8.000412
-8.814017
-9.809163
-9.364940
-7.484696
-8.392102
-9.449461
-9.807963
-7.865771
-8.959820
-10.108143
-10.129645
-7.996705
-8.940014
-10.715056
-9.983825
-7.903705
-8.990012
-10.338745
-10.225999
-8.067966
-9.265612
-10.099892
-9.934926
-7.762952
-8.750641
-10.659089
-9.945291
-7.764102
-8.796755
-10.676282
-10.390333
-8.091406
-9.264265
-10.488373
-10.074374
-7.785211
-8.781476
-11.040276
-10.114621
-7.804384
-8.847648
-11.076804
-10.516696
-8.106688
-9.297971
-10.854270
-10.197744
-7.796161
-8.807750
-11.407833
-10.261000
-7.834284
-8.882400
-11.455373
-10.645619
-8.126995
-9.328475
-11.177579
-10.297064
-7.784876
-8.789130
-11.724916
-10.375191
-7.829363
-8.864292
-11.823678
-10.780313
-8.149608
-9.358316
-11.566013
-10.460041
-7.834182
-8.854932
-12.058830
-10.506950
-7.848381
-8.877601
-12.191537
-10.916363
-8.176154
-9.392273
-11.910047
-10.586116
-7.851116
-8.873866
-12.412907
-10.637738
-7.869335
-8.903347
-12.554967
-11.048524
-8.201598
-9.430226
-12.265258
-10.720041
-7.879244
-8.914273
-12.780518
-10.763898
-7.894402
-8.933747
-12.897099
-11.160190
-8.215777
-9.448815
-12.575207
-10.815996
-7.880547
-8.912790
-13.197846
-10.885096
-7.926936
-8.981151
-13.265108
-11.269829
-8.242304
-9.489414
-12.895431
-10.905826
-7.889956
-8.924483
-13.702823
-10.970491
-7.940059
-8.996229
-13.639582
-11.354523
-8.262661
-9.523480
-13.209023
-10.978996
-7.900731
-8.939261
-14.225450
-11.041782
-7.957265
-9.018094
-14.046533
-11.420128
-8.284237
-9.559597
-13.503495
-11.037483
-7.915589
-8.959683
-14.001909
-11.090025
-7.969809
-9.036752
-14.538745
-11.467366
-8.304038
-9.594520
-13.758271
-11.082070
-7.931725
-8.980246
-14.132043
-11.179726
-8.034869
-9.135705
-15.613128
-11.500457
-8.317702
-9.619693
-13.947041
-11.103377
-7.935127
-8.979932
-14.184433
-11.172925
-8.010063
-9.096753
-14.915470
-11.481619
-8.284076
-9.614424
-14.106012
-11.120100
-7.940644
-8.980432
-14.274127
-11.158526
-7.978506
-9.064236
-14.908699
-11.475121
-8.290079
-9.548016
-14.249747
-11.130002
-7.945809
-8.965246
-14.417568
-11.193758
-7.999058
-9.090500
-14.988181
-11.514994
-8.298389
-9.611620
-14.389938
-11.163336
-7.952001
-9.010978
-14.694129
-11.330935
-8.104788
-9.245182
-15.093536
-11.562470
-8.320243
-9.620050
-14.605302
-11.242359
-8.012337
-9.094495
-14.665574
-11.221936
-7.996719
-9.048102
-15.224079
-11.615446
-8.333370
-9.591125
-14.935965
-11.393381
-8.125967
-9.245075
-15.032977
-11.309036
-8.099770
-9.214412
-15.879792
-11.786672
-8.614192
-10.038772
-15.504669
-11.419457
-8.293360
-9.482671
-15.730491
-11.219499
-8.212100
-9.303450
-16.408930
-11.677276
-8.717831
-10.145949
-16.300999
-11.738413
-8.620656
-9.709942
-15.821189
-11.225759
-8.349994
-9.991280
-16.378052
-11.700556
-8.821848
-11.097302
-2.038527
-4.780088
-4.884641
1.496823
-2.126498
-5.022821
-4.072195
1.694460
-3.833400
-4.624553
-4.072682
1.103704
-1.515405
-4.176146
-3.147385
1.963446
-2.226945
-4.013190
-2.903493
2.022603
-2.850542
-4.843468
-3.776489
1.053209
-2.295877
-5.768413
-4.042217
1.740838
-3.885014
-4.509880
-2.870558
1.877583
-3.246876
-5.738622
-3.896813
0.777148
-3.655177
-5.849197
-3.530274
1.627880
-4.440189
-5.095143
-2.864828
1.964420
-4.150295
-6.167962
-3.727693
1.105507
-3.869389
-5.479643
-3.014555
1.947793
-4.635666
-5.200440
-2.710600
2.181724
-4.838079
-6.626709
-3.783054
1.135555
-4.600707
-5.801048
-3.002859
1.957362
-5.308479
-5.564717
-2.698220
2.199727
-5.546702
-6.860122
-3.698956
1.208222
-5.242645
-6.034429
-2.906958
2.052133
-5.922237
-5.834471
-2.639995
2.317965
-6.196425
-7.091313
-3.623616
1.314528
-5.945691
-6.323953
-2.893984
2.078053
-6.597037
-6.170352
-2.635855
2.351066
-6.856919
-7.375974
-3.589672
1.374759
-6.527210
-6.590277
-2.824476
2.198605
-7.209948
-6.460917
-2.602247
2.438784
-7.490862
-7.633837
-3.532260
1.467865
-7.166994
-6.863560
-2.788717
2.261193
-7.861517
-6.746839
-2.573129
2.489765
-8.132749
-7.895351
-3.486143
1.524341
-7.789493
-7.128517
-2.745724
2.317546
-8.533881
-7.018462
-2.553424
2.533646
-8.795691
-8.155906
-3.466972
1.550028
-8.454726
-7.401925
-2.752738
2.312449
-9.302268
-7.273768
-2.553629
2.531192
-9.459097
-8.373118
-3.441800
1.579538
-9.091209
-7.625391
-2.742664
2.332826
-10.276694
-7.485022
-2.547684
2.543939
-10.146931
-8.537292
-3.407096
1.609446
-9.707236
-7.797215
-2.724372
2.358515
-11.276946
-7.647993
-2.538582
2.559189
-10.888594
-8.652854
-3.374300
1.638753
-10.278298
-7.918881
-2.703358
2.395379
-10.873611
-7.731678
-2.501947
2.625417
-11.796746
-8.733598
-3.342902
1.658142
-10.780319
-8.019689
-2.700133
2.411383
-10.980138
-7.801251
-2.473808
2.663657
-14.055503
-8.847029
-3.345956
1.596583
-11.214459
-8.089226
-2.690323
2.444523
-11.228854
-7.867780
-2.449347
2.700702
-12.666861
-8.825374
-3.206982
1.641217
-11.572636
-8.136365
-2.673791
2.494855
-11.511161
-7.907451
-2.371214
2.736919
-12.704391
-8.774155
-3.200934
1.913471
-11.885427
-8.148886
-2.644845
2.612754
-11.824961
-7.998099
-2.395273
2.765230
-12.976484
-8.967365
-3.245994
1.728841
-12.236646
-8.295725
-2.647525
2.499615
-12.156756
-8.198191
-2.415329
2.749829
-13.274921
-9.108294
-3.308508
1.725179
-12.507813
-8.325841
-2.603203
2.588703
-12.515176
-8.116221
-2.437581
2.840768
-13.619273
-9.165843
-3.347699
1.831263
-12.964573
-8.450205
-2.668553
2.562439
-13.374596
-8.439745
-2.734906
2.314225
-14.695997
-9.446467
-3.752066
1.057995
-14.318698
-8.746059
-3.205923
1.719464
-15.631729
-8.967106
-3.662967
1.111784
-17.076045
-10.300649
-5.015216
-0.607012
-17.419087
-10.808329
-5.268085
-0.407619
-16.921526
-10.121957
-5.107477
-1.426908
-17.544958
-10.973537
-5.974904
-2.934407
-8.436034
-8.557281
-8.039612
-7.657830
-6.842238
-7.287483
-7.993956
-7.356933
-7.365368
-8.695421
-8.331091
-7.909475
-7.990029
-8.110730
-7.987652
-7.988258
-8.176230
-8.070529
-8.125377
-8.292182
-8.174032
-7.878809
-8.265669
-8.255579
-8.238115
-8.355732
-8.399696
-8.249643
-8.422785
-8.511479
-8.375308
-8.494180
-8.497917
-8.221928
-8.421738
-8.576176
-8.235736
-8.473777
-8.659640
-8.273151
-8.554695
-8.759334
-8.342413
-8.593953
-8.839368
-8.340302
-8.691388
-8.952325
-8.318971
-8.657917
-8.894716
-8.315208
-8.690797
-8.889834
-8.328837
-8.688712
-8.788459
-8.267106
-8.759802
-8.669033
-8.617872
-8.731172
-8.672794
-8.774945
-8.826407
-9.549173
-8.965805
-8.871941
-9.580267
-9.345203
-9.096701
-9.888350
-8.075721
-8.062305
-7.990902
-7.544625
-7.329334
-7.510401
-7.519998
-7.199015
-7.467883
-7.296806
-7.386257
-7.724051
-7.097993
-6.998515
-7.434394
-6.864790
-6.689892
-7.036234
-6.448712
-6.358715
-6.699844
-6.126196
-6.126017
-6.496003
-5.917969
-5.781234
-6.081275
-5.516569
-5.394369
-5.677567
-5.105081
-5.086009
-5.359881
-4.806171
-4.777207
-5.116532
-4.546232
-4.492499
-4.785642
-4.225288
-4.217555
-4.522313
-3.957634
-3.952945
-4.305848
-3.732195
-3.762431
-4.212197
-3.506062
-3.551271
-4.220767
-3.229649
-3.562753
-3.873577
-3.021988
-3.302556
-3.502791
-2.573934
-2.383707
-2.568311
-1.806587
-1.674530
-1.877440
-1.260703
-1.356634
-1.626872
-0.918163
-0.769492
-1.268860
-1.144423
-1.565654
-2.187301
-2.564884
-3.174862
-3.315421
-3.075688
-3.020315
-3.298763
-3.239716
-3.383431
-3.852837
-3.676196
-4.218787
-4.636184
-4.037504
-4.128122
-4.664543
-4.196027
-4.249352
-4.678524
-4.212956
-4.316551
-4.751186
-4.301539
-4.505654
-4.955710
-4.510924
-4.567546
-4.950629
-4.525234
-4.598739
-4.962154
-4.531160
-4.707514
-5.063813
-4.651290
-4.818656
-5.245159
-4.812903
-4.956593
-5.345342
-4.914270
-5.107436
-5.519914
-5.067018
-5.270852
-5.753660
-5.257196
-5.512849
-6.143209
-5.439481
-5.745935
-6.833168
-5.551436
-6.344775
-6.700792
-5.672561
-6.100759
-6.495431
-5.597188
-5.656942
-6.005534
-5.315255
-5.412008
-5.739407
-5.200908
-5.634153
-6.010703
-5.313593
-5.299227
-5.900496
-6.081088
-6.134087
-6.821925
-6.882763
-7.504874
-7.891564
-7.443921
-7.476537
-7.851906
-7.535417
-7.674679
-8.083532
-7.751133
-8.086264
-8.524794
-7.930457
-8.002109
-8.488988
-7.971348
-7.962625
-8.385117
-7.850101
-7.917855
-8.346874
-7.830129
-7.984581
-8.454691
-7.931888
-7.966678
-8.386387
-7.881626
-7.942557
-8.357830
-7.847886
-8.016217
-8.430575
-7.943471
-8.107017
-8.592392
-8.090945
-8.230066
-8.678436
-8.186725
-8.366909
-8.832513
-8.337790
-8.527598
-9.029729
-8.524712
-8.746949
-9.322128
-8.710397
-8.943354
-9.742675
-8.836383
-9.332149
-9.782430
-8.990502
-9.340870
-9.752838
-8.957367
-9.009240
-9.413309
-8.741065
-8.856869
-9.249693
-8.699069
-9.001792
-9.438221
-8.829771
-8.889477
-9.517590
-9.425536
-9.955334
-10.764803
-11.049563
-10.722953
-10.914404
-10.359328
-6.821027
-7.536424
-10.182290
-9.472257
-6.936015
-10.659636
-11.069352
-7.360751
-10.021746
-10.297878
-7.381722
-9.651004
-10.177386
-7.465603
-10.085094
-10.405955
-7.541026
-8.335527
-9.733923
-7.609949
-9.814986
-10.089409
-7.656538
-9.399231
-9.703789
-7.711739
-9.442225
-9.709897
-7.812780
-8.654619
-9.183318
-7.891486
-8.384144
-9.008719
-7.963908
-8.228426
-8.903942
-8.041688
-8.106094
-8.884817
-8.148115
-8.057913
-9.182695
-8.305224
-8.015612
-9.376482
-8.353014
-8.001670
-9.600199
-8.401735
-8.024891
-9.833796
-8.355817
-8.096986
-10.193896
-8.207215
-10.387372
-10.472081
-8.133443
-11.660740
-11.943583
-12.379222
-12.282778
-12.040019
-12.091193
-11.794200
-10.974588
-11.066240
-16.092149
-15.673310
-15.961496
-15.666759
-7.121866
-8.148620
-14.363100
-13.432314
-6.682391
-14.889420
-15.400913
-6.844498
-13.918612
-14.086908
-6.824059
-12.779243
-13.509295
-6.837041
-13.697161
-13.877323
-6.847194
-9.314060
-12.211383
-6.847371
-12.709094
-12.946335
-6.795368
-11.531723
-11.863159
-6.763194
-11.471011
-11.721752
-6.860682
-9.438426
-10.170093
-6.886127
-8.695241
-9.653292
-6.920322
-8.230965
-9.293918
-6.967475
-7.848407
-9.190462
-7.075008
-7.616545
-9.556445
-7.290309
-7.473241
-10.119917
-7.430641
-7.387225
-10.707255
-7.541147
-7.383906
-11.222300
-7.443128
-7.539451
-11.667877
-7.104136
-12.995232
-13.096596
-6.982640
-15.629628
-16.243147
-16.173745
-16.344868
-16.118138
-15.525811
-15.344639
-14.389798
-13.713309
-3.871039
-3.959897
-4.334193
-3.374828
-3.225191
-3.816841
-3.906491
-3.466566
-3.949259
-3.922236
-3.730139
-4.092156
-3.432163
-3.313378
-4.016575
-3.360456
-3.290344
-3.909777
-3.260074
-3.182909
-3.785683
-3.116292
-3.050977
-3.679155
-3.033462
-2.979504
-3.545307
-2.910530
-2.840270
-3.430815
-2.796373
-2.764296
-3.408318
-2.742682
-2.741846
-3.343813
-2.665113
-2.747397
-3.295615
-2.596045
-2.767994
-3.257449
-2.477803
-2.471092
-3.258254
-2.457745
-2.434935
-3.727435
-2.339131
-2.287327
-3.337472
-2.228359
-2.280513
-3.042699
-2.109035
-2.123840
-2.911421
-2.006070
-1.924297
-2.628690
-1.800122
-1.518665
-2.353099
-1.677859
-1.606370
-2.466074
-1.482355
-1.278500
-1.871493
-1.308737
0.932281
0.997056
-5.236244
-4.889094
-4.844394
-4.333024
-4.480201
-4.441062
-4.845069
-4.490196
-4.655652
-5.353276
-6.091569
-4.849643
-4.726554
-5.226432
-4.861025
-4.829395
-5.391932
-4.899554
-4.832563
-5.434195
-4.892133
-4.757325
-5.167080
-4.915414
-4.810419
-5.238391
-4.833430
-4.770375
-5.073721
-4.789805
-4.703523
-5.079893
-4.973012
-4.809819
-5.213120
-5.010071
-4.798691
-5.217133
-5.023594
-4.794174
-5.231939
-5.019061
-4.757064
-5.287934
-5.078429
-4.915804
-5.834659
-5.256931
-5.068742
-5.720565
-5.335091
-5.212481
-5.662931
-5.412948
-5.334804
-5.760910
-5.482521
-5.366537
-6.174471
-5.517890
-5.341987
-5.249837
-5.408887
-5.608087
-5.730289
-6.232752
-5.277693
-5.395705
-5.994838
-5.415841
-4.653475
-5.399951
-18.343373
-18.765215
-19.060797
-18.910471
-15.384626
-16.053426
-18.874635
-18.406283
-15.715644
-19.518883
-19.738055
-16.279622
-19.185602
-19.369469
-16.440591
-18.857177
-19.284998
-16.603661
-19.413252
-19.603209
-16.768436
-17.649487
-19.022045
-16.890173
-19.268952
-19.456898
-17.028623
-18.884404
-19.131174
-17.139808
-18.990236
-19.179226
-17.244688
-18.171564
-18.580885
-17.346908
-17.946320
-18.461859
-17.458869
-17.839809
-18.415474
-17.580885
-17.773103
-18.441053
-17.714016
-17.734762
-18.668964
-17.916822
-17.716495
-18.937416
-17.995519
-17.730029
-19.250664
-18.088091
-17.776301
-19.490059
-18.033873
-17.838922
-19.700555
-17.869820
-20.226151
-20.346681
-17.872742
-21.310011
-21.415331
-21.483613
-21.133818
-20.603190
-20.099511
-19.491161
-17.752892
-17.171502
-8.482706
-7.785398
-7.891972
-7.225389
-7.290996
-7.409299
-7.927347
-7.247372
-7.624298
-8.512219
-9.532883
-7.950418
-7.847321
-8.534092
-8.158265
-8.005661
-8.774095
-8.234767
-8.059264
-8.888770
-8.291225
-8.023383
-8.594332
-8.398732
-8.157647
-8.717226
-8.347842
-8.176385
-8.581054
-8.367653
-8.128478
-8.612872
-8.619333
-8.244037
-8.785252
-8.678489
-8.249337
-8.813163
-8.726009
-8.265070
-8.860642
-8.749864
-8.244789
-8.963130
-8.847901
-8.360611
-9.635845
-9.000240
-8.557925
-9.448999
-9.099938
-8.738718
-9.337467
-9.190524
-8.881359
-9.448026
-9.256962
-8.888440
-10.033254
-9.285203
-9.020767
-8.877729
-9.271372
-10.053869
-10.386573
-11.666967
-14.006272
-13.701456
-14.607422
-14.647582
-13.873493
-15.207067
-24.945730
-25.116871
-23.883003
-23.085261
-23.281620
-22.688629
-23.227525
-24.823373
-23.631547
-24.066204
-25.211964
-25.029100
-25.562584
-26.070981
-26.094882
-26.927751
-25.769865
-25.266640
-25.772489
-25.952603
-25.375775
-25.740193
-26.871066
-27.142339
-27.390898
-26.825343
-26.248856
-26.919412
-26.508437
-25.845665
-26.167372
-27.112248
-26.390704
-26.771958
-27.520986
-27.717850
-27.899539
-28.178158
-27.772145
-28.204672
-28.903993
-28.608744
-29.137816
-29.941929
-29.684020
-30.299592
-31.293139
-31.026774
-31.367037
-31.866871
-31.473154
-31.968756
-32.774147
-32.373578
-32.944507
-33.701689
-33.257834
-33.873981
-34.340853
-33.594036
-34.117150
-34.704598
-33.864623
-34.498934
-35.699558
-35.541493
-36.694680
-37.223248
-36.922178
-38.090624
-39.125773
-39.672734
-9.965710
-10.808473
-10.078544
-9.600998
-8.821440
-9.165632
-9.972183
-9.794461
-9.358296
-10.886957
-10.681657
-9.825618
-10.167481
-10.574955
-9.879182
-10.087197
-10.559795
-9.945459
-10.288520
-10.690675
-10.059600
-9.757046
-10.557439
-10.074256
-10.323807
-10.694099
-10.276014
-10.260403
-10.730906
-10.384611
-10.398207
-10.774133
-10.294297
-10.034462
-10.484881
-10.306261
-10.006492
-10.486603
-10.369679
-10.027795
-10.535474
-10.460492
-10.109423
-10.650312
-10.502277
-10.055357
-10.687879
-10.426734
-9.980416
-10.650549
-10.401828
-9.938090
-10.634326
-10.371881
-9.903442
-10.669860
-10.341437
-9.883813
-10.766129
-10.282584
-10.598780
-11.131703
-10.395876
-10.855138
-11.263954
-11.558199
-10.916415
-11.219121
-11.505878
-11.170607
-11.452359
-12.105760
-9.041805
-8.832590
-9.058446
-8.082693
-8.131540
-8.304772
-7.959143
-8.374468
-8.366700
-8.177053
-8.729954
-8.916893
-8.333112
-8.594663
-8.927212
-8.444170
-8.548648
-8.801442
-8.274877
-8.514790
-8.774745
-8.263578
-8.624717
-8.959207
-8.418969
-8.573049
-8.810305
-8.298167
-8.472747
-8.694971
-8.153248
-8.497013
-8.711624
-8.193756
-8.535955
-8.843287
-8.297817
-8.649308
-8.844393
-8.304461
-8.784361
-8.950971
-8.340526
-8.664376
-9.106041
-8.485637
-8.786946
-9.722631
-8.464608
-8.721374
-9.550539
-8.411239
-8.936337
-9.366016
-8.410634
-8.784911
-9.176329
-8.250003
-8.313105
-8.678380
-7.874516
-8.005372
-8.366911
-7.675616
-8.047433
-8.504538
-7.830728
-8.010911
-8.603449
-8.492960
-8.638918
-9.331975
-5.195359
-5.263911
-6.373780
-4.540588
-4.570717
-5.688063
-4.360357
-4.394081
-5.441764
-4.349648
-4.383640
-5.428908
-3.944818
-3.993461
-5.106261
-3.727414
-3.780434
-4.881865
-3.478312
-3.530626
-4.630072
-3.257076
-3.316027
-4.423544
-3.004114
-3.059875
-4.154379
-2.745870
-2.798679
-3.899446
-2.502969
-2.565578
-3.676914
-2.315090
-2.385468
-3.490476
-2.169739
-2.261698
-3.351031
-2.040006
-2.157094
-3.231372
-1.621467
-1.684028
-2.842769
-1.704256
-1.753610
-3.062910
-0.908970
-0.950599
-2.167950
-0.309066
-0.368404
-1.532496
0.186968
0.133134
-1.032617
0.671377
0.637313
-0.517394
1.175006
1.173993
0.002401
1.499218
1.452087
0.263910
1.500159
1.452563
0.301945
1.491964
1.812876
0.779101
-5.419000
-4.478542
-4.099764
-3.983797
-3.670306
-3.374746
-3.093134
-2.805358
-2.485024
-2.178182
-1.910900
-1.690955
-1.492610
-1.151851
-1.071281
-1.111474
0.150830
0.851713
1.436245
2.029928
2.541761
2.760410
2.887326
-2.891661
-1.475414
-1.537700
-2.620957
-1.186332
-1.220834
-2.349028
-1.821262
-1.811353
-2.927250
-2.602177
-2.621486
-3.732927
-2.712271
-2.748092
-3.894559
-2.894667
-2.934921
-4.072313
-3.193236
-3.230993
-4.369123
-3.170310
-3.214858
-4.349441
-3.546511
-3.588807
-4.723829
-3.640163
-3.685846
-4.820560
-3.808162
-3.855359
-4.989570
-3.826807
-3.878567
-5.010914
-3.949490
-4.011327
-5.136426
-4.090493
-4.163988
-5.282239
-4.175648
-4.223640
-5.378926
-4.416376
-4.456156
-5.682514
-4.491834
-4.530660
-5.725183
-4.635475
-4.689418
-5.835107
-4.601677
-4.658774
-5.819498
-4.441550
-4.477797
-5.629230
-4.615488
-4.640237
-5.794323
-4.789021
-4.845743
-6.014855
-3.568786
-3.621231
-4.776803
-0.874509
-0.708059
-1.774756
-1.191970
-1.100330
-1.709270
-2.336247
-2.572422
-2.884925
-3.023011
-3.342725
-3.541228
-3.730461
-3.837255
-3.988334
-4.163233
-4.308542
-4.555979
-4.867634
-4.936196
-4.984341
-4.766783
-4.746576
-4.824185
-4.253317
-1.282282
-0.601758
-0.124492
-0.145663
-0.553748
0.438652
0.417482
0.009396
0.200261
0.179091
-0.228995
-0.359472
-0.380642
-0.788727
0.089652
0.068482
-0.339603
0.061991
0.040820
-0.367265
0.094231
0.073061
-0.335025
0.273329
0.252158
-0.155927
0.293517
0.272347
-0.135738
0.443379
0.422208
0.014123
0.448485
0.427315
0.019229
0.429690
0.408520
0.000434
0.459288
0.438117
0.030032
0.484227
0.463056
0.054971
0.504769
0.483598
0.075513
0.223052
0.201882
-0.206204
0.215715
0.194545
-0.213541
0.182024
0.160854
-0.247231
0.122386
0.101215
-0.306870
0.050066
0.028895
-0.379190
0.381106
0.359936
-0.048150
0.216354
0.195183
-0.212902
2.575077
2.553906
2.145821
3.764333
3.743163
3.335078
-0.560248
-0.620759
-1.787173
-0.033859
-0.094370
-1.260784
-0.300219
-0.360730
-1.527144
-0.754987
-0.815497
-1.981911
-0.560726
-0.621236
-1.787650
-0.554454
-0.614965
-1.781378
-0.631103
-0.691614
-1.858028
-0.463710
-0.524221
-1.690634
-0.629034
-0.689545
-1.855959
-0.604694
-0.665205
-1.831619
-0.624291
-0.684802
-1.851216
-0.507264
-0.567775
-1.734189
-0.501137
-0.561648
-1.728062
-0.517388
-0.577899
-1.744313
-0.552623
-0.613134
-1.779548
-0.592939
-0.653450
-1.819864
-0.581658
-0.642169
-1.808583
-0.582357
-0.642868
-1.809282
-0.594784
-0.655295
-1.821709
-0.619516
-0.680026
-1.846440
-0.789014
-0.849525
-2.015938
-1.150171
-1.210682
-2.377096
-0.805629
-0.866140
-2.032554
-0.866417
-0.926928
-2.093342
-0.349423
-0.012342
-0.237372
-0.374095
-0.345460
-0.385584
-0.372537
-0.401549
-0.478084
-0.506224
-0.449600
-0.424603
-0.445775
-0.484376
-0.509153
-0.489532
-0.477424
-0.469716
-0.470104
-0.527580
-0.723001
-1.138367
-1.179016
0.315321
-9.414299
-8.261804
-9.513031
-8.353096
-10.563151
-9.444725
-8.832140
-7.780126
-8.815658
-7.793484
-9.981320
-8.969304
-9.240942
-8.305097
-9.143819
-8.223031
-10.300230
-9.395211
-9.802959
-8.648872
-9.741617
-8.603172
-10.899834
-9.771740
-10.040418
-9.056170
-10.042944
-9.068952
-11.232969
-10.259915
-10.106633
-9.104233
-10.116522
-9.121576
-11.296378
-10.306570
-10.050872
-8.947670
-10.062624
-8.966843
-11.236988
-10.148187
-10.308737
-9.284194
-10.334489
-9.310314
-11.509220
-10.491221
-10.430538
-9.418463
-10.449007
-9.443792
-11.618607
-10.622884
-10.296378
-9.221701
-10.316604
-9.248498
-11.487496
-10.428422
-10.313650
-9.252445
-10.333968
-9.278007
-11.503622
-10.457167
-10.510611
-9.559518
-10.533954
-9.587103
-11.705473
-10.765638
-10.682182
-9.825672
-10.710392
-9.856399
-11.878311
-11.032833
-10.842806
-10.066195
-10.875637
-10.098741
-12.039167
-11.271622
-11.115078
-10.480939
-11.137731
-10.507215
-12.314683
-11.685702
-11.520353
-11.017155
-11.540996
-11.040822
-12.744728
-12.230390
-11.818545
-11.303157
-11.841377
-11.325710
-13.019629
-12.486055
-12.091263
-11.628651
-12.118819
-11.638806
-13.294273
-12.817846
-12.234600
-12.024898
-12.292581
-12.066430
-13.447575
-13.234926
-12.028517
-12.281778
-12.050022
-12.312406
-13.195448
-13.475454
-11.791856
-12.367611
-11.790284
-12.382674
-12.945605
-13.554102
-11.942758
-12.741385
-11.942183
-12.752027
-13.109796
-13.931563
-12.153046
-13.388539
-12.145326
-13.411551
-13.287487
-14.570636
-12.946671
-14.888035
-12.747752
-14.751355
-13.797356
-15.828567
-8.986373
-7.382713
-8.867381
-7.120503
-9.397831
-7.529351
-10.011330
-8.018276
-10.226283
-8.348057
-10.111106
-8.146180
-10.272267
-8.237428
-10.650316
-8.712173
-10.483481
-8.500582
-10.416946
-8.390534
-10.593928
-8.596778
-10.901769
-9.008504
-11.007083
-9.141216
-11.285145
-9.480376
-11.688778
-9.939186
-12.160929
-10.406168
-12.539637
-10.643413
-12.710313
-11.011161
-12.648952
-11.334945
-12.319303
-11.467888
-12.278337
-11.632287
-12.639642
-12.201691
-13.125817
-12.919504
-7.973768
-3.628573
-9.903187
-9.988339
-11.048483
-9.877886
-9.876545
-11.039764
-10.106857
-10.093916
-11.276752
-10.606845
-10.602246
-11.739494
-10.576608
-10.592119
-11.782199
-10.666223
-10.690914
-11.858211
-10.709579
-10.719020
-11.888419
-10.805720
-10.839942
-12.004445
-10.899835
-10.917852
-12.080836
-10.948325
-10.978836
-12.144989
-11.051356
-11.082587
-12.251240
-11.192964
-11.229818
-12.400568
-11.346403
-11.386218
-12.555457
-11.501927
-11.545888
-12.714226
-11.680454
-11.718267
-12.901468
-11.914584
-11.953807
-13.167687
-12.238321
-12.283861
-13.527649
-12.384715
-12.458635
-13.527438
-12.400037
-12.519870
-13.722280
-12.266907
-12.336845
-13.516641
-12.101829
-12.123815
-13.276643
-12.324601
-12.452964
-13.650961
-12.385252
-12.414652
-13.585000
-13.167998
-12.932412
-14.020054
-10.292338
-10.332025
-10.720772
-11.049566
-11.090002
-11.130884
-11.222160
-11.345799
-11.405698
-11.495579
-11.639677
-11.818560
-11.977639
-12.167896
-12.409231
-12.744374
-13.100125
-13.184003
-13.128928
-12.815040
-12.895069
-13.079269
-13.339164
-9.289136
-8.434453
-8.594440
-9.665180
-8.421622
-8.416513
-9.581775
-8.672128
-8.661470
-9.840580
-9.251407
-9.274353
-10.430766
-9.317411
-9.340936
-10.534521
-9.448604
-9.487505
-10.665207
-9.582899
-9.614373
-10.789791
-9.741129
-9.789411
-10.961181
-9.912799
-9.950317
-11.117741
-10.019463
-10.059585
-11.227548
-10.157843
-10.197746
-11.365082
-10.315465
-10.358601
-11.528920
-10.482684
-10.530785
-11.699654
-10.654238
-10.707725
-11.875334
-10.847469
-10.892739
-12.079458
-11.098625
-11.146218
-12.372756
-11.448351
-11.507312
-12.770147
-11.710353
-11.824938
-12.983354
-11.696597
-11.764051
-12.947202
-11.368930
-11.425722
-12.591320
-11.157224
-11.184616
-12.348453
-11.198057
-11.257881
-12.428841
-11.034163
-11.023746
-12.167566
-11.711111
-11.406830
-12.472693
-8.540867
-8.583679
-9.031692
-9.433681
-9.525608
-9.640560
-9.795061
-9.985894
-10.099691
-10.223571
-10.384632
-10.575436
-10.747562
-10.950674
-11.207274
-11.566904
-12.039728
-12.079847
-11.873650
-11.493226
-11.398773
-11.406745
-11.577978
-7.228451
-3.508440
-3.712901
-3.825185
-2.906350
-3.597335
-3.587929
-3.241773
-3.575489
-3.787849
-4.078476
-5.117006
-4.522331
-3.601883
-4.446100
-4.280264
-3.738928
-4.603302
-4.389309
-3.767287
-4.652841
-4.433141
-3.752803
-4.514492
-4.435726
-3.778828
-4.542996
-4.446415
-3.796852
-4.513276
-4.468023
-3.805682
-4.536646
-4.538373
-3.870488
-4.603393
-4.582179
-3.919180
-4.659818
-4.636395
-3.985797
-4.742052
-4.701346
-4.071379
-4.884868
-4.805505
-4.306016
-5.346720
-5.014823
-4.325838
-5.180212
-4.991766
-4.371143
-5.078375
-4.993430
-4.449444
-5.133967
-5.041975
-4.518434
-5.435589
-5.119721
-4.132482
-4.654145
-4.796413
-4.366192
-5.017427
-5.404241
-4.573227
-5.004506
-5.307959
-4.307929
-4.591566
-5.241478
1.202604
1.303605
0.669660
0.633517
0.583300
0.507325
0.493090
0.450566
0.442241
0.419596
0.326680
0.269867
0.206637
0.129987
-0.035887
-0.074285
-0.093531
-0.147373
-0.239407
-0.030649
-0.092713
-0.876510
-0.474559
1.513930
-2.796728
-2.522958
-3.616306
-1.946167
-2.171131
-3.037077
-2.212723
-2.177344
-3.271368
-2.953968
-3.383073
-3.991140
-2.589220
-2.812016
-3.699892
-2.732568
-2.964739
-3.812730
-2.780364
-3.033601
-3.876343
-2.821697
-2.953000
-3.888000
-2.859982
-3.037270
-3.932948
-2.913556
-3.042821
-3.970557
-2.950415
-3.104952
-4.098346
-3.077103
-3.218075
-4.170963
-3.124079
-3.268878
-4.210924
-3.177541
-3.331030
-4.251329
-3.223179
-3.418480
-4.314753
-3.407187
-3.752996
-4.497789
-3.439746
-3.652327
-4.501784
-3.483809
-3.594375
-4.516826
-3.545820
-3.632662
-4.559397
-3.631942
-3.855492
-4.666996
-3.356197
-3.346285
-4.473144
-3.864306
-3.992088
-5.224300
-4.226268
-4.177146
-5.316127
-4.070236
-3.948800
-5.230684
-2.269946
-2.059135
-2.531601
-2.649338
-2.765142
-2.854490
-2.949248
-3.007232
-3.104375
-3.216885
-3.339755
-3.431434
-3.514307
-3.608255
-3.801870
-3.835690
-3.822202
-3.851097
-3.935973
-3.679555
-3.955404
-4.638611
-4.699788
-1.263976
-1.465676
-1.243124
-1.384933
-2.312951
-1.899859
-2.019569
-2.054732
-2.022940
-2.041215
-2.064395
-2.092747
-2.129685
-2.184174
-2.257977
-2.366468
-2.617065
-2.542009
-2.506207
-2.543636
-2.667457
-2.221547
-2.498018
-2.551270
-2.385970
-2.178096
-1.663479
-1.930001
-2.566170
-2.030239
-2.078213
-2.015968
-1.845097
-1.770215
-1.595839
-1.585402
-1.645202
-1.619892
-1.596029
-1.564346
-1.928431
-1.918414
-1.943241
-2.009951
-2.087031
-1.576987
-1.661028
1.269472
2.840632
-0.447965
-4.698410
-3.402697
-0.088649
1.135398
1.484627
0.000000
0.000000
0.000000
0.000000
0.000000
