	0.049420677361853856
	0.08380124777183605
	0.10314171122994659
	0.10744206773618542
	0.0967023172905526
	0.07092245989304818
	0.030102495543672003
	-0.025757575757575823
	-0.09665775401069518
	0.05694073083778969
	-0.007520053475935833
	-0.049420677361853856
	-0.08380124777183605
	-0.10314171122994659
	-0.10744206773618542
	-0.0967023172905526
	-0.07092245989304818
	-0.030102495543672003
	0.025757575757575823
	0.09665775401069518
	-0.006461675579322638
	-0.010806595365418893
	-0.01303475935828877
	-0.013146167557932261
	-0.011140819964349374
	-0.007018716577540108
	-0.0007798573975044538
	0.007575757575757577
	0.018048128342245985
	-0.007520053475935829
	0.0010583778966131907
	0.006461675579322638
	0.010806595365418893
	0.01303475935828877
	0.013146167557932261
	0.011140819964349374
	0.007018716577540108
	0.0007798573975044538
	-0.007575757575757577
	-0.018048128342245985
