1	1	1
22	1	-1
23	1	-1
2	2	1
22	2	-2
23	2	-4
3	3	1
22	3	-3
23	3	-9
4	4	1
22	4	-4
23	4	-16
5	5	1
22	5	-5
23	5	-25
6	6	1
22	6	-6
23	6	-36
7	7	1
22	7	-7
23	7	-49
8	8	1
22	8	-8
23	8	-64
9	9	1
22	9	-9
23	9	-81
10	10	1
22	10	-10
23	10	-100
11	11	1
22	11	-11
23	11	-121
12	12	1
22	12	-12
23	12	-144
13	13	1
22	13	-13
23	13	-169
14	14	1
22	14	-14
23	14	-196
15	15	1
22	15	-15
23	15	-225
16	16	1
22	16	-16
23	16	-256
17	17	1
22	17	-17
23	17	-289
18	18	1
22	18	-18
23	18	-324
19	19	1
22	19	-19
23	19	-361
20	20	1
22	20	-20
23	20	-400
21	21	1
22	21	-21
23	21	-441
