21	23	63
1	1	1
1	22	-1
1	23	-1
2	2	1
2	22	-2
2	23	-4
3	3	1
3	22	-3
3	23	-9
4	4	1
4	22	-4
4	23	-16
5	5	1
5	22	-5
5	23	-25
6	6	1
6	22	-6
6	23	-36
7	7	1
7	22	-7
7	23	-49
8	8	1
8	22	-8
8	23	-64
9	9	1
9	22	-9
9	23	-81
10	10	1
10	22	-10
10	23	-100
11	11	1
11	22	-11
11	23	-121
12	12	1
12	22	-12
12	23	-144
13	13	1
13	22	-13
13	23	-169
14	14	1
14	22	-14
14	23	-196
15	15	1
15	22	-15
15	23	-225
16	16	1
16	22	-16
16	23	-256
17	17	1
17	22	-17
17	23	-289
18	18	1
18	22	-18
18	23	-324
19	19	1
19	22	-19
19	23	-361
20	20	1
20	22	-20
20	23	-400
21	21	1
21	22	-21
21	23	-441
