	1	1	1
	1	24	1
	2	2	1
	2	25	1
	3	3	1
	3	26	1
	4	4	1
	4	27	1
	5	5	1
	5	28	1
	6	6	1
	6	29	1
	7	7	1
	7	30	1
	8	8	1
	8	31	1
	9	9	1
	9	32	1
	10	10	1
	10	33	1
	11	11	1
	11	34	1
	12	12	1
	12	35	1
	13	13	1
	13	36	1
	14	14	1
	14	37	1
	15	15	1
	15	38	1
	16	16	1
	16	39	1
	17	17	1
	17	40	1
	18	18	1
	18	41	1
	19	19	1
	19	42	1
	20	20	1
	20	43	1
	21	21	1
	21	44	1
	22	22	0
	22	24	-1
	22	25	-2
	22	26	-3
	22	27	-4
	22	28	-5
	22	29	-6
	22	30	-7
	22	31	-8
	22	32	-9
	22	33	-10
	22	34	-11
	22	35	-12
	22	36	-13
	22	37	-14
	22	38	-15
	22	39	-16
	22	40	-17
	22	41	-18
	22	42	-19
	22	43	-20
	22	44	-21
	23	23	0
	23	24	-1
	23	25	-4
	23	26	-9
	23	27	-16
	23	28	-25
	23	29	-36
	23	30	-49
	23	31	-64
	23	32	-81
	23	33	-100
	23	34	-121
	23	35	-144
	23	36	-169
	23	37	-196
	23	38	-225
	23	39	-256
	23	40	-289
	23	41	-324
	23	42	-361
	23	43	-400
	23	44	-441
	24	24	0
	25	25	0
	26	26	0
	27	27	0
	28	28	0
	29	29	0
	30	30	0
	31	31	0
	32	32	0
	33	33	0
	34	34	0
	35	35	0
	36	36	0
	37	37	0
	38	38	0
	39	39	0
	40	40	0
	41	41	0
	42	42	0
	43	43	0
	44	44	0
