	1.000000
	1.000000
	1.000000
	3.969857
	3.951574
	3.955909
	3.957415
	3.957905
	3.958060
	3.958088
	3.958071
	3.958044
	3.958022
	3.958006
	3.957996
	3.957990
	3.957986
	3.957984
	3.957983
	3.957982
	3.957982
	3.957982
	3.957982
	3.954453
	3.976924
	4.153136
	4.376520
	2.043154
	2.028922
	1.944105
	1.898698
	1.867218
	1.845034
	1.829417
	1.818939
	1.812333
	1.808383
	1.806110
	1.804837
	1.804137
	1.803758
	1.803555
	1.803447
	1.803389
	1.803359
	1.803343
	1.803334
	1.250878
	0.000001
	0.000000
	0.000000
	9.440308
	7.420510
	6.085293
	5.588748
	4.157046
	3.284555
	2.953409
	2.088292
	1.603566
	1.423066
	0.965215
	0.720859
	0.632766
	0.415161
	0.303613
	0.264346
	0.169344
	0.122099
	0.105736
	0.066702
	0.047680
	0.041157
	0.025730
	0.018304
	0.015772
	0.009811
	0.006961
	0.005993
	0.003718
	0.002635
	0.002267
	0.001405
	0.000995
	0.000856
	0.000530
	0.000375
	0.000323
	0.000200
	0.000141
	0.000122
	0.000075
	0.000053
	0.000046
	0.000028
	0.000020
	0.000017
	0.000011
	0.000008
	0.000006
	0.000004
	0.000003
	0.000002
	0.000002
	0.000001
	0.000001
	0.000001
	0.000000
	0.000000
	0.000000
	0.000000
	0.000000
	0.000000
	0.000000
	0.000000
	0.000000
	0.000000
	0.000000
	0.000000
	0.000000
	0.000000
	0.000000
	0.000000
	0.073333
	0.140406
	0.176363
	0.217504
	0.309010
	0.372003
	0.387812
	0.471427
	0.545185
	0.568574
	0.661183
	0.736536
	0.763782
	0.859803
	0.933744
	0.961989
	1.056344
	1.126737
	1.154515
	1.244839
	1.311140
	1.338047
	1.424314
	1.487161
	1.513297
	1.596480
	1.656886
	1.682478
	1.763627
	1.822482
	1.847730
	1.927643
	1.985573
	2.010618
	2.089815
	2.147218
	2.172146
	2.250942
	2.308051
	2.332915
	2.411491
	2.468439
	2.493268
	2.571725
	2.628587
	2.653397
	2.731791
	2.788606
	2.813406
	2.891766
	2.948557
	2.973352
	3.051694
	3.108472
	3.133264
	3.211596
	3.268368
	3.293158
	3.371485
	3.428253
	3.347177
	3.148231
	3.047920
	2.725036
	1.910838
	1.478328
	1.133866
	0.477107
	0.260568
	0.134523
	0.003565
	0.006587
	0.163734
	0.243666
	0.301597
	0.326719
	0.406094
	0.463621
	0.487693
	0.563750
	0.618872
	0.642382
	0.716663
	0.770497
	0.793617
	0.866667
	0.919609
	0.942454
	1.014635
	1.066948
	1.089600
	1.161170
	1.213041
	1.235563
	1.306723
	1.358296
	1.380737
	1.451639
	1.503025
	1.525416
	1.596163
	1.647437
	1.669801
	1.740459
	1.791669
	1.814016
	1.884625
	1.935798
	1.958137
	2.028718
	2.079872
	2.102206
	2.172772
	2.223915
	2.246247
	2.316805
	2.367942
	2.390273
	2.460827
	2.511961
	2.534290
	2.604842
	2.655975
	2.678304
	2.748855
	2.799986
	2.822315
	2.892866
	2.943997
	2.966325
	3.036875
	3.088006
	3.103494
	3.152431
	3.187898
	3.187898
	3.187898
	3.187898
	3.187898
	3.187898
	3.187898
	3.187898
	3.187898
	3.187898
	45.947529
	39.875049
	35.674112
	34.017332
	28.843857
	25.295417
	23.830993
	19.573450
	16.793233
	15.655015
	12.418607
	10.390481
	9.584966
	7.360491
	6.024824
	5.508351
	4.119657
	3.315618
	3.011107
	2.208820
	1.756733
	1.587989
	1.149568
	0.907058
	0.817401
	0.586571
	0.460428
	0.414076
	0.295437
	0.231110
	0.207565
	0.147529
	0.115143
	0.103319
	0.073246
	0.057078
	0.051185
	0.036223
	0.028197
	0.025276
	0.017865
	0.013897
	0.012453
	0.008795
	0.006838
	0.006126
	0.004324
	0.003361
	0.003011
	0.002124
	0.001651
	0.001479
	0.001043
	0.000810
	0.000726
	0.000512
	0.000398
	0.000356
	0.000251
	0.000195
	0.000176
	0.000128
	0.000103
	0.000093
	0.000072
	0.000063
	0.000056
	0.000044
	0.000041
	0.000039
	0.000037
	0.000037
	0.299331
	1.310538
	1.997675
	2.262662
	3.066350
	3.595692
	3.808364
	4.407142
	4.782109
	4.932031
	5.347242
	5.598925
	5.697095
	5.963064
	6.118940
	6.178441
	6.336311
	6.426164
	6.459887
	6.547923
	6.596936
	6.615115
	6.662042
	6.687779
	6.697251
	6.721526
	6.734710
	6.739539
	6.751858
	6.758507
	6.760935
	6.767111
	6.770432
	6.771642
	6.774715
	6.776362
	6.776962
	6.778483
	6.779297
	6.779593
	6.780344
	6.780745
	6.780891
	6.781260
	6.781457
	6.781529
	6.781711
	6.781808
	6.781843
	6.781932
	6.781980
	6.781997
	6.782041
	6.782064
	6.782072
	6.782094
	6.782105
	6.782110
	6.782120
	6.782126
	6.782128
	6.782132
	6.782135
	6.782136
	6.782138
	6.782139
	6.782140
	6.782141
	6.782141
	6.782141
	6.782141
	6.782141
	0.300877
	1.317494
	2.008470
	2.259507
	3.022054
	3.525253
	3.732164
	4.315089
	4.680471
	4.828413
	5.238335
	5.487030
	5.584728
	5.849660
	6.005191
	6.064850
	6.223462
	6.314063
	6.348204
	6.437707
	6.487912
	6.506615
	6.555311
	6.582419
	6.592472
	6.618668
	6.633313
	6.638762
	6.653106
	6.661275
	6.664355
	6.672638
	6.677523
	6.679409
	6.684651
	6.687898
	6.689192
	6.692929
	6.695367
	6.696370
	6.699369
	6.701411
	6.702273
	6.704913
	6.706763
	6.707556
	6.710022
	6.711778
	6.712539
	6.714921
	6.716633
	6.717377
	6.719720
	6.721410
	6.722147
	6.724470
	6.726151
	6.726884
	6.729198
	6.730874
	6.726592
	6.716492
	6.711610
	6.740044
	6.801824
	6.828510
	7.168625
	7.749490
	7.903897
	8.232837
	8.573993
	8.564983
	0.000495
	0.020794
	0.050744
	0.066848
	0.135006
	0.199069
	0.230583
	0.341976
	0.435038
	0.479034
	0.628629
	0.747364
	0.801837
	0.982357
	1.120919
	1.183274
	1.386115
	1.538275
	1.605886
	1.823103
	1.983632
	2.054404
	2.280053
	2.445323
	2.517857
	2.748128
	2.915937
	2.989405
	3.222099
	3.391218
	3.465166
	3.699095
	3.868874
	3.943063
	4.177611
	4.347718
	4.422026
	4.656880
	4.827148
	4.901515
	5.136519
	5.306866
	5.381261
	5.616338
	5.786723
	5.861133
	6.096246
	6.266649
	6.341065
	6.576195
	6.746607
	6.821027
	7.056165
	7.226582
	7.301003
	7.536145
	7.706564
	7.780986
	8.016130
	8.186549
	8.258311
	8.472968
	8.619297
	8.686884
	8.858305
	8.949978
	9.034795
	9.203256
	9.262503
	9.303247
	9.345639
	9.344775
	-2.602935
	0.315043
	-0.443745
	-6.587578
	-2.602935
	0.315043
	-0.443745
	-6.587578
	-2.602935
	0.315043
	-0.443745
	-6.587578
	-2.718474
	0.205956
	-0.540706
	-6.734786
	-2.718474
	0.205956
	-0.540706
	-6.734786
	-2.718474
	0.205956
	-0.540706
	-6.734786
	-2.690977
	0.231917
	-0.517631
	-6.699752
	-2.690977
	0.231917
	-0.517631
	-6.699752
	-2.690977
	0.231917
	-0.517631
	-6.699752
	-2.681446
	0.240916
	-0.509632
	-6.687609
	-2.681446
	0.240916
	-0.509632
	-6.687609
	-2.681446
	0.240916
	-0.509632
	-6.687609
	-2.678340
	0.243849
	-0.507026
	-6.683651
	-2.678340
	0.243849
	-0.507026
	-6.683651
	-2.678340
	0.243849
	-0.507026
	-6.683651
	-2.677359
	0.244775
	-0.506202
	-6.682401
	-2.677359
	0.244775
	-0.506202
	-6.682401
	-2.677359
	0.244775
	-0.506202
	-6.682401
	-2.677181
	0.244943
	-0.506053
	-6.682175
	-2.677181
	0.244943
	-0.506053
	-6.682175
	-2.677181
	0.244943
	-0.506053
	-6.682175
	-2.677290
	0.244840
	-0.506145
	-6.682314
	-2.677290
	0.244840
	-0.506145
	-6.682314
	-2.677290
	0.244840
	-0.506145
	-6.682314
	-2.677459
	0.244681
	-0.506286
	-6.682529
	-2.677459
	0.244681
	-0.506286
	-6.682529
	-2.677459
	0.244681
	-0.506286
	-6.682529
	-2.677602
	0.244545
	-0.506406
	-6.682711
	-2.677602
	0.244545
	-0.506406
	-6.682711
	-2.677602
	0.244545
	-0.506406
	-6.682711
	-2.677703
	0.244450
	-0.506491
	-6.682840
	-2.677703
	0.244450
	-0.506491
	-6.682840
	-2.677703
	0.244450
	-0.506491
	-6.682840
	-2.677767
	0.244390
	-0.506545
	-6.682921
	-2.677767
	0.244390
	-0.506545
	-6.682921
	-2.677767
	0.244390
	-0.506545
	-6.682921
	-2.677806
	0.244353
	-0.506577
	-6.682971
	-2.677806
	0.244353
	-0.506577
	-6.682971
	-2.677806
	0.244353
	-0.506577
	-6.682971
	-2.677828
	0.244332
	-0.506596
	-6.682999
	-2.677828
	0.244332
	-0.506596
	-6.682999
	-2.677828
	0.244332
	-0.506596
	-6.682999
	-2.677841
	0.244320
	-0.506607
	-6.683015
	-2.677841
	0.244320
	-0.506607
	-6.683015
	-2.677841
	0.244320
	-0.506607
	-6.683015
	-2.677848
	0.244314
	-0.506612
	-6.683024
	-2.677848
	0.244314
	-0.506612
	-6.683024
	-2.677848
	0.244314
	-0.506612
	-6.683024
	-2.677851
	0.244310
	-0.506616
	-6.683029
	-2.677851
	0.244310
	-0.506616
	-6.683029
	-2.677851
	0.244310
	-0.506616
	-6.683029
	-2.677853
	0.244308
	-0.506617
	-6.683031
	-2.677853
	0.244308
	-0.506617
	-6.683031
	-2.677853
	0.244308
	-0.506617
	-6.683031
	-2.677854
	0.244308
	-0.506618
	-6.683032
	-2.677854
	0.244308
	-0.506618
	-6.683032
	-2.677854
	0.244308
	-0.506618
	-6.683032
	-2.677854
	0.244307
	-0.506618
	-6.683032
	-2.677854
	0.244307
	-0.506618
	-6.683032
	-2.677854
	0.244307
	-0.506618
	-6.683032
	-2.700208
	0.223202
	-0.525377
	-6.711513
	-2.700208
	0.223202
	-0.525377
	-6.711513
	-2.700208
	0.223202
	-0.525377
	-6.711513
	-2.558557
	0.356942
	-0.406502
	-6.531036
	-2.558557
	0.356942
	-0.406502
	-6.531036
	-2.558557
	0.356942
	-0.406502
	-6.531036
	-1.500920
	1.355516
	0.481079
	-5.183496
	-1.500920
	1.355516
	0.481079
	-5.183496
	-1.500920
	1.355516
	0.481079
	-5.183496
	-0.282572
	2.505826
	1.503530
	-3.631195
	-0.282572
	2.505826
	1.503530
	-3.631195
	-0.282572
	2.505826
	1.503530
	-3.631195
	1.018235
	18.841250
	8.822110
	0.018938
	1.018235
	18.841250
	8.822110
	0.018938
	1.018235
	18.841250
	8.822110
	0.018938
	0.907132
	16.894065
	8.006870
	0.016346
	0.907132
	16.894065
	8.006870
	0.016346
	0.907132
	16.894065
	8.006870
	0.016346
	0.932421
	17.338394
	8.193779
	0.016929
	0.932421
	17.338394
	8.193779
	0.016929
	0.932421
	17.338394
	8.193779
	0.016929
	0.941350
	17.495125
	8.259582
	0.017136
	0.941350
	17.495125
	8.259582
	0.017136
	0.941350
	17.495125
	8.259582
	0.017136
	0.944279
	17.546504
	8.281138
	0.017203
	0.944279
	17.546504
	8.281138
	0.017203
	0.944279
	17.546504
	8.281138
	0.017203
	0.945206
	17.562767
	8.287960
	0.017225
	0.945206
	17.562767
	8.287960
	0.017225
	0.945206
	17.562767
	8.287960
	0.017225
	0.945374
	17.565718
	8.289198
	0.017229
	0.945374
	17.565718
	8.289198
	0.017229
	0.945374
	17.565718
	8.289198
	0.017229
	0.945270
	17.563900
	8.288435
	0.017226
	0.945270
	17.563900
	8.288435
	0.017226
	0.945270
	17.563900
	8.288435
	0.017226
	0.945111
	17.561105
	8.287263
	0.017223
	0.945111
	17.561105
	8.287263
	0.017223
	0.945111
	17.561105
	8.287263
	0.017223
	0.944976
	17.558731
	8.286267
	0.017220
	0.944976
	17.558731
	8.286267
	0.017220
	0.944976
	17.558731
	8.286267
	0.017220
	0.944881
	17.557064
	8.285568
	0.017217
	0.944881
	17.557064
	8.285568
	0.017217
	0.944881
	17.557064
	8.285568
	0.017217
	0.944820
	17.556000
	8.285122
	0.017216
	0.944820
	17.556000
	8.285122
	0.017216
	0.944820
	17.556000
	8.285122
	0.017216
	0.944783
	17.555359
	8.284853
	0.017215
	0.944783
	17.555359
	8.284853
	0.017215
	0.944783
	17.555359
	8.284853
	0.017215
	0.944762
	17.554986
	8.284697
	0.017215
	0.944762
	17.554986
	8.284697
	0.017215
	0.944762
	17.554986
	8.284697
	0.017215
	0.944750
	17.554776
	8.284608
	0.017214
	0.944750
	17.554776
	8.284608
	0.017214
	0.944750
	17.554776
	8.284608
	0.017214
	0.944744
	17.554661
	8.284560
	0.017214
	0.944744
	17.554661
	8.284560
	0.017214
	0.944744
	17.554661
	8.284560
	0.017214
	0.944740
	17.554600
	8.284534
	0.017214
	0.944740
	17.554600
	8.284534
	0.017214
	0.944740
	17.554600
	8.284534
	0.017214
	0.944738
	17.554570
	8.284522
	0.017214
	0.944738
	17.554570
	8.284522
	0.017214
	0.944738
	17.554570
	8.284522
	0.017214
	0.944738
	17.554557
	8.284516
	0.017214
	0.944738
	17.554557
	8.284516
	0.017214
	0.944738
	17.554557
	8.284516
	0.017214
	0.944737
	17.554554
	8.284515
	0.017214
	0.944737
	17.554554
	8.284515
	0.017214
	0.944737
	17.554554
	8.284515
	0.017214
	0.923853
	17.187942
	8.130551
	0.016731
	0.923853
	17.187942
	8.130551
	0.016731
	0.923853
	17.187942
	8.130551
	0.016731
	1.064440
	19.647466
	9.156862
	0.020040
	1.064440
	19.647466
	9.156862
	0.020040
	1.064440
	19.647466
	9.156862
	0.020040
	3.065119
	53.331241
	22.244281
	0.077112
	3.065119
	53.331241
	22.244281
	0.077112
	3.065119
	53.331241
	22.244281
	0.077112
	10.364992
	168.482467
	61.839121
	0.364150
	10.364992
	168.482467
	61.839121
	0.364150
	10.364992
	168.482467
	61.839121
	0.364150
	56.820007
	38.180805
	30.847072
	28.511923
	22.938968
	20.092662
	19.095073
	16.518902
	15.047587
	14.495343
	12.992927
	12.085112
	11.732639
	10.743723
	10.125205
	9.879661
	9.176820
	8.726875
	8.545434
	8.018724
	7.675839
	7.535932
	7.125546
	6.854996
	6.743599
	6.414223
	6.194931
	6.104007
	5.833456
	5.651899
	5.576211
	5.349830
	5.196921
	5.132902
	4.940594
	4.809988
	4.755117
	4.589681
	4.476800
	4.429239
	4.285388
	4.186838
	4.145214
	4.018971
	3.932179
	3.895445
	3.783758
	3.706736
	3.674076
	3.574564
	3.505747
	3.476519
	3.387292
	3.325436
	3.299127
	3.218669
	3.162767
	3.138960
	3.066038
	3.015271
	3.000970
	2.954385
	2.921516
	2.916891
	2.916891
	2.916891
	2.881125
	2.881125
	2.881125
	2.837027
	2.837027
	2.837027
	2.534755
	2.031576
	1.730045
	1.620670
	1.307784
	1.114039
	1.038240
	0.829371
	0.700763
	0.649583
	0.507996
	0.421818
	0.388052
	0.295969
	0.241404
	0.220431
	0.164343
	0.132052
	0.119854
	0.087789
	0.069765
	0.063045
	0.045603
	0.035966
	0.032405
	0.023242
	0.018238
	0.016399
	0.011696
	0.009147
	0.008214
	0.005836
	0.004554
	0.004086
	0.002895
	0.002256
	0.002023
	0.001431
	0.001114
	0.000998
	0.000705
	0.000548
	0.000491
	0.000347
	0.000270
	0.000242
	0.000170
	0.000132
	0.000119
	0.000084
	0.000065
	0.000058
	0.000041
	0.000032
	0.000029
	0.000020
	0.000016
	0.000014
	0.000010
	0.000008
	0.000007
	0.000005
	0.000004
	0.000004
	0.000003
	0.000002
	0.000002
	0.000002
	0.000002
	0.000002
	0.000001
	0.000001
	0.016598
	0.067124
	0.097402
	0.107648
	0.137020
	0.155256
	0.162598
	0.182840
	0.195311
	0.200348
	0.214279
	0.222755
	0.226100
	0.235218
	0.240617
	0.242700
	0.248268
	0.251471
	0.252683
	0.255865
	0.257654
	0.258319
	0.260047
	0.261001
	0.261351
	0.262254
	0.262747
	0.262927
	0.263387
	0.263637
	0.263727
	0.263957
	0.264081
	0.264126
	0.264240
	0.264301
	0.264323
	0.264379
	0.264409
	0.264419
	0.264447
	0.264461
	0.264466
	0.264479
	0.264486
	0.264489
	0.264495
	0.264498
	0.264500
	0.264503
	0.264504
	0.264505
	0.264506
	0.264507
	0.264507
	0.264508
	0.264508
	0.264508
	0.264509
	0.264509
	0.264313
	0.263834
	0.263587
	0.264676
	0.267033
	0.268044
	0.281346
	0.304043
	0.310068
	0.322937
	0.336282
	0.335929
	0.165130
	0.667700
	0.968789
	1.077988
	1.390287
	1.583585
	1.659183
	1.867405
	1.995522
	2.046479
	2.187343
	2.272974
	2.306495
	2.397782
	2.451752
	2.472461
	2.527699
	2.559360
	2.571281
	2.602460
	2.619834
	2.626269
	2.642805
	2.651782
	2.655053
	2.663300
	2.667638
	2.669185
	2.672968
	2.674849
	2.675490
	2.676945
	2.677558
	2.677734
	2.678002
	2.677973
	2.677914
	2.677584
	2.677233
	2.677057
	2.676428
	2.675918
	2.675683
	2.674908
	2.674319
	2.674056
	2.673208
	2.672580
	2.672304
	2.671421
	2.670775
	2.670492
	2.669592
	2.668938
	2.668651
	2.667745
	2.667086
	2.666799
	2.665889
	2.665229
	2.664953
	2.664127
	2.663563
	2.663290
	2.662603
	2.662239
	2.661779
	2.660903
	2.660615
	2.660330
	2.660034
	2.660041
	6.510170
	6.510170
	6.510170
	6.470362
	6.470362
	6.470362
	6.479794
	6.479794
	6.479794
	6.483070
	6.483070
	6.483070
	6.484138
	6.484138
	6.484138
	6.484475
	6.484475
	6.484475
	6.484536
	6.484536
	6.484536
	6.484499
	6.484499
	6.484499
	6.484441
	6.484441
	6.484441
	6.484391
	6.484391
	6.484391
	6.484357
	6.484357
	6.484357
	6.484335
	6.484335
	6.484335
	6.484322
	6.484322
	6.484322
	6.484314
	6.484314
	6.484314
	6.484309
	6.484309
	6.484309
	6.484307
	6.484307
	6.484307
	6.484306
	6.484306
	6.484306
	6.484305
	6.484305
	6.484305
	6.484305
	6.484305
	6.484305
	6.484305
	6.484305
	6.484305
	6.476625
	6.476625
	6.476625
	6.525582
	6.525582
	6.525582
	6.914251
	6.914251
	6.914251
	7.419107
	7.419107
	7.419107
	6.922430
	7.040571
	7.048434
	7.083147
	7.170785
	7.208942
	7.211756
	7.249530
	7.290675
	7.297788
	7.332292
	7.362977
	7.370013
	7.397328
	7.418766
	7.424035
	7.442794
	7.456537
	7.459856
	7.471342
	7.479456
	7.481328
	7.487812
	7.492307
	7.493294
	7.496764
	7.499149
	7.499647
	7.501445
	7.502675
	7.502921
	7.503833
	7.504457
	7.504576
	7.505033
	7.505346
	7.505403
	7.505630
	7.505786
	7.505813
	7.505925
	7.506002
	7.506015
	7.506071
	7.506109
	7.506115
	7.506142
	7.506161
	7.506163
	7.506177
	7.506186
	7.506187
	7.506194
	7.506198
	7.506199
	7.506202
	7.506204
	7.506204
	7.506205
	7.506206
	7.469380
	7.395879
	7.356687
	7.312415
	7.077321
	6.952438
	7.241646
	7.052012
	6.989488
	7.457949
	7.420136
	7.421009
	4.156804
	4.209596
	4.213098
	4.228539
	4.267395
	4.284256
	4.285499
	4.302154
	4.320259
	4.323385
	4.338531
	4.351978
	4.355059
	4.367006
	4.376372
	4.378672
	4.386856
	4.392846
	4.394293
	4.399296
	4.402828
	4.403643
	4.406464
	4.408419
	4.408848
	4.410358
	4.411394
	4.411611
	4.412393
	4.412928
	4.413035
	4.413431
	4.413702
	4.413754
	4.413953
	4.414089
	4.414113
	4.414212
	4.414280
	4.414292
	4.414341
	4.414374
	4.414380
	4.414404
	4.414420
	4.414423
	4.414435
	4.414443
	4.414444
	4.414450
	4.414454
	4.414454
	4.414457
	4.414459
	4.414459
	4.414461
	4.414462
	4.414462
	4.414462
	4.414463
	4.398441
	4.366373
	4.349224
	4.329809
	4.225950
	4.170245
	4.298681
	4.214691
	4.186811
	4.393462
	4.376970
	4.377351
	1.202527
	1.434034
	1.340185
	1.344546
	1.434034
	1.434034
	1.434034
	1.414007
	1.434034
	1.434034
	1.424419
	1.434034
	1.434034
	1.429064
	1.434034
	1.434034
	1.431195
	1.434034
	1.434034
	1.432373
	1.434034
	1.434034
	1.433092
	1.434034
	1.434034
	1.433520
	1.434034
	1.434034
	1.433763
	1.434034
	1.434034
	1.433894
	1.434034
	1.434034
	1.433963
	1.434034
	1.434034
	1.433998
	1.434034
	1.434034
	1.434016
	1.434034
	1.434034
	1.434025
	1.434034
	1.434034
	1.434030
	1.434034
	1.434034
	1.434032
	1.434034
	1.434034
	1.434033
	1.434034
	1.434034
	1.434033
	1.434034
	1.434034
	1.434034
	1.434034
	1.434034
	1.314916
	1.251402
	1.434034
	1.005577
	0.777972
	1.434034
	0.603482
	0.329597
	0.467139
	0.012382
	0.022874
	0.244851
	0.244851
	0.244851
	0.239806
	0.239806
	0.239806
	0.241000
	0.241000
	0.241000
	0.241415
	0.241415
	0.241415
	0.241550
	0.241550
	0.241550
	0.241593
	0.241593
	0.241593
	0.241601
	0.241601
	0.241601
	0.241596
	0.241596
	0.241596
	0.241589
	0.241589
	0.241589
	0.241582
	0.241582
	0.241582
	0.241578
	0.241578
	0.241578
	0.241575
	0.241575
	0.241575
	0.241574
	0.241574
	0.241574
	0.241573
	0.241573
	0.241573
	0.241572
	0.241572
	0.241572
	0.241572
	0.241572
	0.241572
	0.241572
	0.241572
	0.241572
	0.241571
	0.241571
	0.241571
	0.241571
	0.241571
	0.241571
	0.241571
	0.241571
	0.241571
	0.240599
	0.240599
	0.240599
	0.246808
	0.246808
	0.246808
	0.296861
	0.296861
	0.296861
	0.364171
	0.364171
	0.364171
	10.043285
	6.085293
	3.284555
	1.603566
	0.720859
	0.303613
	0.122099
	0.047680
	0.018304
	0.006961
	0.002635
	0.000995
	0.000375
	0.000141
	0.000053
	0.000020
	0.000008
	0.000003
	0.000001
	0.000000
	0.000000
	0.000000
	0.000000
	0.000000
	-4.005276
	-4.050541
	-3.370945
	-3.143976
	-2.673020
	-2.227054
	-2.039284
	-1.516347
	-1.226618
	-1.104057
	-0.780556
	-0.604013
	-0.535437
	-0.362135
	-0.271051
	-0.237471
	-0.155165
	-0.113480
	-0.098619
	-0.062945
	-0.045364
	-0.039229
	-0.024684
	-0.017638
	-0.015212
	-0.009495
	-0.006753
	-0.005816
	-0.003615
	-0.002565
	-0.002207
	-0.001369
	-0.000970
	-0.000834
	-0.000517
	-0.000366
	-0.000315
	-0.000195
	-0.000138
	-0.000119
	-0.000073
	-0.000052
	-0.000045
	-0.000028
	-0.000020
	-0.000017
	-0.000010
	-0.000007
	-0.000006
	-0.000004
	-0.000003
	-0.000002
	-0.000001
	-0.000001
	-0.000001
	-0.000001
	-0.000000
	-0.000000
	-0.000000
	-0.000000
	-0.000000
	-0.000000
	-0.000000
	-0.000000
	-0.000000
	-0.000000
	-0.000000
	-0.000000
	-0.000000
	-0.000000
	-0.000000
	-0.000000
	0.000000
	0.176363
	0.372003
	0.545185
	0.736536
	0.933744
	1.126737
	1.311140
	1.487161
	1.656886
	1.822482
	1.985573
	2.147218
	2.308051
	2.468439
	2.628587
	2.788606
	2.948557
	3.108472
	3.268368
	3.428253
	3.047920
	1.478328
	0.260568
	0.355796
	0.032957
	0.229955
	0.238045
	0.162098
	0.206694
	0.123241
	0.203071
	0.204507
	0.162441
	0.208011
	0.212445
	0.181886
	0.206051
	0.208325
	0.185397
	0.197532
	0.197796
	0.180812
	0.186663
	0.186137
	0.174372
	0.177123
	0.176531
	0.168976
	0.170254
	0.169822
	0.165255
	0.165849
	0.165581
	0.162936
	0.163213
	0.163060
	0.161572
	0.161702
	0.161619
	0.160799
	0.160861
	0.160817
	0.160372
	0.160402
	0.160379
	0.160140
	0.160155
	0.160143
	0.160015
	0.160023
	0.160017
	0.159949
	0.159953
	0.159950
	0.159914
	0.159916
	0.159915
	0.159895
	0.159896
	0.159896
	0.159885
	0.159886
	0.159886
	-0.492170
	-0.328388
	-0.241059
	-1.971731
	-1.382622
	-1.069675
	-1.971732
	-0.829760
	-0.453181
	-0.642295
	-0.017025
	-0.031451
	0.000000
	0.000000
	0.030164
	0.140739
	0.223402
	1.997675
	0.223402
	0.257517
	0.370491
	0.454320
	3.595692
	0.454320
	0.490781
	0.604403
	0.686827
	4.782109
	0.686827
	0.723038
	0.836675
	0.919052
	5.598925
	0.919052
	0.955099
	1.068574
	1.150810
	6.118940
	1.150810
	1.186739
	1.300012
	1.382090
	6.426164
	1.382090
	1.417931
	1.531018
	1.612957
	6.596936
	1.612957
	1.648731
	1.761662
	1.843486
	6.687779
	1.843486
	1.879209
	1.992012
	2.073741
	6.734710
	2.073741
	2.109423
	2.222116
	2.303766
	6.758507
	2.303766
	2.339414
	2.452009
	2.533589
	6.770432
	2.533589
	2.569206
	2.681713
	2.763227
	6.776362
	2.763227
	2.798817
	2.911239
	2.992691
	6.779297
	2.992691
	3.028255
	3.140595
	3.221988
	6.780745
	3.221988
	3.257526
	3.369785
	3.451119
	6.781457
	3.451119
	3.486632
	3.598811
	3.680088
	6.781808
	3.680088
	3.715576
	3.827676
	3.908896
	6.781980
	3.908896
	3.944358
	4.056379
	4.137542
	6.782064
	4.137542
	4.172980
	4.284922
	4.366028
	6.782105
	4.366028
	4.401441
	4.513305
	4.594354
	6.782126
	4.594354
	4.628571
	4.731031
	4.800954
	6.782135
	4.800954
	4.832699
	4.912735
	4.955242
	6.782139
	4.955242
	4.989036
	5.053452
	5.074683
	6.782141
	5.074683
	5.087004
	5.099805
	5.099509
	1.989958
	0.205066
	2.051984
	0.236776
	1.773328
	0.223830
	1.697943
	0.223321
	1.566092
	0.235516
	1.406755
	0.235449
	1.333057
	0.233981
	1.119832
	0.231140
	0.996761
	0.233814
	0.936628
	0.232972
	0.763494
	0.231554
	0.656881
	0.232796
	0.610162
	0.232178
	0.479724
	0.231395
	0.400467
	0.232001
	0.367940
	0.231549
	0.279795
	0.231061
	0.228044
	0.231379
	0.207707
	0.231050
	0.153931
	0.230728
	0.123333
	0.230888
	0.111655
	0.230658
	0.081290
	0.230440
	0.064399
	0.230506
	0.058074
	0.230351
	0.041796
	0.230195
	0.032874
	0.230205
	0.029572
	0.230102
	0.021128
	0.229982
	0.016543
	0.229960
	0.014859
	0.229890
	0.010567
	0.229789
	0.008250
	0.229750
	0.007402
	0.229700
	0.005248
	0.229610
	0.004090
	0.229562
	0.003667
	0.229523
	0.002595
	0.229438
	0.002020
	0.229386
	0.001810
	0.229353
	0.001279
	0.229272
	0.000995
	0.229217
	0.000892
	0.229188
	0.000629
	0.229108
	0.000489
	0.229052
	0.000438
	0.229025
	0.000309
	0.228945
	0.000240
	0.228889
	0.000215
	0.228863
	0.000152
	0.228784
	0.000118
	0.228727
	0.000106
	0.228702
	0.000075
	0.228623
	0.000058
	0.228566
	0.000052
	0.228541
	0.000037
	0.228463
	0.000028
	0.228406
	0.000025
	0.228381
	0.000018
	0.228303
	0.000014
	0.228246
	0.000012
	0.217647
	0.000008
	0.201470
	0.000006
	0.192840
	0.000006
	0.193847
	0.000003
	0.135893
	0.000002
	0.105120
	0.000004
	0.193426
	0.000001
	0.081363
	0.000001
	0.044431
	0.000001
	0.062785
	0.000000
	0.001664
	0.000000
	0.003074
	0.000000
	2.008470
	3.525253
	4.680471
	5.487030
	6.005191
	6.314063
	6.487912
	6.582419
	6.633313
	6.661275
	6.677523
	6.687898
	6.695367
	6.701411
	6.706763
	6.711778
	6.716633
	6.721410
	6.726151
	6.730874
	6.711610
	6.828510
	7.903897
	2.000333
	2.063229
	1.783461
	1.609189
	1.487598
	1.338362
	1.297138
	1.090773
	0.971693
	0.924351
	0.754120
	0.649386
	0.607349
	0.478286
	0.399945
	0.369086
	0.281665
	0.230385
	0.210473
	0.157144
	0.126822
	0.115095
	0.085056
	0.068355
	0.061863
	0.045838
	0.037058
	0.033605
	0.025354
	0.020875
	0.019086
	0.014933
	0.012692
	0.011781
	0.009723
	0.008617
	0.008158
	0.007150
	0.006609
	0.006379
	0.005889
	0.005627
	0.005513
	0.005276
	0.005150
	0.005094
	0.004980
	0.004919
	0.004892
	0.004837
	0.004808
	0.004795
	0.004769
	0.004755
	0.004749
	0.004737
	0.004730
	0.004727
	0.004721
	0.004718
	-0.025724
	-0.016163
	-0.011683
	0.167451
	0.091607
	0.062308
	1.900057
	0.633113
	0.321650
	1.675926
	0.042146
	0.077967
	0.000000
	0.050744
	0.199069
	0.435038
	0.747364
	1.120919
	1.538275
	1.983632
	2.445323
	2.915937
	3.391218
	3.868874
	4.347718
	4.827148
	5.306866
	5.786723
	6.266649
	6.746607
	7.226582
	7.706564
	8.186549
	8.619297
	8.949978
	9.262503
	0.013031
	0.067799
	0.099839
	0.112781
	0.164084
	0.196050
	0.208770
	0.246874
	0.277809
	0.288880
	0.322052
	0.346887
	0.355514
	0.381254
	0.399162
	0.405113
	0.422680
	0.434273
	0.437900
	0.448638
	0.455488
	0.457495
	0.463549
	0.467334
	0.468374
	0.471609
	0.473609
	0.474125
	0.475796
	0.476822
	0.477072
	0.477917
	0.478434
	0.478553
	0.478973
	0.479231
	0.479286
	0.479494
	0.479621
	0.479647
	0.479749
	0.479812
	0.479823
	0.479873
	0.479904
	0.479909
	0.479933
	0.479948
	0.479950
	0.479962
	0.479969
	0.479970
	0.479976
	0.479980
	0.479980
	0.479983
	0.479984
	0.479985
	0.479986
	0.479987
	0.456334
	0.421783
	0.403421
	0.413346
	0.292426
	0.227093
	0.490170
	0.222892
	0.124143
	0.207650
	0.005731
	0.010576
	0.000000
	0.043558
	0.181182
	0.280924
	0.280924
	0.324179
	0.460844
	0.559892
	0.559892
	0.601338
	0.732291
	0.827198
	0.827198
	0.867676
	0.995570
	1.088260
	1.088260
	1.128067
	1.253841
	1.344994
	1.344994
	1.384328
	1.508607
	1.598678
	1.598678
	1.637679
	1.760906
	1.850215
	1.850215
	1.888992
	2.011514
	2.100311
	2.100311
	2.138947
	2.261024
	2.349498
	2.349498
	2.388051
	2.509861
	2.598143
	2.598143
	2.636647
	2.758304
	2.846475
	2.846475
	2.884952
	3.006523
	3.094632
	3.094632
	3.133094
	3.254618
	3.342692
	3.342692
	3.381146
	3.502645
	3.590701
	3.590701
	3.629151
	3.750636
	3.838682
	3.838682
	3.877129
	3.998607
	4.086647
	4.086647
	4.125094
	4.246568
	4.334605
	4.334605
	4.373051
	4.494523
	4.582559
	4.582559
	4.621004
	4.742475
	4.830511
	4.830511
	4.868955
	4.990426
	5.078461
	5.078461
	5.105128
	5.189386
	5.250451
	5.250451
	5.250451
	5.250451
	5.250451
	5.250451
	5.250451
	5.250451
	5.250451
	5.250451
	5.250451
	5.250451
	5.250451
	0.280924
	0.280924
	0.280924
	0.278968
	0.278968
	0.278968
	0.267306
	0.267306
	0.267306
	0.261062
	0.261062
	0.261062
	0.256734
	0.256734
	0.256734
	0.253684
	0.253684
	0.253684
	0.251537
	0.251537
	0.251537
	0.250096
	0.250096
	0.250096
	0.249188
	0.249188
	0.249188
	0.248645
	0.248645
	0.248645
	0.248332
	0.248332
	0.248332
	0.248157
	0.248157
	0.248157
	0.248061
	0.248061
	0.248061
	0.248009
	0.248009
	0.248009
	0.247981
	0.247981
	0.247981
	0.247966
	0.247966
	0.247966
	0.247958
	0.247958
	0.247958
	0.247954
	0.247954
	0.247954
	0.247952
	0.247952
	0.247952
	0.247950
	0.247950
	0.247950
	0.171990
	0.171990
	0.171990
	0.000000
	0.000000
	0.000000
	0.000000
	0.000000
	0.000000
	-0.000000
	-0.000000
	-0.000000
	-0.002567
	0.028504
	0.000259
	-0.001926
	0.005544
	0.019534
	0.002232
	-0.005610
	0.024855
	0.006930
	-0.004735
	0.020329
	0.009639
	-0.004202
	0.017535
	0.011524
	-0.003826
	0.015498
	0.013004
	-0.003546
	0.013869
	0.014258
	-0.003333
	0.012484
	0.015367
	-0.003170
	0.011255
	0.016372
	-0.003051
	0.010129
	0.017290
	-0.002983
	0.009069
	0.018116
	-0.002991
	0.008047
	0.018822
	-0.003133
	0.007029
	0.019341
	-0.003526
	0.005962
	0.019536
	-0.004394
	0.004763
	0.019152
	-0.006171
	0.003294
	0.017772
	-0.009712
	0.001389
	0.014433
	-0.015765
	-0.001583
	0.008185
	-0.026374
	-0.005729
	-0.001789
	-0.043077
	-0.010564
	-0.013266
	-0.061727
	-0.015394
	-0.024381
	-0.063565
	-0.013507
	-0.016364
	-0.027456
	-0.003780
	-0.007144
	0.000582
	-0.000777
	-0.045851
	0.148999
	-0.034314
	-0.074552
	0.062027
	0.081425
	-0.073000
	0.040459
	0.100403
	-0.039702
	0.035113
	0.071802
	-0.021693
	0.032327
	0.056137
	-0.010534
	0.030389
	0.046625
	-0.002971
	0.028870
	0.040414
	0.002515
	0.027634
	0.036084
	0.006703
	0.026617
	0.032882
	0.010022
	0.025777
	0.030398
	0.012725
	0.025083
	0.028396
	0.014975
	0.024511
	0.026732
	0.016880
	0.024039
	0.025314
	0.018526
	0.023653
	0.024071
	0.019983
	0.023343
	0.022942
	0.021301
	0.023100
	0.021886
	0.022454
	0.022900
	0.020951
	0.023844
	0.022827
	0.019653
	0.025159
	0.022796
	0.018388
	0.025933
	0.022687
	0.017743
	0.024654
	0.019973
	0.018350
	0.031951
	0.041139
	0.025001
	0.039973
	0.088834
	0.062252
	-0.275622
	3.459161
	2.567932
	0.006832
	-1.037305
	0.008439
	-1.412327
	0.003335
	-0.306204
	0.009921
	-1.037305
	0.006541
	-1.412327
	-0.001075
	-0.306204
	0.012149
	-1.037305
	0.006925
	-1.412327
	-0.004156
	-0.306204
	0.012168
	-1.037305
	0.008070
	-1.412327
	-0.004223
	-0.306204
	0.012148
	-1.037305
	0.008854
	-1.412327
	-0.004369
	-0.306204
	0.011990
	-1.037305
	0.009525
	-1.412327
	-0.004474
	-0.306204
	0.011698
	-1.037305
	0.010132
	-1.412327
	-0.004517
	-0.306204
	0.011321
	-1.037305
	0.010686
	-1.412327
	-0.004513
	-0.306204
	0.010910
	-1.037305
	0.011209
	-1.412327
	-0.004478
	-0.306204
	0.010500
	-1.037305
	0.011730
	-1.412327
	-0.004422
	-0.306204
	0.010125
	-1.037305
	0.012295
	-1.412327
	-0.004341
	-0.306204
	0.009826
	-1.037305
	0.012983
	-1.412327
	-0.004219
	-0.306204
	0.009682
	-1.037305
	0.013945
	-1.412327
	-0.004013
	-0.306204
	0.009843
	-1.037305
	0.015480
	-1.412327
	-0.003637
	-0.306204
	0.010615
	-1.037305
	0.018198
	-1.412327
	-0.002911
	-0.306204
	0.012636
	-1.037305
	0.023342
	-1.412327
	-0.001481
	-0.306204
	0.017244
	-1.037305
	0.033475
	-1.412327
	0.001334
	-0.306204
	0.026919
	-1.037305
	0.053664
	-1.412327
	0.007185
	-0.306204
	0.047255
	-1.037305
	0.094544
	-1.412327
	0.018833
	-0.306204
	0.089659
	-1.037305
	0.177839
	-1.412327
	0.041965
	-0.306204
	0.176804
	-1.037305
	0.337976
	-1.412327
	0.083297
	-0.306204
	0.326044
	-1.037305
	0.573605
	-1.412327
	0.136777
	-0.306204
	0.533657
	-1.037305
	0.912447
	-1.412327
	0.206383
	-0.306204
	0.747193
	-1.037305
	1.087382
	-1.412327
	0.226718
	-0.306204
	0.005916
	0.008039
	0.001740
	0.005890
	0.008007
	0.001734
	0.005862
	0.007970
	0.001729
	0.005833
	0.007929
	0.001721
	0.005802
	0.007886
	0.001712
	0.005770
	0.007841
	0.001703
	0.005737
	0.007794
	0.001693
	0.005703
	0.007747
	0.001683
	0.005669
	0.007700
	0.001673
	0.005635
	0.007652
	0.001662
	0.005601
	0.007604
	0.001652
	0.005566
	0.007556
	0.001642
	0.005532
	0.007508
	0.001631
	0.005497
	0.007460
	0.001621
	0.005463
	0.007412
	0.001611
	0.005428
	0.007364
	0.001600
	0.005394
	0.007316
	0.001589
	0.005359
	0.007267
	0.001578
	0.005323
	0.007216
	0.001567
	0.005285
	0.007161
	0.001555
	0.005243
	0.007100
	0.001541
	0.005202
	0.007050
	0.001531
	0.005164
	0.006999
	0.001521
	0.005136
	0.006978
	0.001516
	0.058679
	0.079727
	0.017270
	0.058457
	0.079386
	0.017171
	0.058193
	0.079019
	0.017085
	0.057902
	0.078624
	0.017003
	0.057596
	0.078202
	0.016914
	0.057274
	0.077758
	0.016819
	0.056940
	0.077300
	0.016721
	0.056600
	0.076833
	0.016620
	0.056254
	0.076361
	0.016519
	0.055907
	0.075888
	0.016416
	0.055559
	0.075413
	0.016313
	0.055211
	0.074939
	0.016211
	0.054862
	0.074465
	0.016108
	0.054514
	0.073991
	0.016005
	0.054167
	0.073518
	0.015903
	0.053820
	0.073046
	0.015801
	0.053473
	0.072574
	0.015698
	0.053127
	0.072103
	0.015596
	0.052781
	0.071633
	0.015494
	0.052436
	0.071163
	0.015393
	0.052093
	0.070716
	0.015301
	0.051785
	0.070342
	0.015233
	0.051551
	0.070051
	0.015181
	0.051404
	0.069955
	0.015170
	-0.000072
	0.000256
	0.000009
	-0.000032
	0.000123
	-0.000162
	-0.000018
	-0.000057
	-0.000027
	-0.000031
	-0.000004
	-0.000012
	-0.000075
	0.000083
	0.000039
	-0.000041
	0.000009
	0.000367
	0.000198
	-0.000064
	0.000040
	-0.000330
	-0.000225
	-0.000016
	-0.000045
	-0.000061
	-0.000015
	-0.000051
	-0.000006
	0.000495
	0.000547
	-0.000071
	0.000025
	-0.000334
	-0.000463
	-0.000018
	-0.000015
	-0.000072
	-0.000063
	-0.000057
	-0.000002
	0.000325
	0.000692
	-0.000079
	0.000008
	-0.000194
	-0.000509
	-0.000019
	-0.000005
	-0.000060
	-0.000115
	-0.000062
	-0.000001
	0.000201
	0.000805
	-0.000085
	0.000002
	-0.000107
	-0.000528
	-0.000021
	-0.000001
	-0.000044
	-0.000170
	-0.000066
	-0.000000
	0.000116
	0.000881
	-0.000089
	0.000001
	-0.000055
	-0.000520
	-0.000021
	-0.000000
	-0.000029
	-0.000226
	-0.000068
	-0.000000
	0.000063
	0.000926
	-0.000091
	0.000000
	-0.000027
	-0.000490
	-0.000021
	-0.000000
	-0.000019
	-0.000281
	-0.000069
	-0.000000
	0.000034
	0.000949
	-0.000092
	0.000000
	-0.000013
	-0.000449
	-0.000021
	-0.000000
	-0.000012
	-0.000334
	-0.000070
	-0.000000
	0.000018
	0.000959
	-0.000092
	0.000000
	-0.000006
	-0.000403
	-0.000021
	-0.000000
	-0.000007
	-0.000384
	-0.000070
	-0.000000
	0.000009
	0.000962
	-0.000092
	0.000000
	-0.000003
	-0.000355
	-0.000021
	-0.000000
	-0.000005
	-0.000432
	-0.000070
	-0.000000
	0.000005
	0.000961
	-0.000092
	0.000000
	-0.000002
	-0.000306
	-0.000021
	-0.000000
	-0.000003
	-0.000479
	-0.000070
	-0.000000
	0.000003
	0.000959
	-0.000091
	0.000000
	-0.000001
	-0.000258
	-0.000021
	-0.000000
	-0.000003
	-0.000524
	-0.000069
	-0.000000
	0.000002
	0.000955
	-0.000091
	0.000000
	-0.000001
	-0.000211
	-0.000021
	-0.000000
	-0.000002
	-0.000568
	-0.000069
	-0.000000
	0.000001
	0.000950
	-0.000090
	0.000000
	-0.000001
	-0.000164
	-0.000020
	-0.000000
	-0.000002
	-0.000610
	-0.000069
	-0.000000
	0.000001
	0.000942
	-0.000090
	-0.000000
	-0.000000
	-0.000116
	-0.000020
	-0.000000
	-0.000002
	-0.000649
	-0.000068
	-0.000000
	0.000001
	0.000931
	-0.000089
	-0.000000
	-0.000000
	-0.000067
	-0.000020
	-0.000000
	-0.000002
	-0.000687
	-0.000068
	-0.000000
	0.000001
	0.000919
	-0.000089
	-0.000000
	-0.000000
	-0.000019
	-0.000020
	-0.000000
	-0.000002
	-0.000713
	-0.000068
	-0.000000
	0.000001
	0.000877
	-0.000088
	-0.000000
	-0.000000
	0.000046
	-0.000019
	-0.000000
	-0.000002
	-0.000734
	-0.000067
	-0.000000
	0.000001
	0.000829
	-0.000088
	-0.000000
	0.000000
	0.000114
	-0.000019
	-0.000000
	-0.000002
	-0.000770
	-0.000067
	-0.000000
	0.000001
	0.000817
	-0.000087
	-0.000000
	0.000000
	0.000160
	-0.000019
	-0.000000
	-0.000003
	-0.000863
	-0.000063
	-0.000000
	0.000001
	0.000823
	-0.000075
	-0.000000
	0.000000
	0.000240
	-0.000015
	-0.000000
	-0.000002
	-0.000587
	-0.000059
	-0.000000
	0.000000
	0.000625
	-0.000053
	-0.000000
	0.000000
	0.000148
	-0.000009
	-0.000000
	-0.000002
	-0.000337
	-0.000087
	-0.000000
	0.000000
	0.000453
	-0.000048
	0.000000
	0.000000
	0.000100
	-0.000005
	-0.000000
	-0.000001
	-0.000252
	-0.000046
	0.000000
	0.000000
	0.000139
	-0.000001
	0.000000
	0.000001
	0.000185
	0.000000
	-0.028133
	0.005391
	0.000398
	-0.670726
	0.048117
	-0.003411
	-0.000819
	-1.187329
	-0.010502
	-0.000663
	-0.000195
	-0.260599
	-0.032514
	0.001934
	0.001949
	-0.998798
	0.003922
	0.008583
	0.009764
	-1.540431
	0.017472
	-0.007713
	-0.011082
	-0.375071
	-0.019087
	-0.001393
	-0.000728
	-1.193973
	-0.002544
	0.011303
	0.026427
	-1.667210
	0.010728
	-0.007625
	-0.022352
	-0.419929
	-0.006130
	-0.001619
	-0.003028
	-1.325030
	-0.001015
	0.007362
	0.033144
	-1.831004
	0.003362
	-0.004384
	-0.024377
	-0.449812
	-0.001909
	-0.001356
	-0.005480
	-1.435350
	-0.000372
	0.004524
	0.038454
	-1.958823
	0.001035
	-0.002407
	-0.025248
	-0.472568
	-0.000570
	-0.000990
	-0.008097
	-1.516115
	-0.000129
	0.002605
	0.042068
	-2.044319
	0.000313
	-0.001245
	-0.024810
	-0.486248
	-0.000165
	-0.000662
	-0.010779
	-1.567126
	-0.000044
	0.001426
	0.044207
	-2.092978
	0.000094
	-0.000615
	-0.023409
	-0.492344
	-0.000047
	-0.000420
	-0.013409
	-1.594701
	-0.000015
	0.000756
	0.045313
	-2.115388
	0.000028
	-0.000297
	-0.021457
	-0.493351
	-0.000013
	-0.000260
	-0.015931
	-1.606761
	-0.000005
	0.000397
	0.045797
	-2.121502
	0.000009
	-0.000144
	-0.019248
	-0.491375
	-0.000004
	-0.000163
	-0.018342
	-1.609664
	-0.000002
	0.000211
	0.045942
	-2.118377
	0.000003
	-0.000073
	-0.016949
	-0.487796
	-0.000001
	-0.000107
	-0.020657
	-1.607535
	-0.000001
	0.000116
	0.045915
	-2.110305
	0.000001
	-0.000040
	-0.014638
	-0.483411
	-0.000000
	-0.000077
	-0.022891
	-1.602747
	-0.000000
	0.000069
	0.045799
	-2.099683
	0.000000
	-0.000024
	-0.012348
	-0.478637
	-0.000000
	-0.000061
	-0.025053
	-1.596578
	-0.000000
	0.000046
	0.045624
	-2.087790
	0.000000
	-0.000016
	-0.010084
	-0.473683
	-0.000000
	-0.000053
	-0.027140
	-1.589677
	-0.000000
	0.000034
	0.045378
	-2.075303
	0.000000
	-0.000012
	-0.007831
	-0.468633
	-0.000000
	-0.000050
	-0.029130
	-1.582351
	-0.000000
	0.000028
	0.045006
	-2.062601
	-0.000000
	-0.000009
	-0.005550
	-0.463495
	-0.000000
	-0.000049
	-0.031005
	-1.574732
	-0.000000
	0.000024
	0.044457
	-2.049871
	-0.000000
	-0.000006
	-0.003208
	-0.458250
	-0.000000
	-0.000049
	-0.032843
	-1.566941
	-0.000000
	0.000022
	0.043919
	-2.036940
	-0.000000
	-0.000004
	-0.000915
	-0.453008
	-0.000000
	-0.000050
	-0.034042
	-1.558401
	-0.000000
	0.000019
	0.041918
	-2.025224
	-0.000000
	-0.000001
	0.002201
	-0.446811
	-0.000000
	-0.000051
	-0.035068
	-1.549423
	-0.000000
	0.000015
	0.039599
	-2.013314
	-0.000000
	0.000002
	0.005463
	-0.440311
	-0.000000
	-0.000053
	-0.036771
	-1.540507
	-0.000000
	0.000012
	0.039032
	-1.998552
	-0.000000
	0.000003
	0.007648
	-0.434664
	-0.000000
	-0.000060
	-0.041988
	-1.491667
	-0.000000
	0.000012
	0.040008
	-1.777913
	-0.000000
	0.000007
	0.011670
	-0.366160
	-0.000000
	-0.000042
	-0.025505
	-1.163849
	-0.000000
	0.000008
	0.027145
	-1.054783
	-0.000000
	0.000004
	0.006423
	-0.175296
	-0.000000
	-0.000015
	-0.006300
	-0.470829
	-0.000000
	0.000003
	0.008459
	-0.256483
	0.000000
	0.000002
	0.001872
	-0.029562
	-0.000000
	-0.000003
	-0.001784
	-0.055764
	0.000000
	0.000001
	0.000982
	-0.000961
	0.000000
	0.000002
	0.001309
	0.000531
	0.000064
	-0.000045
	-0.000030
	0.000002
	0.000202
	-0.000209
	-0.000068
	0.000382
	-0.000312
	-0.000082
	0.000370
	-0.000283
	-0.000096
	0.000364
	-0.000258
	-0.000111
	0.000359
	-0.000236
	-0.000128
	0.000355
	-0.000213
	-0.000146
	0.000352
	-0.000192
	-0.000164
	0.000350
	-0.000170
	-0.000183
	0.000348
	-0.000150
	-0.000201
	0.000346
	-0.000130
	-0.000219
	0.000345
	-0.000111
	-0.000236
	0.000343
	-0.000092
	-0.000253
	0.000341
	-0.000073
	-0.000269
	0.000338
	-0.000054
	-0.000285
	0.000333
	-0.000035
	-0.000300
	0.000329
	-0.000015
	-0.000310
	0.000313
	0.000011
	-0.000318
	0.000294
	0.000038
	-0.000332
	0.000289
	0.000056
	-0.000367
	0.000296
	0.000089
	-0.000258
	0.000228
	0.000055
	-0.000177
	0.000169
	0.000039
	-0.000131
	0.000061
	0.000081
	-0.001163
	-0.000868
	-0.000166
	-0.001009
	-0.002263
	0.000693
	-0.000700
	-0.003298
	0.001172
	-0.000607
	-0.003454
	0.001049
	-0.000540
	-0.003607
	0.000949
	-0.000468
	-0.003717
	0.000840
	-0.000383
	-0.003777
	0.000721
	-0.000290
	-0.003801
	0.000598
	-0.000192
	-0.003802
	0.000475
	-0.000093
	-0.003790
	0.000354
	0.000007
	-0.003770
	0.000237
	0.000107
	-0.003743
	0.000124
	0.000209
	-0.003707
	0.000014
	0.000317
	-0.003653
	-0.000090
	0.000435
	-0.003561
	-0.000185
	0.000581
	-0.003396
	-0.000265
	0.000794
	-0.003099
	-0.000306
	0.001109
	-0.002464
	-0.000307
	0.001696
	-0.001267
	-0.000162
	0.002900
	0.000961
	0.000339
	0.005245
	0.004331
	0.000957
	0.007734
	0.006535
	0.001143
	0.013454
	0.007664
	0.000811
	0.007640
	-0.000308
	-0.000654
	-0.000379
	0.000403
	0.000100
	-0.000102
	-0.000921
	0.000990
	0.000315
	-0.001885
	0.001489
	0.000478
	-0.001936
	0.001388
	0.000614
	-0.001999
	0.001305
	0.000743
	-0.002040
	0.001208
	0.000867
	-0.002057
	0.001097
	0.000984
	-0.002056
	0.000978
	0.001095
	-0.002044
	0.000857
	0.001200
	-0.002027
	0.000737
	0.001302
	-0.002008
	0.000619
	0.001400
	-0.001987
	0.000503
	0.001495
	-0.001965
	0.000390
	0.001588
	-0.001939
	0.000279
	0.001677
	-0.001904
	0.000167
	0.001763
	-0.001855
	0.000055
	0.001853
	-0.001794
	-0.000051
	0.001920
	-0.001639
	-0.000185
	0.002003
	-0.001420
	-0.000312
	0.002178
	-0.001183
	-0.000363
	0.002575
	-0.000894
	-0.000465
	0.002163
	-0.000601
	-0.000255
	0.002342
	-0.000490
	-0.000226
	0.001671
	-0.000538
	-0.000743
	-0.000779
	-0.001260
	-0.000264
	-0.000909
	-0.001346
	-0.000299
	-0.001016
	-0.001414
	-0.000318
	-0.001085
	-0.001518
	-0.000338
	-0.001154
	-0.001609
	-0.000356
	-0.001211
	-0.001676
	-0.000368
	-0.001251
	-0.001720
	-0.000376
	-0.001275
	-0.001745
	-0.000380
	-0.001288
	-0.001759
	-0.000382
	-0.001295
	-0.001765
	-0.000383
	-0.001298
	-0.001768
	-0.000383
	-0.001299
	-0.001769
	-0.000384
	-0.001299
	-0.001769
	-0.000383
	-0.001299
	-0.001768
	-0.000383
	-0.001298
	-0.001767
	-0.000383
	-0.001297
	-0.001766
	-0.000383
	-0.001296
	-0.001764
	-0.000382
	-0.001295
	-0.001763
	-0.000382
	-0.001295
	-0.001762
	-0.000382
	-0.001294
	-0.001761
	-0.000382
	-0.001233
	-0.001554
	-0.000322
	-0.001098
	-0.001048
	-0.000176
	-0.001096
	-0.000628
	-0.000074
	-0.000356
	-0.000013
	-0.000005
	-0.000000
	-0.000000
	-0.000000
	-0.000000
	-0.000000
	-0.000000
	-0.000000
	-0.000000
	-0.000000
	-0.000000
	-0.000000
	-0.000000
	-0.000000
	-0.000000
	-0.000000
	-0.000000
	-0.000000
	-0.000000
	-0.000000
	-0.000000
	-0.000000
	-0.000000
	-0.000000
	-0.000000
	-0.000000
	-0.000000
	-0.000000
	-0.000000
	-0.000000
	-0.000000
	-0.000000
	-0.000000
	-0.000000
	-0.000000
	-0.000000
	-0.000000
	-0.000000
	-0.000000
	-0.000000
	-0.000000
	-0.000000
	-0.000000
	-0.000000
	-0.000000
	-0.000000
	-0.000000
	-0.000000
	-0.000000
	-0.000000
	-0.000000
	-0.000000
	-0.000000
	-0.000000
	-0.000000
	-0.000000
	-0.000000
	-0.000000
	-0.000000
	-0.000000
	-0.000000
	-0.000000
	-0.000000
	-0.000000
	-0.000000
	-0.000000
	-0.000000
	-0.000000
	-0.000000
	-0.000000
	-0.000000
	-0.000000
	-0.000000
	0.000000
	0.000000
	0.000000
	0.000000
	0.000000
	0.000000
	0.000000
	0.000000
	0.000000
	0.000000
	0.000000
	0.000000
	0.000000
	0.000000
	0.000000
	0.000000
	0.000000
	0.000000
	0.000000
	0.000000
	0.000000
	0.000000
	0.000000
	0.000000
	0.000000
	0.000000
	0.000000
	0.000000
	0.000000
	0.000000
	0.000000
	0.000000
	0.000000
	0.000000
	0.000000
	0.000000
	0.000000
	0.000000
	0.000000
	0.000000
	0.000000
	0.000000
	0.000000
	0.000000
	0.000000
	0.000000
	0.000000
	0.000000
	0.000000
	0.000000
	0.000000
	0.000000
	0.000000
	0.000000
	0.000000
	0.000000
	0.000000
	0.000000
	0.000000
	0.000000
	0.000000
	0.000000
	0.000000
	0.000000
	0.000000
	0.000000
	0.000000
	0.000000
	0.000000
	0.000000
	0.000000
	0.000000
	0.000000
	0.000000
	0.000000
	0.000000
	0.000000
	0.000000
	0.000000
	0.000000
	0.000000
	0.000000
	0.000000
	0.000000
	0.000000
	0.000000
	0.000000
	0.000000
	0.000000
	0.000000
	0.000000
	0.000000
	0.000000
	0.000000
	0.000000
	0.000000
	0.000000
	0.000000
	0.000000
	0.000000
	0.000000
	0.000000
	0.000000
	0.000000
	0.000000
	0.000000
	0.000000
	0.000000
	0.000000
	0.000000
	0.000000
	0.000000
	0.000000
	0.000000
	0.000000
	0.000000
	0.000000
	0.000000
	0.000000
	0.000000
	0.000000
	0.000000
	0.000000
	0.000000
	0.000000
	0.000000
	0.000000
	0.000000
	0.000000
	0.000000
	0.000000
	0.000000
	0.000000
	0.000000
	0.000000
	0.000000
	0.000000
	0.000000
	0.000000
	0.000000
	0.000000
	0.000000
	0.000000
	0.000000
	-0.000000
	-0.031308
	-0.000000
	-0.000000
	-0.010416
	-0.020560
	-0.003659
	-0.000000
	-0.026741
	-0.008186
	-0.000000
	-0.022271
	-0.010837
	-0.000000
	-0.019542
	-0.012739
	-0.000001
	-0.017552
	-0.014289
	-0.000001
	-0.015946
	-0.015640
	-0.000002
	-0.014568
	-0.016862
	-0.000004
	-0.013337
	-0.017991
	-0.000007
	-0.012207
	-0.019048
	-0.000013
	-0.011152
	-0.020046
	-0.000025
	-0.010152
	-0.020993
	-0.000050
	-0.009191
	-0.021892
	-0.000099
	-0.008255
	-0.022741
	-0.000197
	-0.007321
	-0.023536
	-0.000361
	-0.006373
	-0.024302
	-0.000526
	-0.005455
	-0.024863
	-0.001227
	-0.004205
	-0.025355
	-0.002046
	-0.002907
	-0.026036
	-0.002229
	-0.002057
	-0.028210
	-0.000000
	-0.000000
	-0.025333
	-0.000000
	-0.000000
	-0.021384
	-0.000000
	-0.000000
	-0.000000
	-0.000000
	-0.000000
	0.000000
	0.000555
	0.000000
	0.000000
	0.000183
	0.000362
	0.000062
	0.000000
	0.000451
	0.000135
	0.000000
	0.000367
	0.000176
	0.000000
	0.000317
	0.000204
	0.000000
	0.000281
	0.000227
	0.000000
	0.000253
	0.000247
	0.000000
	0.000230
	0.000265
	0.000000
	0.000210
	0.000282
	0.000000
	0.000192
	0.000298
	0.000000
	0.000175
	0.000314
	0.000000
	0.000159
	0.000329
	0.000001
	0.000144
	0.000343
	0.000002
	0.000129
	0.000356
	0.000003
	0.000115
	0.000368
	0.000006
	0.000100
	0.000380
	0.000008
	0.000085
	0.000389
	0.000019
	0.000066
	0.000397
	0.000032
	0.000045
	0.000407
	0.000035
	0.000032
	0.000306
	0.000000
	0.000000
	0.000000
	0.000000
	0.000000
	0.000000
	0.000000
	0.000000
	-0.000000
	-0.000000
	-0.000000
	0.000039
	-0.000018
	-0.000010
	0.000001
	0.000050
	-0.000045
	-0.000014
	0.000068
	-0.000050
	-0.000013
	0.000052
	-0.000037
	-0.000012
	0.000042
	-0.000028
	-0.000012
	0.000035
	-0.000022
	-0.000012
	0.000031
	-0.000018
	-0.000012
	0.000027
	-0.000014
	-0.000012
	0.000024
	-0.000011
	-0.000012
	0.000022
	-0.000009
	-0.000012
	0.000020
	-0.000007
	-0.000012
	0.000018
	-0.000006
	-0.000012
	0.000017
	-0.000004
	-0.000012
	0.000016
	-0.000003
	-0.000012
	0.000015
	-0.000002
	-0.000012
	0.000014
	-0.000001
	-0.000012
	0.000013
	-0.000001
	-0.000012
	0.000011
	0.000000
	-0.000011
	0.000010
	0.000001
	-0.000011
	0.000010
	0.000002
	-0.000012
	0.000009
	0.000003
	-0.000008
	0.000007
	0.000002
	-0.000006
	0.000005
	0.000001
	-0.000004
	0.000002
	-0.000047
	-0.000064
	0.000261
	0.000094
	-0.000109
	-0.001278
	0.001570
	0.000522
	-0.003525
	0.002975
	0.000975
	-0.004247
	0.003157
	0.001412
	-0.004810
	0.003203
	0.001833
	-0.005181
	0.003096
	0.002224
	-0.005385
	0.002878
	0.002580
	-0.005471
	0.002598
	0.002904
	-0.005487
	0.002291
	0.003203
	-0.005464
	0.001977
	0.003488
	-0.005419
	0.001664
	0.003764
	-0.005354
	0.001359
	0.004040
	-0.005264
	0.001064
	0.004327
	-0.005123
	0.000783
	0.004644
	-0.004882
	0.000524
	0.005034
	-0.004443
	0.000307
	0.005603
	-0.003649
	0.000197
	0.006448
	-0.001942
	0.000192
	0.008029
	0.001284
	0.000581
	0.011273
	0.007293
	0.001934
	0.017440
	0.015836
	0.003445
	0.023801
	0.020437
	0.003555
	0.039237
	0.022364
	0.002389
	0.021570
	-0.000795
	-0.001749
	0.002567
	0.002804
	-0.000259
	0.001926
	0.004872
	0.001026
	0.001427
	0.005610
	0.001886
	0.001256
	0.004735
	0.001941
	0.001198
	0.004202
	0.002008
	0.001215
	0.003827
	0.002054
	0.001284
	0.003548
	0.002077
	0.001382
	0.003335
	0.002083
	0.001495
	0.003174
	0.002081
	0.001619
	0.003058
	0.002079
	0.001758
	0.002995
	0.002083
	0.001930
	0.003016
	0.002105
	0.002171
	0.003183
	0.002163
	0.002551
	0.003626
	0.002292
	0.003205
	0.004590
	0.002558
	0.004384
	0.006532
	0.003079
	0.006530
	0.010238
	0.004066
	0.010431
	0.016991
	0.005789
	0.017170
	0.028419
	0.008636
	0.027825
	0.045306
	0.012621
	0.041477
	0.061727
	0.015394
	0.049714
	0.063565
	0.013507
	0.037748
	0.027456
	0.003780
	0.007144
	-0.000582
	0.000777
	-0.002576
	-0.001806
	-0.002788
	-0.003671
	-0.004536
	-0.005376
	-0.006170
	-0.006913
	-0.007617
	-0.008314
	-0.009057
	-0.009938
	-0.011130
	-0.012957
	-0.016024
	-0.021420
	-0.030989
	-0.047549
	-0.074239
	-0.110502
	-0.135741
	-0.119837
	-0.032916
	-0.004970
	0.045851
	-0.148999
	0.034314
	0.074552
	-0.062027
	-0.081425
	0.073000
	-0.040459
	-0.100403
	0.039702
	-0.035113
	-0.071802
	0.021693
	-0.032327
	-0.056137
	0.010534
	-0.030389
	-0.046625
	0.002971
	-0.028870
	-0.040414
	-0.002515
	-0.027634
	-0.036084
	-0.006703
	-0.026617
	-0.032882
	-0.010022
	-0.025777
	-0.030398
	-0.012725
	-0.025083
	-0.028396
	-0.014975
	-0.024511
	-0.026732
	-0.016880
	-0.024039
	-0.025314
	-0.018526
	-0.023653
	-0.024071
	-0.019983
	-0.023343
	-0.022942
	-0.021301
	-0.023100
	-0.021886
	-0.022454
	-0.022900
	-0.020951
	-0.023844
	-0.022827
	-0.019653
	-0.025159
	-0.022796
	-0.018388
	-0.025933
	-0.022687
	-0.017743
	-0.024654
	-0.019973
	-0.018350
	-0.031951
	-0.041139
	-0.025001
	-0.039973
	-0.088834
	-0.062252
	0.275622
	-3.459161
	-2.567932
	-0.172211
	-0.071339
	-0.010010
	0.022386
	0.043411
	0.058728
	0.070596
	0.080097
	0.087844
	0.094233
	0.099549
	0.104002
	0.107757
	0.110940
	0.113651
	0.115967
	0.117952
	0.119655
	0.121115
	0.122362
	0.135705
	0.197703
	0.546070
	-0.551907
	-0.076460
	-0.153250
	-0.013392
	-0.052630
	-0.143722
	-0.061226
	-0.046827
	-0.133077
	-0.073197
	-0.056984
	-0.126410
	-0.061682
	-0.063626
	-0.122995
	-0.054892
	-0.068551
	-0.120840
	-0.050356
	-0.072406
	-0.119345
	-0.047111
	-0.075496
	-0.118266
	-0.044674
	-0.078007
	-0.117460
	-0.042775
	-0.080069
	-0.116843
	-0.041249
	-0.081780
	-0.116357
	-0.039992
	-0.083218
	-0.115969
	-0.038936
	-0.084442
	-0.115656
	-0.038029
	-0.085501
	-0.115403
	-0.037231
	-0.086440
	-0.115201
	-0.036504
	-0.087289
	-0.115043
	-0.035824
	-0.088033
	-0.114913
	-0.035222
	-0.088929
	-0.114866
	-0.034385
	-0.089777
	-0.114846
	-0.033569
	-0.090276
	-0.114776
	-0.033154
	-0.089924
	-0.112852
	-0.032792
	-0.094799
	-0.123571
	-0.032923
	-0.099358
	-0.132032
	-0.033073
	-0.103329
	-0.135417
	-0.031424
	0.076460
	0.153250
	0.013392
	0.052630
	0.143722
	0.061226
	0.046827
	0.133077
	0.073197
	0.056984
	0.126410
	0.061682
	0.063626
	0.122995
	0.054892
	0.068551
	0.120840
	0.050356
	0.072406
	0.119345
	0.047111
	0.075496
	0.118266
	0.044674
	0.078007
	0.117460
	0.042775
	0.080069
	0.116843
	0.041249
	0.081780
	0.116357
	0.039992
	0.083218
	0.115969
	0.038936
	0.084442
	0.115656
	0.038029
	0.085501
	0.115403
	0.037231
	0.086440
	0.115201
	0.036504
	0.087289
	0.115043
	0.035824
	0.088033
	0.114913
	0.035222
	0.088929
	0.114866
	0.034385
	0.089777
	0.114846
	0.033569
	0.090276
	0.114776
	0.033154
	0.089924
	0.112852
	0.032792
	0.094799
	0.123571
	0.032923
	0.099358
	0.132032
	0.033073
	0.103329
	0.135417
	0.031424
	-0.151545
	-0.181956
	-0.201050
	-0.214114
	-0.224642
	-0.233459
	-0.240821
	-0.246917
	-0.251948
	-0.256107
	-0.259563
	-0.262453
	-0.264884
	-0.266942
	-0.268693
	-0.270188
	-0.271469
	-0.272567
	-0.273509
	-0.274313
	-0.276241
	-0.280845
	-0.286449
	-0.090112
	-0.006832
	1.037305
	-0.008439
	1.412327
	-0.003335
	0.306204
	-0.009921
	1.037305
	-0.006541
	1.412327
	0.001075
	0.306204
	-0.012149
	1.037305
	-0.006925
	1.412327
	0.004156
	0.306204
	-0.012168
	1.037305
	-0.008070
	1.412327
	0.004223
	0.306204
	-0.012148
	1.037305
	-0.008854
	1.412327
	0.004369
	0.306204
	-0.011990
	1.037305
	-0.009525
	1.412327
	0.004474
	0.306204
	-0.011698
	1.037305
	-0.010132
	1.412327
	0.004517
	0.306204
	-0.011321
	1.037305
	-0.010686
	1.412327
	0.004513
	0.306204
	-0.010910
	1.037305
	-0.011209
	1.412327
	0.004478
	0.306204
	-0.010500
	1.037305
	-0.011730
	1.412327
	0.004422
	0.306204
	-0.010125
	1.037305
	-0.012295
	1.412327
	0.004341
	0.306204
	-0.009826
	1.037305
	-0.012983
	1.412327
	0.004219
	0.306204
	-0.009682
	1.037305
	-0.013945
	1.412327
	0.004013
	0.306204
	-0.009843
	1.037305
	-0.015480
	1.412327
	0.003637
	0.306204
	-0.010615
	1.037305
	-0.018198
	1.412327
	0.002911
	0.306204
	-0.012636
	1.037305
	-0.023342
	1.412327
	0.001481
	0.306204
	-0.017244
	1.037305
	-0.033475
	1.412327
	-0.001334
	0.306204
	-0.026919
	1.037305
	-0.053664
	1.412327
	-0.007185
	0.306204
	-0.047255
	1.037305
	-0.094544
	1.412327
	-0.018833
	0.306204
	-0.089659
	1.037305
	-0.177839
	1.412327
	-0.041965
	0.306204
	-0.176804
	1.037305
	-0.337976
	1.412327
	-0.083297
	0.306204
	-0.326044
	1.037305
	-0.573605
	1.412327
	-0.136777
	0.306204
	-0.533657
	1.037305
	-0.912447
	1.412327
	-0.206383
	0.306204
	-0.747193
	1.037305
	-1.087382
	1.412327
	-0.226718
	0.306204
	0.026465
	-2.755837
	0.025773
	-2.755837
	0.023663
	-2.755837
	0.021779
	-2.755837
	0.019640
	-2.755837
	0.017246
	-2.755837
	0.014737
	-2.755837
	0.012229
	-2.755837
	0.009796
	-2.755837
	0.007501
	-2.755837
	0.005437
	-2.755837
	0.003782
	-2.755837
	0.002904
	-2.755837
	0.003553
	-2.755837
	0.007262
	-2.755837
	0.017158
	-2.755837
	0.039640
	-2.755837
	0.087659
	-2.755837
	0.187700
	-2.755837
	0.393882
	-2.755837
	0.762233
	-2.755837
	1.241061
	-2.755837
	1.881696
	-2.755837
	0.023606
	-2.755837
	-0.005916
	-0.008039
	-0.001740
	-0.005890
	-0.008007
	-0.001734
	-0.005862
	-0.007970
	-0.001729
	-0.005833
	-0.007929
	-0.001721
	-0.005802
	-0.007886
	-0.001712
	-0.005770
	-0.007841
	-0.001703
	-0.005737
	-0.007794
	-0.001693
	-0.005703
	-0.007747
	-0.001683
	-0.005669
	-0.007700
	-0.001673
	-0.005635
	-0.007652
	-0.001662
	-0.005601
	-0.007604
	-0.001652
	-0.005566
	-0.007556
	-0.001642
	-0.005532
	-0.007508
	-0.001631
	-0.005497
	-0.007460
	-0.001621
	-0.005463
	-0.007412
	-0.001611
	-0.005428
	-0.007364
	-0.001600
	-0.005394
	-0.007316
	-0.001589
	-0.005359
	-0.007267
	-0.001578
	-0.005323
	-0.007216
	-0.001567
	-0.005285
	-0.007161
	-0.001555
	-0.005243
	-0.007100
	-0.001541
	-0.005202
	-0.007050
	-0.001531
	-0.005164
	-0.006999
	-0.001521
	-0.005136
	-0.006978
	-0.001516
	0.015659
	0.015589
	0.015515
	0.015437
	0.015354
	0.015269
	0.015182
	0.015093
	0.015003
	0.014913
	0.014823
	0.014733
	0.014642
	0.014552
	0.014461
	0.014370
	0.014278
	0.014184
	0.014085
	0.013976
	0.013860
	0.013763
	0.013672
	0.015725
	-0.058679
	-0.079727
	-0.017270
	-0.058457
	-0.079386
	-0.017171
	-0.058193
	-0.079019
	-0.017085
	-0.057902
	-0.078624
	-0.017003
	-0.057596
	-0.078202
	-0.016914
	-0.057274
	-0.077758
	-0.016819
	-0.056940
	-0.077300
	-0.016721
	-0.056600
	-0.076833
	-0.016620
	-0.056254
	-0.076361
	-0.016519
	-0.055907
	-0.075888
	-0.016416
	-0.055559
	-0.075413
	-0.016313
	-0.055211
	-0.074939
	-0.016211
	-0.054862
	-0.074465
	-0.016108
	-0.054514
	-0.073991
	-0.016005
	-0.054167
	-0.073518
	-0.015903
	-0.053820
	-0.073046
	-0.015801
	-0.053473
	-0.072574
	-0.015698
	-0.053127
	-0.072103
	-0.015596
	-0.052781
	-0.071633
	-0.015494
	-0.052436
	-0.071163
	-0.015393
	-0.052093
	-0.070716
	-0.015301
	-0.051785
	-0.070342
	-0.015233
	-0.051551
	-0.070051
	-0.015181
	-0.051404
	-0.069955
	-0.015170
	0.155406
	0.154691
	0.153931
	0.153129
	0.152285
	0.151407
	0.150507
	0.149593
	0.148672
	0.147748
	0.146823
	0.145897
	0.144973
	0.144049
	0.143127
	0.142206
	0.141286
	0.140367
	0.139450
	0.138534
	0.137706
	0.137088
	0.136610
	0.156028
	0.000000
	0.000000
	0.000000
	0.000000
	0.000000
	0.000000
	0.000000
	0.000000
	0.000000
	0.000000
	0.000000
	0.000000
	0.000000
	0.000000
	0.000000
	0.000000
	0.000000
	0.000000
	0.000000
	0.000000
	0.000000
	0.000000
	-0.000000
	-0.000000
	-0.000000
	-0.000000
	-0.000000
	-0.000000
	-0.000000
	-0.000000
	-0.000000
	-0.000000
	-0.000000
	-0.000000
	-0.000000
	-0.000000
	-0.000000
	-0.000000
	-0.000000
	-0.000000
	-0.000000
	-0.000000
	-0.000000
	-0.000000
	0.000000
	0.025195
	0.087821
	3.935433
	-1.685479
	-0.150615
	13.452101
