13.309517569410504
1
1
1
3.9703549467347505
3.953149572449392
3.9575645366124723
3.959138072751073
3.959658937958845
3.959827254315553
3.9598619137482345
3.959846608655373
3.959819165590336
3.9597946028744895
3.9597767146336293
3.95976494084607
3.959757637485367
3.9597532782028275
3.9597507453105334
3.9597493027485444
3.959748493975538
3.9597480465007333
3.959747801980109
3.9597476703622947
3.9597476020802915
3.952653506874305
4.009204307395276
4.226454891057748
2.0423739398783387
2.032713241082812
1.948162614222529
1.9020881011029904
1.8699221560171941
1.847182757592587
1.8309814921475709
1.8198658664704699
1.8126684362859862
1.808246518309593
1.8056352800921047
1.8041360431988407
1.8032922791360202
1.8028242908133054
1.802567580579544
1.8024279832453725
1.8023526016170848
1.8023121296078313
1.802290499293193
1.8022789684380196
1.8022728793563554
0.7814230366781132
1.061939076760147e-07
9.300660144238384e-09
9.462004843809783
7.5013399799622915
6.197748208201442
5.7092598749844905
4.293693972901834
3.4238663773811666
3.091526097688376
2.2164516092050395
1.7201746873499129
1.533892003185531
1.0569058785044436
0.7986450375674798
0.704681102311913
0.47014550762281176
0.348004115197427
0.30459212047339357
0.19843965949605397
0.14479186969221228
0.12603391405581704
0.08082378660954602
0.05844349725416478
0.050699535387617956
0.032203477373257315
0.023164792924012616
0.020056331260372297
0.012670744926628286
0.009088317036216587
0.007860439112018336
0.004951422431337025
0.0035461256327108063
0.0030653158584340663
0.0019279435631584258
0.0013796829525808507
0.0011922720623265925
0.0007492952759940721
0.0005360008579697324
0.00046312458019429965
0.00029093902492584696
0.00020807867129890112
0.0001797743429345
0.00011291311859189675
8.074701562806509e-05
6.976063738182662e-05
4.3811010660622556e-05
3.132879266647188e-05
2.7065715670511747e-05
1.6996927711618146e-05
1.215402241178324e-05
1.050006149170175e-05
6.59374012456182e-06
4.714939068088975e-06
4.0732951175229975e-06
2.557881504625946e-06
1.829035064875772e-06
1.580122724152368e-06
9.922535466951824e-07
7.095172518925999e-07
6.129587474737536e-07
3.84912261089271e-07
2.7523356680406876e-07
2.3777677742992122e-07
1.4931356572895012e-07
1.0676738320661233e-07
9.325372494711526e-08
6.289167753097662e-08
4.898933710799309e-08
4.2737638466380714e-08
3.0204954216021615e-08
2.546621622037686e-08
2.1376201139496463e-08
1.5427001335518012e-08
1.4459852817214578e-08
0.07242891529493707
0.13743079936166688
0.17139138286350059
0.21053606591764581
0.29761632307837144
0.35756729075565197
0.37234598366167976
0.451783312946179
0.5221015227805091
0.5441140068014414
0.6322859143968347
0.7044190274103994
0.7303415174314557
0.8223528373106683
0.8935555022442001
0.9206809679479705
1.0117068342638385
1.0798535824619522
1.1066729943378728
1.1941362493531442
1.2584727928946307
1.2844868946425183
1.3680449620529367
1.428987217910422
1.4542289715975636
1.5346557526556948
1.5930921864259193
1.6177618927422597
1.6960382298734245
1.752822904296877
1.7771178893167006
1.8540419715790555
1.90981142181637
1.9338773569402194
2.009995444001816
2.0651679765055326
2.089099748695871
2.164753634928834
2.2195852998123784
2.2434406613656512
2.3188333113924426
2.373474199341763
2.39728688139622
2.47253490279067
2.5270705521813306
2.5508597300377267
2.626028641477871
2.6805068656685163
2.704283236426705
2.7794092729445365
2.8338564252124714
2.8576258746913594
2.932728841554036
2.9871592934513727
3.010925025757996
3.0860156484729746
3.140437171453156
3.1642009145834646
3.2392849545688587
3.293701720020743
3.3174644100175206
3.3925449705531268
3.4469592199953287
3.281704597393389
2.8575870691770593
2.626525386816684
2.311707665956674
1.541452243295146
1.15033159518304
0.8059569262195384
0.2413692904261713
0.1099868491485294
0.16291529046182757
0.24025985573350603
0.29631493274416704
0.3206784329252519
0.3976571481760448
0.4534470772603703
0.47679717861510434
0.55057396724988
0.6040433164406748
0.6268411822975314
0.698873132184733
0.7510779184418184
0.7734902527868592
0.844304080472912
0.8956260389119866
0.9177658255476708
0.9877185137277058
1.038416365726241
1.0603619687822516
1.1297011161173762
1.1799543075351733
1.2017666819868125
1.2706848813168086
1.3206329928267664
1.3423591010072664
1.4110047341348535
1.4607553046875006
1.4824284130659424
1.5509065884538502
1.6005357948684902
1.622177605717355
1.6905568936876318
1.7401144319534978
1.7617382733920282
1.8300607853608664
1.879577175510872
1.9011909038427024
1.9694814625225976
2.0189746946903173
2.0405828138524162
2.1088556498456548
2.158336037587113
2.179941079896215
2.2482041942899733
2.297677536352067
2.319280905488777
2.387538733340775
2.4370082440088394
2.4586107096436303
2.526865682798378
2.576333124539252
2.5979351050885007
2.66618854557095
2.715654876515436
2.7372565978101253
2.805509219153998
2.8549749564320015
2.8765765395212686
2.9448287241924223
2.994294144994112
3.015895655101446
3.0841476091794817
3.133612862859992
3.142978768444131
3.1725712068732776
3.1940181748567733
3.194018176129581
3.194018180151138
3.1940181830657393
3.194018183177214
3.1940181835294297
3.1940181837846957
46.01196279892735
40.125267424256705
36.04208122344247
34.425150216297496
29.37180412435352
25.89660829136794
24.458589576052365
20.262296962361376
17.504897477587708
16.37086745123052
13.12659712872897
11.074422594057417
10.254155948618454
7.970788272118533
6.583835648987073
6.043551693719002
4.577988177738175
3.7187776388070013
3.390868459807738
2.5192956068207586
2.0220025470575367
1.8349958652432599
1.345013293488326
1.070708793400119
0.9685747698874799
0.7035126128032749
0.5569924135895924
0.5027882310860476
0.3629889452585553
0.28634945578282356
0.2581154545003104
0.1855926865529823
0.1460509807240307
0.13152372199425452
0.0943094632886593
0.07409268062526618
0.0666788552135212
0.04772177424628652
0.03744865845982271
0.033686064008286165
0.02407729284888062
0.01887901977081339
0.01697677482566662
0.012123165764258283
0.009500511072468564
0.008541365055777418
0.00609559116509998
0.004775104956850076
0.004292386336739334
0.003062001816036612
0.0023980888207610343
0.0021554580515171047
0.0015372031465761319
0.0012037214540472742
0.001081871910367527
0.0007714412094827594
0.0006040380672758852
0.0005428784681280866
0.0003870820038809854
0.0003030786837938047
0.0002723905336208689
0.00019422037414636682
0.0001520745838272468
0.00013771816851132314
0.00010339731886368672
8.611830196828491e-05
7.804992467377708e-05
6.098098532570411e-05
5.393141180065821e-05
4.787494850058473e-05
3.871967544690782e-05
3.7020775968010314e-05
0.28854796783530906
1.2693504780718712
1.938387452505464
2.1977782198633524
2.98622600947428
3.5077111118769717
3.7179810393470873
4.312625198412855
4.687620531261246
4.838280070729842
5.258104327916214
5.514973949570761
5.615793401165772
5.891037287753584
6.054160828551807
6.11687162302342
6.284658466816971
6.381309078670857
6.417851587698062
6.514050898486015
6.568256262333413
6.588505722888149
6.641203191666515
6.670441378565185
6.681276473249177
6.709259806224347
6.724628311723797
6.730294305558992
6.744856037477876
6.752801045785175
6.755720607868281
6.76320035912207
6.7672641818270804
6.76875438987811
6.772564411105935
6.7746287482558785
6.775384706052608
6.777314851260386
6.778358734909757
6.778740655220584
6.779714904581394
6.780241165109793
6.780433586879957
6.78092413771144
6.781188899624219
6.781285666841287
6.781532257987947
6.781665275189832
6.781713877844028
6.781837697560372
6.781904464620109
6.781928856025824
6.781990984599041
6.782024478537581
6.782036713274419
6.782067873918342
6.782084670779822
6.782090806051436
6.78210643130716
6.782114853574908
6.782117929881282
6.782125764589871
6.7821299876781405
6.782131426022404
6.782134864179778
6.782136594861935
6.782137402950005
6.782139112350477
6.782139818255576
6.782140424719909
6.782141341437056
6.782141511520432
0.2903380169684663
1.277401163847756
1.950860574301382
2.1979291596779125
2.949947908698099
3.4481839360664086
3.6537138580878636
4.23526713949214
4.602304352554206
4.751620237217208
5.1678607010333035
5.422722166080124
5.523453337725885
5.798666663948348
5.962003376946704
6.025088514969128
6.194167276946728
6.291859692829408
6.3289315709858345
6.426875394462908
6.482410661813764
6.503235455616542
6.557818190182871
6.588479474755535
6.599910020491121
6.629839851569188
6.646671465591925
6.652952716956675
6.669515558766778
6.678955904351075
6.682512423979964
6.692050200056507
6.697641079311728
6.6997887188494945
6.705709507748288
6.709329673207656
6.71076001612188
6.714844297167813
6.717467471175148
6.718536572236984
6.721697590270672
6.723820734541811
6.724709378064978
6.727409723164873
6.729283764398689
6.730082839490573
6.732554715229928
6.734305345874832
6.735060205553352
6.737419358476494
6.7391091443889595
6.739842282820216
6.742146079870815
6.743806000655706
6.744528516786194
6.746805249827693
6.748450573877125
6.749167918793508
6.751431478370812
6.753069698788107
6.753784539358717
6.756041719765611
6.757676500642727
6.748927523521117
6.728324066371956
6.718215491714543
6.79106297041414
6.945400931159296
7.00930506958103
7.503697967978469
8.251235267679869
8.39006710715237
0.0004452314628490015
0.019458936120399256
0.047520822181066874
0.06267892380457235
0.12687498448839027
0.18728544857496426
0.21703185198765337
0.32225636018082754
0.4102852896996766
0.451944320864684
0.5937375047395307
0.7064874720848932
0.7582835190059249
0.9301962660132377
1.062451839606889
1.122054821481858
1.3162755544303888
1.462295730763054
1.527264464482989
1.7363010942900028
1.8910690068428482
1.9593704348194745
2.17737743616171
2.337262087687053
2.407480787190253
2.630559655265487
2.7932671104029447
2.8645324740882385
3.0903489816325553
3.254554781503153
3.3263723876141404
3.5536227125596076
3.718604326242323
3.7907069964133457
4.018693794142292
4.184070682153962
4.256318411104722
4.484678668684556
4.650254781060977
4.722575614358042
4.951123591909678
5.116799357019687
5.189156780605901
5.417798521164918
5.583523854071568
5.655899498693097
5.884587849160329
6.050337729983185
6.122722412128918
6.351433844972506
6.51719583966667
6.589584989813005
6.818307817860683
6.984075772409019
7.056467125380671
7.285195563771082
7.450966442539633
7.5233588789356
7.752090072648681
7.917862382250847
7.990255350694737
8.21898789668262
8.38476090699775
8.452282479701875
8.64491226245988
8.768460489477295
8.836091187656361
9.003947796525035
9.09062682107488
9.183303826023222
9.341528140461277
9.381851456706222
-2.5998005905513297
0.31800211793590916
-0.4411144117071971
-6.583584109471236
-2.599800590551332
0.3180021179359095
-0.4411144117071959
-6.583584109471237
-2.599800590551331
0.31800211793591193
-0.441114411707199
-6.583584109471237
-2.7084721313038407
0.2153993075696208
-0.5323128080303076
-6.722042924961036
-2.7084721313038407
0.21539930756962022
-0.5323128080303073
-6.722042924961036
-2.7084721313038402
0.21539930756962022
-0.5323128080303086
-6.722042924961036
-2.6804964796913295
0.24181266710603508
-0.5088353221541702
-6.686399042873776
-2.6804964796913295
0.2418126671060312
-0.5088353221541704
-6.686399042873776
-2.6804964796913278
0.2418126671060313
-0.5088353221541678
-6.686399042873776
-2.670540767141254
0.2512124058026871
-0.5004803746441446
-6.673714432372301
-2.6705407671412527
0.2512124058026896
-0.5004803746441437
-6.673714432372301
-2.6705407671412527
0.2512124058026897
-0.500480374644147
-6.673714432372301
-2.6672470128239127
0.25432222137422283
-0.49771621845805053
-6.669517847708685
-2.6672470128239123
0.25432222137422605
-0.49771621845804903
-6.669517847708685
-2.667247012823915
0.25432222137422605
-0.4977162184580504
-6.669517847708685
-2.666182829173421
0.25532697600023196
-0.4968231434022796
-6.668161967349483
-2.66618282917342
0.2553269760002341
-0.49682314340227685
-6.668161967349483
-2.6661828291734198
0.255326976000232
-0.49682314340227685
-6.668161967349483
-2.6659637054251073
0.25553386284696084
-0.4966392522537368
-6.667882780964279
-2.6659637054251073
0.25553386284696156
-0.49663925225373906
-6.667882780964279
-2.6659637054251055
0.2555338628469616
-0.4966392522537367
-6.667882780964279
-2.666060466758598
0.2554425051218177
-0.49672045546829957
-6.668006064940265
-2.6660604667585988
0.2554425051218177
-0.4967204554682989
-6.668006064940265
-2.6660604667585988
0.2554425051218179
-0.4967204554683003
-6.668006064940265
-2.666233968236745
0.25527869278293336
-0.49686605988742516
-6.668227123820848
-2.666233968236745
0.25527869278293475
-0.4968660598874253
-6.668227123820848
-2.666233968236749
0.25527869278293314
-0.4968660598874246
-6.668227123820848
-2.6663892615128986
0.25513207181433617
-0.4969963837757836
-6.6684249835633365
-2.6663892615128972
0.2551320718143373
-0.49699638377578625
-6.6684249835633365
-2.6663892615128972
0.2551320718143373
-0.4969963837757837
-6.6684249835633365
-2.6665023578547586
0.2550252913045776
-0.4970912955156646
-6.668569080034431
-2.666502357854761
0.25502529130457796
-0.49709129551566306
-6.668569080034431
-2.666502357854759
0.2550252913045773
-0.4970912955156637
-6.668569080034431
-2.6665767968277128
0.25495500935428506
-0.49715376555069163
-6.66866392300758
-2.6665767968277154
0.25495500935428556
-0.4971537655506915
-6.66866392300758
-2.6665767968277154
0.25495500935428567
-0.4971537655506913
-6.66866392300758
-2.6666229720526546
0.2549114127712599
-0.4971925163260555
-6.6687227550339445
-2.666622972052657
0.25491141277126367
-0.49719251632605826
-6.6687227550339445
-2.666622972052657
0.2549114127712638
-0.49719251632605527
-6.6687227550339445
-2.666650533534679
0.2548853904521377
-0.4972156462360896
-6.668757871221012
-2.666650533534676
0.25488539045213765
-0.4972156462360926
-6.668757871221012
-2.666650533534676
0.25488539045213776
-0.49721564623609305
-6.668757871221012
-2.6666665477265314
0.2548702705681434
-0.4972290855285227
-6.6687782749625955
-2.6666665477265314
0.254870270568145
-0.4972290855285224
-6.6687782749625955
-2.6666665477265314
0.254870270568145
-0.49722908552852363
-6.6687782749625955
-2.666675668322662
0.2548616593090372
-0.4972367396368065
-6.668789895548147
-2.666675668322662
0.2548616593090372
-0.49723673963680903
-6.668789895548147
-2.666675668322662
0.2548616593090373
-0.49723673963680937
-6.668789895548147
-2.6666807817917513
0.25485683140013043
-0.49724103091838506
-6.668796410638193
-2.666680781791751
0.2548568314001305
-0.4972410309183843
-6.668796410638193
-2.666680781791751
0.2548568314001306
-0.49724103091838706
-6.668796410638193
-2.666683610953074
0.25485416023248836
-0.4972434051828334
-6.668800015283193
-2.6666836109530734
0.2548541602324887
-0.4972434051828348
-6.668800015283193
-2.6666836109530734
0.2548541602324888
-0.4972434051828348
-6.668800015283193
-2.6666851569360124
0.254852700584519
-0.49724470258934683
-6.668801985025822
-2.6666851569360124
0.25485270058451975
-0.4972447025893468
-6.668801985025822
-2.6666851569360124
0.2548527005845201
-0.49724470258934667
-6.668801985025822
-2.6666859890904213
0.25485191490153064
-0.4972454009428117
-6.668803045276854
-2.6666859890904213
0.25485191490153064
-0.49724540094281494
-6.668803045276854
-2.6666859890904213
0.25485191490153075
-0.4972454009428129
-6.668803045276854
-2.6666864208038112
0.2548515072970474
-0.4972457632416133
-6.668803595324492
-2.6666864208038112
0.25485150729704764
-0.4972457632416164
-6.668803595324492
-2.6666864208038112
0.2548515072970473
-0.4972457632416154
-6.668803595324492
-2.7116193822909063
0.21242781389275145
-0.5349540169508701
-6.726052849185
-2.7116193822909063
0.21242781389275014
-0.5349540169508742
-6.726052849184998
-2.711619382290906
0.21242781389275026
-0.5349540169508739
-6.726052849184998
-2.357853371663346
0.5464378652007074
-0.2380695463760498
-6.275318255262219
-2.357853371663346
0.5464378652007086
-0.2380695463760495
-6.275318255262219
-2.357853371663346
0.5464378652007086
-0.2380695463760474
-6.275318255262219
-1.0868379904665812
1.7464737644484412
0.8285810565738112
-4.65591281634779
-1.0868379904665812
1.7464737644484445
0.8285810565738131
-4.65591281634779
-1.086837990466581
1.7464737644484414
0.828581056573813
-4.65591281634779
0.9887426391542662
18.292323737717087
8.562266852552867
0.01840551882044269
0.9887426391542642
18.292323737717094
8.562266852552877
0.018405518820442675
0.988742639154265
18.29232373771714
8.562266852552852
0.018405518820442675
0.8869268711017381
16.50855437609732
7.81595047215876
0.01602566885323277
0.8869268711017381
16.508554376097308
7.815950472158763
0.01602566885323277
0.8869268711017384
16.508554376097308
7.815950472158753
0.01602566885323277
0.9120895584580792
16.950410522199018
8.001620341607156
0.016607188140268094
0.9120895584580792
16.950410522198954
8.001620341607154
0.016607188140268094
0.9120895584580808
16.950410522198958
8.001620341607175
0.016607188140268094
0.9212154117314535
17.110491131196568
8.068753516111384
0.01681918556320792
0.9212154117314548
17.11049113119661
8.068753516111391
0.01681918556320792
0.9212154117314548
17.110491131196614
8.068753516111364
0.01681918556320792
0.9242546715108578
17.16378442616253
8.091087664373607
0.016889917010845034
0.9242546715108584
17.163784426162582
8.091087664373621
0.016889917010845034
0.9242546715108558
17.163784426162582
8.091087664373608
0.016889917010845034
0.9252387717599949
17.181038484560492
8.09831684055869
0.01691283324991703
0.9252387717599956
17.181038484560528
8.098316840558711
0.01691283324991703
0.925238771759996
17.181038484560492
8.098316840558711
0.01691283324991703
0.9254415357621408
17.18459338315429
8.099806186278313
0.016917555741892704
0.9254415357621408
17.1845933831543
8.099806186278295
0.016917555741892704
0.9254415357621425
17.184593383154304
8.099806186278313
0.016917555741892704
0.9253519931372749
17.18302350950643
8.099148482682837
0.016915470206916035
0.9253519931372741
17.18302350950643
8.099148482682844
0.016915470206916035
0.9253519931372741
17.183023509506434
8.099148482682832
0.016915470206916035
0.9251914571256792
17.180208948772414
8.097969296722033
0.01691173130528149
0.9251914571256792
17.18020894877244
8.097969296722031
0.01691173130528149
0.9251914571256759
17.18020894877241
8.097969296722036
0.01691173130528149
0.925047792268615
17.17769015455418
8.096914006641722
0.01690838548549282
0.9250477922686163
17.1776901545542
8.0969140066417
0.01690838548549282
0.9250477922686163
17.1776901545542
8.096914006641722
0.01690838548549282
0.9249431786630834
17.175856009970197
8.096145550913997
0.016905949222345135
0.9249431786630813
17.1758560099702
8.096145550914008
0.016905949222345135
0.924943178663083
17.17585600997019
8.096145550914004
0.016905949222345135
0.9248743294053884
17.17464889973139
8.095639800215142
0.016904345887890693
0.9248743294053859
17.1746488997314
8.095639800215142
0.016904345887890693
0.9248743294053859
17.1746488997314
8.095639800215146
0.016904345887890693
0.924831624111156
17.17390016004607
8.095326093974037
0.01690335140022188
0.9248316241111538
17.173900160046138
8.095326093974014
0.01690335140022188
0.9248316241111538
17.173900160046138
8.09532609397404
0.01690335140022188
0.9248061347322368
17.173453261150236
8.095138851975243
0.01690275782939409
0.9248061347322395
17.173453261150236
8.095138851975216
0.01690275782939409
0.9248061347322395
17.173453261150236
8.095138851975214
0.01690275782939409
0.9247913248279532
17.173193602492155
8.095030059767968
0.01690241295340968
0.9247913248279532
17.173193602492184
8.095030059767971
0.01690241295340968
0.9247913248279532
17.173193602492184
8.09503005976796
0.01690241295340968
0.9247828902182395
17.17304572030909
8.094968099768456
0.016902216538615157
0.9247828902182395
17.17304572030909
8.094968099768435
0.016902216538615157
0.9247828902182395
17.17304572030909
8.094968099768431
0.016902216538615157
0.9247781613816061
17.17296281060884
8.094933362055505
0.01690210641951114
0.9247781613816064
17.172962810608844
8.09493336205551
0.01690210641951114
0.9247781613816064
17.172962810608844
8.094933362055487
0.01690210641951114
0.9247755450387009
17.17291693880752
8.094914142565827
0.016902045493527546
0.9247755450387012
17.17291693880753
8.094914142565814
0.016902045493527546
0.9247755450387012
17.172916938807532
8.094914142565814
0.016902045493527546
0.9247741153525911
17.172891872412478
8.094903640178305
0.0169020122008808
0.9247741153525911
17.172891872412492
8.094903640178305
0.0169020122008808
0.9247741153525911
17.172891872412496
8.094903640178307
0.0169020122008808
0.9247733457980528
17.172878379968754
8.094897987076267
0.0169019942805144
0.9247733457980528
17.172878379968754
8.094897987076239
0.0169019942805144
0.9247733457980528
17.172878379968754
8.094897987076257
0.0169019942805144
0.9247729465610988
17.172871380227893
8.094895054304933
0.016901984983614782
0.9247729465610988
17.1728713802279
8.094895054304907
0.016901984983614782
0.9247729465610988
17.172871380227893
8.094895054304915
0.016901984983614782
0.8841398776156887
16.45957212242498
7.795334152038294
0.015961535805758997
0.8841398776156887
16.45957212242496
7.795334152038263
0.015961535805759024
0.884139877615689
16.45957212242496
7.795334152038264
0.015961535805759024
1.2593881582827506
22.986733639320306
10.489868007695204
0.025051066707195303
1.2593881582827506
22.986733639320338
10.489868007695208
0.025051066707195303
1.2593881582827506
22.986733639320338
10.48986800769523
0.025051066707195303
4.489051335418016
76.32138318540824
30.479686416706002
0.1265100622724962
4.489051335418016
76.3213831854085
30.47968641670606
0.1265100622724962
4.489051335418018
76.32138318540825
30.47968641670606
0.1265100622724962
57.1036365815692
38.72080715153617
31.395837712117864
29.045765105644843
23.42306803716664
20.541207352065108
19.529162349083258
16.912258956357785
15.415201617703406
14.85291057660836
13.322040292628778
12.396072095577011
12.036446412194254
11.02692050571265
10.39504611694136
10.14416008105222
9.425725367987978
8.965539988156365
8.77996473487479
8.24106532186808
7.890085770828082
7.746887047006063
7.326718747577451
7.049612415239969
6.935527725611742
6.598113059111374
6.373393772993918
6.280225614898457
6.00293077694088
5.816792677701386
5.73919687068329
5.507059048523087
5.3502209208011156
5.284555890276706
5.0872651030243965
4.953244001406477
4.896935466491278
4.727137240313637
4.611255995472476
4.56242793233489
4.41472228260108
4.3135136818504005
4.27076391067182
4.141089014537665
4.051923537622628
4.014181558021587
3.899419309381245
3.8202639082458876
3.7866975577940085
3.6844123663365234
3.613669009297359
3.58362125573399
3.491881877250724
3.428276377872698
3.4012213658112675
3.318476218369761
3.260979786601992
3.236491566519301
3.1614795231125035
3.1092522176461608
3.086982051152158
3.0186673710869543
2.9710165750816
2.9636460138153473
2.9360023435961837
2.916287882119959
2.904696178822834
2.9046961751655593
2.9046961725149703
2.8610085737585886
2.8610085734430952
2.861008573214443
2.5405678499583204
2.0506001604677895
1.7550075112030015
1.647134559895583
1.3378956991977138
1.1457601950625163
1.0703905310606134
0.8620641231825263
0.733139634299488
0.6816451162348675
0.5384870557346452
0.450670182845709
0.4160724000918357
0.32106308545744705
0.26417539635130816
0.24216041353075782
0.18280320146795637
0.14822479731010252
0.13506634357345174
0.10018354804295801
0.08033601820716814
0.07288191270380785
0.053374317020495506
0.04246760636417514
0.03840912254074999
0.027882696547750656
0.02206793607163511
0.019917557496633848
0.014373495597903437
0.01133554208198845
0.01021663469193105
0.0073433626148738385
0.005777318031310358
0.005202085591759911
0.0037288734723024955
0.0029287990669429604
0.0026354540836880875
0.0018855423858290153
0.0014792771456999068
0.0013305070414115741
0.0009506668288561061
0.0007452369467642268
0.0006700758862686995
0.0004783427672491816
0.00037476989258762225
0.0003368984285281468
0.00024034892567886942
0.0001882365675378128
0.0001691896975235224
0.00012065223657703552
9.446915309350316e-05
8.490209611208272e-05
6.052921623016109e-05
4.7386506861743525e-05
4.2585196418091305e-05
3.0355731413182725e-05
2.3762775292928937e-05
2.1354510312282902e-05
1.522106849266927e-05
1.1914960593073192e-05
1.0707384742032983e-05
7.632054156613178e-06
5.974456782150623e-06
5.4099208730141e-06
4.0605845485729805e-06
3.381406176976672e-06
3.064270222253594e-06
2.3934991586871412e-06
2.1165175706704473e-06
1.8784459745945534e-06
1.5187108248723548e-06
1.4519601614618426e-06
0.016031122922405182
0.06528153454709276
0.09499381958503098
0.10516395880224336
0.13437113373066747
0.15256020613772006
0.159898865171334
0.18019042262741378
0.19275358420616756
0.19784649399616375
0.21199904789152774
0.22067599184992215
0.22411951783632678
0.23357009960718378
0.23922447174012465
0.24142060832551596
0.24733869217053164
0.2507839183340975
0.25209637476415314
0.2555742875524685
0.25755212905723046
0.2582939001367833
0.2602346525050391
0.2613193751625486
0.26172140821344764
0.26276403489752387
0.26333989011907893
0.26355145182324885
0.26409689269131625
0.26439577302684786
0.26450484490463483
0.2647849555317743
0.26493764288969246
0.2649930661457791
0.2651350291314407
0.2652121413461508
0.2652400049836606
0.26531124914194454
0.2653498553961014
0.2653637484968158
0.26539922792729714
0.26541842191121623
0.2654253026666617
0.2654428592311357
0.26545234612521124
0.26545573426287095
0.26546437401255385
0.26546903879893535
0.26547069848467914
0.2654749288848512
0.26547721167102994
0.26547802072674204
0.26548008233837034
0.26548119438252393
0.2654815869442312
0.26548258706342515
0.2654831263958015
0.2654833160323464
0.2654837991058916
0.2654840595720632
0.2654841508859522
0.26548438348044306
0.26548450888222136
0.2651150844846903
0.26423246793971594
0.2637884728650363
0.26661975811849364
0.27260647227468715
0.2750774890298094
0.2944189327399554
0.3236401177168109
0.3290596394333594
0.15932284685544507
0.6487010457780797
0.9438646224891388
1.0515673680950068
1.3602361359870763
1.5519390502990147
1.6271141419685846
1.8348163918388143
1.9632679405427969
2.0145480934436315
2.157010754971925
2.2443014948482025
2.2786630616416006
2.3729078524981673
2.4292227536136943
2.4509828604351496
2.509520870878374
2.543492342452998
2.5563827020190537
2.5904095151672224
2.609628536067063
2.6168064355851617
2.6354362909693556
2.6457023654456195
2.64948019262849
2.659117289902596
2.6642852589725328
2.6661527759049117
2.6708019577325057
2.673190358142285
2.6740254536466583
2.676001603107365
2.6769171412949992
2.6772082748148467
2.677783850252246
2.677933392250713
2.6779426903692944
2.677795328440522
2.6775514996525214
2.67741644481093
2.6768998115112095
2.6764558147363213
2.6762474566992673
2.6755437314092605
2.6749986565388046
2.6747533557460574
2.6739555664364616
2.673359863558263
2.6730961047534985
2.6722514729668867
2.67163069852596
2.6713578357710968
2.6704902321605255
2.669857286402674
2.6695800379120964
2.6687014937233715
2.6680628718678245
2.667783611975816
2.6669001782691772
2.6662591445401156
2.6659790660036196
2.665093781216966
2.6644519736670813
2.6641941845274233
2.6634570739820607
2.6629831349219306
2.6626933688860284
2.661984579751884
2.6616247587099897
2.6610753178762185
2.660175053682518
2.659965661614824
6.511256144224536
6.511256144224536
6.511256144224536
6.473789779427659
6.473789779427659
6.473789779427659
6.483396110631287
6.483396110631287
6.483396110631287
6.486821181984745
6.486821181984745
6.486821181984745
6.487955082828933
6.487955082828933
6.487955082828933
6.488321515973863
6.488321515973863
6.488321515973863
6.4883969722527794
6.4883969722527794
6.4883969722527794
6.4883636518357175
6.4883636518357175
6.4883636518357175
6.48830390623738
6.48830390623738
6.48830390623738
6.488250431547676
6.488250431547676
6.488250431547676
6.488211487743632
6.488211487743632
6.488211487743632
6.488185855529178
6.488185855529178
6.488185855529178
6.488169955710727
6.488169955710727
6.488169955710727
6.488160465319483
6.488160465319483
6.488160465319483
6.488154951079863
6.488154951079863
6.488154951079863
6.488151810547391
6.488151810547391
6.488151810547391
6.488150049806743
6.488150049806743
6.488150049806743
6.488149075631035
6.488149075631035
6.488149075631035
6.48814854329706
6.48814854329706
6.48814854329706
6.488148256758314
6.488148256758314
6.488148256758314
6.488148108104885
6.488148108104885
6.488148108104885
6.4727107429369175
6.4727107429369175
6.4727107429369175
6.596150546402213
6.596150546402213
6.596150546402213
7.078457628839373
7.078457628839373
7.078457628839373
6.92048334298342
7.0377789867952165
7.043670554248226
7.078115540246899
7.162699495558049
7.199637527269186
7.202228029973617
7.238712432574204
7.279007942777439
7.285821112309781
7.3195997102772825
7.350118598178126
7.357086603934932
7.384503325570737
7.4063070879860415
7.411725279533076
7.4311568418893055
7.445532571569478
7.449078690211783
7.4613786920392515
7.47012908595085
7.472202290818322
7.479370978030958
7.484366448590566
7.485495106991104
7.489448617541734
7.4921746373965865
7.492762658854232
7.494867645928246
7.496311877046156
7.496609994166643
7.497706382811282
7.498457242432316
7.498605766591767
7.499168999419648
7.499554712196174
7.499627843917978
7.4999146528794265
7.500111255492436
7.500146965428862
7.500292180748528
7.500391875518474
7.5004092037006025
7.500482449223124
7.500532826160175
7.500541193285958
7.500578042697042
7.500603436747801
7.500607460694237
7.500625966107405
7.500638744468882
7.500640673278658
7.50064995391966
7.500656375514541
7.500657297473408
7.500661945396302
7.500665168378724
7.50066560779689
7.500667929120323
7.500669543056543
7.5006697565139095
7.500670915119799
7.500671722756343
7.4338191914372
7.301802219193628
7.229645724424753
7.2623586125498845
7.040379690032565
6.927663132131375
7.310725320787387
7.148017534790182
7.1101545976976634
4.1559307965148
4.2083524344475975
4.210976707040213
4.22630282296266
4.263818053151336
4.280148012635915
4.281292047795613
4.2973878677362745
4.315129015742633
4.318124971064255
4.332962610896964
4.346345822603554
4.34939845599274
4.3613987626346145
4.370930059050223
4.373296893037163
4.381779733920344
4.388049960946769
4.389595946091017
4.3949561268329695
4.398767362989057
4.399670095792633
4.402790804067868
4.404964775482047
4.40545587719177
4.407175903175716
4.408361689554461
4.4086174501190785
4.409532953078113
4.410161022091537
4.410290661823675
4.410767422208057
4.411093915116145
4.411158495714101
4.411403393562923
4.411571100272991
4.411602897342016
4.411727598357204
4.41181307769723
4.411828603653476
4.411891740036181
4.411935084826062
4.411942618663136
4.411974463812501
4.411996366256929
4.41200000403726
4.412016025059353
4.412027065615641
4.412028815103108
4.412036860679798
4.412042416308501
4.412043254893865
4.412047289821292
4.412050081725303
4.412050482563448
4.412052503330952
4.4120539045798495
4.41205409562469
4.412055104861148
4.412055806548421
4.412055899352777
4.412056403077107
4.412056754211309
4.382941316447274
4.3251481357446915
4.293390810608245
4.307803283108465
4.209510964896059
4.159149204886113
4.329066979135461
4.257318373591164
4.240532982613825
1.1979012944693679
1.434034420610707
1.3371649098687641
1.346570562990938
1.4340344097390483
1.4340344169152863
1.4340343646274023
1.4137508306509867
1.4340344196967671
1.4340344011993096
1.4241052011667144
1.4340344183330636
1.434034407656638
1.4288829169212025
1.4340344172383999
1.4340344105195477
1.4310814695871388
1.4340344162699838
1.434034412247759
1.4322792151420851
1.4340344153548317
1.4340344134595964
1.4330139214110642
1.434034414451246
1.4340344143818125
1.4334628585217597
1.4340344135308163
1.4340344151196673
1.433724286554213
1.4340344125716389
1.4340344157302494
1.4338698650546788
1.4340344115551154
1.4340344162478929
1.4339484071233233
1.4340344104637275
1.4340344166947772
1.4339899099575788
1.4340344092791792
1.4340344170859693
1.4340115441732169
1.4340344079805154
1.4340344174320467
1.4340227185668297
1.4340344065415935
1.434034417740525
1.4340284532859309
1.434034404926702
1.4340344180166695
1.434031382421782
1.4340344030815184
1.4340344182637021
1.4340328729502
1.4340344009153523
1.4340344185513225
1.4340336280581596
1.4340343970305205
1.4340344189211802
1.4340340060323857
1.4340343877745931
1.4340344191286982
1.4340342031675304
1.4340343919382323
1.4340344194748353
1.2221000446481725
1.1062640769929963
1.434034418691582
0.9562424867597059
0.7136177970185826
1.4340344166386427
0.42953637345535667
0.1957364501802964
14.212829145008467
14.212829145008467
14.212829145008467
13.937298074585296
13.937298074585296
13.937298074585296
14.007879151587122
14.007879151587122
14.007879151587122
14.033055107356333
14.033055107356333
14.033055107356333
14.041391083994526
14.041391083994526
14.041391083994526
14.044085083973927
14.044085083973927
14.044085083973927
14.044639843201784
14.044639843201784
14.044639843201784
14.044394869095882
14.044394869095882
14.044394869095882
14.043955616498899
14.043955616498899
14.043955616498899
14.043562469396825
14.043562469396825
14.043562469396825
14.04327615455811
14.04327615455811
14.04327615455811
14.04308770692337
14.04308770692337
14.04308770692337
14.042970811869608
14.042970811869608
14.042970811869608
14.04290103881709
14.04290103881709
14.04290103881709
14.04286049832396
14.04286049832396
14.04286049832396
14.042837409247765
14.042837409247765
14.042837409247765
14.042824464351058
14.042824464351058
14.042824464351058
14.04281730224982
14.04281730224982
14.04281730224982
14.042813388551696
14.042813388551696
14.042813388551696
14.042811281930344
14.042811281930344
14.042811281930344
14.042810189036322
14.042810189036322
14.042810189036322
13.929372788627214
13.929372788627214
13.929372788627214
14.839709251749023
14.839709251749023
14.839709251749023
18.474948732914314
18.474948732914314
18.474948732914314
10.043285238623751
6.197748208201442
3.4238663773811666
1.7201746873499129
0.7986450375674798
0.348004115197427
0.14479186969221228
0.05844349725416478
0.023164792924012616
0.009088317036216587
0.0035461256327108063
0.0013796829525808507
0.0005360008579697324
0.00020807867129890112
8.074701562806509e-05
3.132879266647188e-05
1.215402241178324e-05
4.714939068088975e-06
1.829035064875772e-06
7.095172518925999e-07
2.7523356680406876e-07
1.0676738320661233e-07
4.898933710799309e-08
2.546621622037686e-08
-3.869387080602691
-3.9468496872627425
-3.297450237223286
-3.0965418144016823
-2.654724311847491
-2.230428832557923
-2.050409901739529
-1.5446409476458203
-1.262740779057562
-1.1419772455790143
-0.8201282245877161
-0.6424364362857216
-0.5725435882575094
-0.3940364374360242
-0.2987610572940118
-0.2632071892321343
-0.17508613753544877
-0.12969980554017357
-0.11333094108474753
-0.07360806811740153
-0.05370450760567952
-0.046683976913353124
-0.02986892732984489
-0.021593794868375846
-0.01871524051775275
-0.011870376306811729
-0.008537421860767247
-0.0073875566804258
-0.0046632975087342945
-0.0033445670993469834
-0.0028917293780347866
-0.0018207430676007454
-0.0013039368341448102
-0.0011269263061357531
-0.0007086228670851673
-0.0005070996544477153
-0.0004381714341454635
-0.0002753412878732231
-0.0001969614852401688
-0.00017017235793329415
-0.00010689761696182706
-7.645270870375686e-05
-6.605105519173423e-05
-4.148432384038449e-05
-2.9666479640573925e-05
-2.5629662681170814e-05
-1.6095690402763216e-05
-1.1509861782446237e-05
-9.943566976913618e-06
-6.244391520268663e-06
-4.465189188971022e-06
-3.857533326521724e-06
-2.4224131343425303e-06
-1.7321782330627982e-06
-1.4964469451557708e-06
-9.39712835151183e-07
-6.719498185991726e-07
-5.805038206780333e-07
-3.6453277056624723e-07
-2.606615188163886e-07
-2.251878372644297e-07
-1.4140841582136831e-07
-1.0111484840418763e-07
-8.018866476381939e-08
-4.6651974330521975e-08
-3.317680331602164e-08
-3.6141298572498136e-08
-1.7032114740832856e-08
-1.0716372182377507e-08
-2.212667160890292e-08
-4.782304905104329e-09
-2.0425766564377047e-09
0
0.17139138286350059
0.35756729075565197
0.5221015227805091
0.7044190274103994
0.8935555022442001
1.0798535824619522
1.2584727928946307
1.428987217910422
1.5930921864259193
1.752822904296877
1.90981142181637
2.0651679765055326
2.2195852998123784
2.373474199341763
2.5270705521813306
2.6805068656685163
2.8338564252124714
2.9871592934513727
3.140437171453156
3.293701720020743
3.4469592199953287
2.626525386816684
1.15033159518304
0.35066614016198516
0.02863808038618196
0.2225066709061366
0.22650293015249534
0.15427451990969407
0.19670405828742432
0.11602714398361369
0.19360044457586906
0.19479398295714312
0.1535001007029531
0.198900289030485
0.2034541588280825
0.1734324091999966
0.1981395099273383
0.20081064954348382
0.17828440366658693
0.19102673075838855
0.19163513438223032
0.17472374476950742
0.1810321147378164
0.18068638398205056
0.16867782649182386
0.17171755713511314
0.1711868433764838
0.16325123715484535
0.16469643685206609
0.1642690201531788
0.1593346441604014
0.1600198362366399
0.15973894650981238
0.1568037492184493
0.15712985686024897
0.15696253402974003
0.15526956311248835
0.1554258674518519
0.1553315534761019
0.15437593951102282
0.1544514588457193
0.15440007037571574
0.15386901263810118
0.15390578285561352
0.1538783967219451
0.15358670822109866
0.15360473551944917
0.15359036117332195
0.1534315977848293
0.15344048958337902
0.1534330268194994
0.1533472363261414
0.1533516464740363
0.15334780404188614
0.15330171446150506
0.15330391471124466
0.1533019500868311
0.15327729793572525
0.15327840571740056
0.15327740902858736
0.1532642477105741
0.153264818842746
0.15326432114940933
0.1532573429756004
0.15325763878743892
0.15325739157209803
-1.013464816772356
-0.7313903848869381
-0.5772182988717984
-1.9086305123209546
-1.2727124991530465
-0.9497907414332467
-1.908630618460038
-0.5716921813069592
-0.26051576237736185
0
0
0.02906194531666684
0.13598645072112833
0.21594194262907804
1.938387452505464
0.21594194262907804
0.24903385487996757
0.3584947005664758
0.43967377982169475
3.5077111118769717
0.43967377982169475
0.47498779051070533
0.585017191506459
0.664837018187288
4.687620531261246
0.664837018187288
0.6999090996566705
0.8099485731441415
0.8897207415731081
5.514973949570761
0.8897207415731081
0.9246312464130111
1.0345174200421117
1.1141535890731238
6.054160828551807
1.1141535890731238
1.1489496861487047
1.2586396802135225
1.3381233088460043
6.381309078670857
1.3381233088460043
1.3728327455387737
1.4823400782635374
1.5616866927219666
6.568256262333413
1.5616866927219666
1.5963294481337913
1.7056826471609001
1.7849152458056585
6.670441378565185
1.7849152458056585
1.819506546984255
1.9287320103393817
2.0078708494606006
6.724628311723797
2.0078708494606006
2.0424214997751324
2.151538940044991
2.2305989063353464
6.752801045785175
2.2305989063353464
2.2651159482464838
2.3741386368295405
2.4531296650510983
6.7672641818270804
2.4531296650510983
2.4876174112893614
2.59655374867371
2.6754820862333366
6.7746287482558785
2.6754820862333366
2.709943073301614
2.818798172638456
2.8976676018201486
6.778358734909757
2.8976676018201486
2.9321032860327247
3.0408801858898054
3.1196929443069417
6.780241165109793
3.1196929443069417
3.1541041521128905
3.2628046378096593
3.341562035192899
6.781188899624219
3.341562035192899
3.3759492356015537
3.4845743579157324
3.5632771626202016
6.781665275189832
3.5632771626202016
3.5976406255137374
3.7061910140282484
3.78483968512581
6.781904464620109
3.78483968512581
3.8191795709138816
3.927655617639364
4.006250440284219
6.782024478537581
4.006250440284219
4.040566849778649
4.148968814356794
4.227509977016525
6.782084670779822
4.227509977016525
4.261802978812244
4.370131047751615
4.4486186855252
6.782114853574908
4.4486186855252
4.482888331029419
4.591142651833891
4.669576871886411
6.7821299876781405
4.669576871886411
4.701695240754636
4.79351777051396
4.852546580995071
6.782136594861935
4.852546580995071
4.883483939141245
4.959163574368455
4.997583182374275
6.782139818255576
4.997583182374275
5.03132959482023
5.0866439941603065
5.099509485669252
1.9220975482556915
0.19785187802269888
1.9960818251173014
0.229165283222983
1.7274636472322695
0.2162333724665473
1.662828457787958
0.21654351000514466
1.5396848234108942
0.22808186464746655
1.3892695768720713
0.22801926578686618
1.3193279675740741
0.22660582099412238
1.1164816709823244
0.22382478919775414
1.0001637009486397
0.22644973173772368
0.9425888001365562
0.22562566183146068
0.7761077022263829
0.22421382143563426
0.6733431907584704
0.2254601495460072
0.6277782072370327
0.22485105358099639
0.4997074970183606
0.22407133014928898
0.421166066565738
0.2246835737160458
0.388577652150422
0.22423666407134685
0.2995040321291621
0.22375096948201006
0.24655374360177212
0.2240743697211736
0.22552697111354408
0.22374556488034772
0.16942321057474663
0.22342341496746226
0.13708032270270357
0.22359181121923508
0.12461670027536446
0.22335743641905123
0.09192672893384067
0.2231374922953115
0.07351076662238307
0.22321195061455715
0.06655414859774826
0.22305135453903252
0.04850582977973148
0.22289468528636797
0.03849477787240774
0.22291221352473023
0.03476087431447223
0.22280425269838852
0.025137734659866375
0.22268480918044073
0.019853116124380246
0.22266940827541248
0.01789755133688676
0.22259592546749643
0.012878125687513679
0.22249741288963104
0.010139274190262539
0.2224638014005198
0.00913067290397816
0.2224115519200247
0.006548547131060677
0.22232445473281767
0.005145440367864509
0.222281099945445
0.004630287369978824
0.22224139698446238
0.003313690342096178
0.2221604172588167
0.0026002167654102805
0.22211197306003366
0.002338758690087468
0.22207948294490498
0.0016713172368176478
0.22200175921443063
0.001310290841148421
0.22195070961395108
0.0011781501106764103
0.2219222912078661
0.0008410993056627936
0.22184630743106457
0.0006590135869101142
0.22179395378836736
0.0005924202573338438
0.22176780742317412
0.00042265781918474326
0.2216927703851936
0.00033102562221361346
0.2216397862259667
0.0002975308061680488
0.22161490039319454
0.0002121784829062133
0.2215403985652236
0.00016613512630142687
0.22148712958266786
0.00014931036437654038
0.22146294371041872
0.00010644875197308903
0.22138876482708983
8.333606185676154e-05
0.22133538737912256
7.489225892253756e-05
0.22131159408679127
5.338521185972349e-05
0.2212376289741243
4.179061984059249e-05
0.2211842325432959
3.755530060426945e-05
0.22116066478620108
2.6768729647216922e-05
0.22108685711588574
2.0954433483048315e-05
0.22103348675257556
1.883071030493583e-05
0.22101005605944227
1.3422247240517914e-05
0.22093637841036193
1.0507092635370028e-05
0.22088305753311432
8.660346506874819e-06
0.20198926495808628
5.607418483549385e-06
0.1741958105663308
4.26312315604738e-06
0.15900702524255247
4.729747440600067e-06
0.1875538148301733
2.463436259617139e-06
0.1250279762612609
1.6256344810451583e-06
0.09329134810547454
3.305795108258595e-06
0.18702489524218557
8.004284083400368e-07
0.055991551891527075
3.487071504856743e-07
0.025512148744956647
0
1.950860574301382
3.4481839360664086
4.602304352554206
5.422722166080124
5.962003376946704
6.291859692829408
6.482410661813764
6.588479474755535
6.646671465591925
6.678955904351075
6.697641079311728
6.709329673207656
6.717467471175148
6.723820734541811
6.729283764398689
6.734305345874832
6.7391091443889595
6.743806000655706
6.748450573877125
6.753069698788107
6.757676500642727
6.718215491714543
7.00930506958103
1.934113753254182
2.0090732092612837
1.7390942139970738
1.5843892111564437
1.4700232463901133
1.3282949901036674
1.289748744265486
1.092408861533946
0.9792988298406773
0.9342574608588203
0.7697770582450559
0.668345510090599
0.6273308558649855
0.5000296842804104
0.42204446572781973
0.3910450669974971
0.30231233961371207
0.24961469289345678
0.2289771132471811
0.17309284156107002
0.14090088919570248
0.12836224801886792
0.09587192268359138
0.07757881332824011
0.07042884678924789
0.05257013055943734
0.042668193688840915
0.0387593492448493
0.029301382585910085
0.024108819588995915
0.02202987664759525
0.017141501766999717
0.01447456701974051
0.013388703730550114
0.010903051214816375
0.009552470367248024
0.008992221703251218
0.007742712283619601
0.0070656108866725366
0.00677905190229782
0.006156279500382759
0.005819413341916587
0.005673789204377049
0.005365491956054985
0.005198936807067752
0.005125310105747241
0.004973565139191437
0.0048916567403160215
0.004854589973231959
0.00478028307609934
0.004740197925422834
0.004721608226918412
0.004685395297923815
0.004665868100909921
0.004656580357756391
0.004639013103054689
0.004629542852079245
0.004624924303525307
0.004616439271149325
0.0046118659002296
0.004609594065212306
0.004605508775649125
0.004603307046877287
-0.05250074890289282
-0.03310090059817096
-0.024622414707874688
0.4265277112611739
0.2227932697055834
0.1472836331418763
2.6950616601139803
0.6531127561911064
0.2845938967833182
0
0.047520822181066874
0.18728544857496426
0.4102852896996766
0.7064874720848932
1.062451839606889
1.462295730763054
1.8910690068428482
2.337262087687053
2.7932671104029447
3.254554781503153
3.718604326242323
4.184070682153962
4.650254781060977
5.116799357019687
5.583523854071568
6.050337729983185
6.51719583966667
6.984075772409019
7.450966442539633
7.917862382250847
8.38476090699775
8.768460489477295
9.09062682107488
0.012128541288691064
0.06354592530388414
0.09350294457281123
0.10616596098930492
0.15463776095078866
0.18498395557972902
0.19708605287722913
0.2333693036747221
0.26295828124878445
0.27358501505468463
0.30554883758311424
0.3297104670598723
0.3381559293119723
0.36353207559423506
0.3813876355656916
0.3873905391722513
0.40523872126830984
0.4171482439003382
0.42093781711315625
0.43220885248470026
0.4394707349434369
0.44164227230302555
0.448202837908667
0.452339777211604
0.45350282279865917
0.45711459532427917
0.4593637820125828
0.4599599571269183
0.4618777365429373
0.46306386997034676
0.46336089948237136
0.46435592470868253
0.4649692798669032
0.4651144173083084
0.46562299505708077
0.4659361147484444
0.46600601114260104
0.4662633577152893
0.46642182278404937
0.4664550832986778
0.4665843919333026
0.4666640976569305
0.46667975392215577
0.46674439309782806
0.4667843021375574
0.4667915938041123
0.4668237774497084
0.46684368981183627
0.46684704855128806
0.46686302101376753
0.46687292779541584
0.46687445686080625
0.4668823619188176
0.4668872787230158
0.4668879662639506
0.4668918683769065
0.46689430306570046
0.4668946088301643
0.46689652880836524
0.46689773110508975
0.46689787061261845
0.46689881392983723
0.4668994068908626
0.4244033415146082
0.36488884961149987
0.3325725121773961
0.41153162975520186
0.28057192582266494
0.21127887494197775
0.518135033316855
0.1705727911176388
0.07902795975553747
0
0.042147538673945516
0.17531655601498972
0.27183011836116905
0.27183011836116905
0.3137782936040838
0.44631740388437463
0.5423744443188194
0.5423744443188194
0.582577786871736
0.7096039381024103
0.8016654897394537
0.8016654897394537
0.8409180135976778
0.9649399658828048
1.054824239741423
1.054824239741423
1.0934129696743442
1.2153376041200277
1.3037018576308308
1.3037018576308308
1.341821324978772
1.4622632812116145
1.549552971291737
1.549552971291737
1.5873381005204055
1.7067236847750968
1.793247774681772
1.793247774681772
1.8308035158175144
1.949464327336103
2.035463141919364
2.035463141919364
2.072870352973944
2.1910618700668967
2.2767205659220053
2.2767205659220053
2.314036523873868
2.4319397184122766
2.517389453974673
2.517389453974673
2.5546515249954456
2.672384458828567
2.757710798818006
2.757710798818006
2.7949419307713987
2.912577109781106
2.9978326024636224
2.9978326024636224
3.0350463220432204
3.152626485059569
3.2378421051830535
3.2378421051830535
3.275046167101268
3.3925958158499565
3.47778932091445
3.47778932091445
3.514988085220756
3.632520995678329
3.717702369752181
3.717702369752181
3.754898253252026
3.8724220615371463
3.9575968388581946
3.9575968388581946
3.9947911667417877
4.112310059914563
4.197481275033147
4.197481275033147
4.234674767714361
4.352191021988551
4.437360324578918
4.437360324578918
4.474553370885202
4.592068214796829
4.677236495234162
4.677236495234162
4.714429303583452
4.83194339564811
4.917111131188209
4.917111131188209
4.9543038138799
5.0718175089178406
5.1569849567148625
5.1569849567148625
5.1731108272109685
5.224061995305231
5.260988593072956
5.260988593072956
5.260988595264431
5.260988602188599
5.260988607206851
5.260988607206851
5.260988607398785
5.260988608005217
5.260988608444724
0.27183011836116905
0.27183011836116905
0.27183011836116905
0.2705443259576506
0.2705443259576506
0.2705443259576506
0.2592910454206345
0.2592910454206345
0.2592910454206345
0.2531587500019692
0.2531587500019692
0.2531587500019692
0.2488776178894082
0.2488776178894082
0.2488776178894082
0.24585111366090684
0.24585111366090684
0.24585111366090684
0.24369480339003557
0.24369480339003557
0.24369480339003557
0.2422153672375919
0.2422153672375919
0.2422153672375919
0.24125742400264202
0.24125742400264202
0.24125742400264202
0.24066888805266903
0.24066888805266903
0.24066888805266903
0.2403213448433333
0.2403213448433333
0.2403213448433333
0.24012180364561722
0.24012180364561722
0.24012180364561722
0.24000950271943175
0.24000950271943175
0.24000950271943175
0.2399472157313972
0.2399472157313972
0.2399472157313972
0.23991304883773226
0.23991304883773226
0.23991304883773226
0.23989446910601425
0.23989446910601425
0.23989446910601425
0.2398844361749532
0.2398844361749532
0.2398844361749532
0.2398790495457709
0.2398790495457709
0.2398790495457709
0.23987617065524372
0.23987617065524372
0.23987617065524372
0.23987463595404845
0.23987463595404845
0.23987463595404845
0.23987382552665473
0.23987382552665473
0.23987382552665473
0.10400363635809527
0.10400363635809527
0.10400363635809527
1.4133896606534091e-08
1.4133896606534091e-08
1.4133896606534091e-08
1.2378729638734878e-09
1.2378729638734878e-09
1.2378729638734878e-09
47.55692034852
42.31475655524023
42.05232929597869
40.51971770373395
36.76819468486634
35.13519873640854
35.02079522043869
33.411213226372574
31.637098425736713
31.337502893574463
29.8537389103035
28.51541773964465
28.210154400725944
27.010123736538578
26.05699409497764
25.820310696283705
24.97202660796552
24.34500390532314
24.19040539089823
23.65438731670308
23.273263701094265
23.182990420736754
22.870919593213188
22.6535224517953
22.60441228082298
22.4324096824284
22.31383104455392
22.28825498809212
22.19670469218875
22.13389779084624
22.12093381763244
22.073257779194325
22.04060848838552
22.034150428589836
22.009660643707658
21.992889972700926
21.98971026579839
21.977240164279586
21.96869223027692
21.96713963465241
21.960825996381978
21.95649151739379
21.955738133686413
21.952553618749814
21.950363374307067
21.949999596273962
21.94839749406464
21.947293438435874
21.947118489689217
21.94631393202017
21.945758369149807
21.945674510613454
21.945271017870844
21.944991827469725
21.944951743655242
21.94474966690479
21.944609542015048
21.944590437531012
21.94448951388514
21.944419345157826
21.94441006472234
21.94435969228938
21.944324578869043
24.855868355272523
30.6351864255308
33.81091893917553
32.36967168915339
42.198903510394096
47.23507951138865
30.243302086453895
37.418162640883516
39.09670173861745
0.23613312235663586
0
0.09686950695723957
0.08746385383506569
7.086955592137385e-09
0
5.219860148462692e-08
0.020283586175016938
0
1.5626694131710116e-08
0.009929215659289415
0
9.169365711938086e-09
0.005151499904801235
0
6.306456033494158e-09
0.002952947238865018
5.560198753033597e-10
4.57824479491653e-09
0.0017552016839186934
1.4711722138610546e-09
3.3664074147081243e-09
0.0010204954149395681
2.374757778993049e-09
2.4441912758476314e-09
0.0005715583042439517
3.2951875470023704e-09
1.7063365834515738e-09
0.0003101302717906042
4.254364747894454e-09
1.0957543987678862e-09
0.00016455177132479495
5.2708882293299076e-09
5.781107555269297e-10
8.60097026804497e-05
6.362276061396731e-09
1.3122660606109555e-10
4.450686842481778e-05
7.546824392346707e-09
0
2.2872652786876522e-05
8.845488261230264e-09
0
1.1698259173859087e-05
1.0284410147188776e-08
0
5.963540072989989e-06
1.1899301718447568e-08
0
3.0344042217576033e-06
1.3744485409460413e-08
0
1.5438758035568547e-06
1.5910651542795412e-08
0
7.887678442409456e-07
1.9795483132726782e-08
0
4.107936180061531e-07
2.905141054987107e-08
0
2.1365847341601683e-07
2.4887771367818006e-08
0
0.21193437217783118
0.3277703398330073
0
0.4777919300662977
0.7204166198074211
1.8736102266468382e-10
1.004498043370647
1.2382979666457075
8.405147125990484e-08
1.69022805397384e-06
2.0689568978736275e-06
1.7744806791832655
