1
1
1
1
2.999999181097464
2.574020432617398
2.5446984418056053
2.336626597085894
2.000010068733526
1.9666004580977128
1.9027793439738154
1.8742844627252264
1.8607826145983162
1.8516984999802677
1.84836055438711
1.8470321699225898
1.8469061585812763
1.846848778574471
1.8468187429532772
1.8467989296033094
1.8467721948838676
1.846705224886154
1.8465177104372095
1.846017130579407
1.8169326392916259
0.08059413812017262
6.320728684810493e-08
-5.224828237694274e-09
3.7199673580562402
3.6835289172049848
3.6571203440765316
3.660371488394876
3.670643777304963
3.678088566010002
3.6864545275631517
3.7128875510372996
3.7320447492355617
3.7313832531381697
3.729293195496937
3.727778436940541
3.729682491546105
3.7356985268536045
3.740058617588826
3.7402853216946004
3.7410016141269224
3.7415207433936644
3.7421629626210415
3.7441921132219567
3.7456627297132505
3.7457530451592222
3.7460384051012072
3.7462452182556603
3.74641600090209
3.7469556043503474
3.747346679182056
3.7474051389518452
3.7475898479607612
3.7477237148676728
3.747779037387816
3.7479538339684955
3.74808051689388
3.7481038953258063
3.748177761627481
3.7482312958507884
3.748243039124388
3.7482801430752897
3.7483070339734144
3.748312254888887
3.748328750850572
3.748340706214201
3.7483407751039146
3.7483409927672873
3.7483411505177004
3.7483333923913205
3.7483088798788726
3.7482911145611912
3.74826542009554
3.748184236072714
3.7481253983685314
3.7480552632240283
3.74783366479697
3.7476730624734502
3.747495464430704
3.746934327112173
3.746527645718422
3.746100868586335
3.744752427061828
3.743775150982571
3.7444063821985587
3.7464008151688524
3.7478462702354065
3.7851679445702766
3.9030892005455264
3.9885520260416434
4.057231458886044
4.274230431333342
4.4314993237117655
4.431499413604444
4.431499697628611
4.431499903473671
3.9530345977439105
3.9747808472328727
3.917296932415931
3.8987984944409524
3.9189636483617862
3.9486360391844713
3.9500828456011607
3.9750307653922254
4.005787828771252
4.006346310371367
3.970121467194369
3.9494439616840236
3.9510846502216403
3.95309067889805
3.9555078425329695
3.957222717682097
3.9575225191640713
3.95557420503363
3.9549891420024093
3.9527997056753597
3.952417257458402
3.9528565284226276
3.953200307622292
3.952905875057791
3.9527947095892877
3.952331694534114
3.9521859079117148
3.9522464778946285
3.9522821035866533
3.9522593341456784
3.952269713177577
3.952280865657707
3.95231429783134
3.9523453594472278
3.952415430548491
3.9524542314547717
3.952470246127387
3.952506264029441
3.952525642766497
3.9525333438184793
3.9525492463431537
3.9525564695493114
3.952558833052126
3.952558658533749
3.952553767396868
3.9525501407808386
3.952525256665023
3.952497507533019
3.9524817164031436
3.952399930219783
3.952316362377336
3.9522705856502847
3.9520476653830614
3.9518252910679914
3.9517055344329766
3.951141301360768
3.9505862634847535
3.9502910062165575
3.9489354930261222
3.947617759376707
3.9471460797985127
3.946465739230428
3.946780170812654
3.9548146367070167
4.004095973706463
4.056948060407613
4.085922089446124
4.208191279417922
4.305896511304802
4.340049065722578
4.394076742319347
4.407194852659449
0.12358486979330274
-0.058236934181098717
-0.2778766897430304
-0.06564126141046182
0.10029786012433321
0.041809022029893596
0.02101972406347069
0.0754927814004405
0.09495828562416013
-0.025585533017325107
-0.08898430947199884
-0.009991770670078885
0.008014226442627613
0.003359884615587488
0.011928674048841187
0.007866052166066605
-0.004486619102372176
-0.00535603435682909
-0.004327520083919916
-0.0033884220731254726
0.0018761627149126944
0.0022072975190861903
-0.0004455741795122967
-0.00102478946012232
-0.0008467375937392753
-0.000806783210120672
0.00010991193754633355
0.00028907258532952413
-6.419551385124793e-05
-2.2340533881744684e-05
4.4698437846079066e-05
3.7549292477540473e-05
0.00017006018922308355
0.00018284181679704438
0.00011495848882421947
0.00010977126730030906
9.432781099170209e-05
5.841092764632811e-05
5.37413603107256e-05
4.459387376066359e-05
2.3289355238021592e-05
1.895442924025759e-05
1.0862254960928254e-05
-9.581478233597897e-06
-1.6923300199528044e-05
-3.074604329027614e-05
-6.841663976233324e-05
-8.661960749801305e-05
-0.00011901160488976872
-0.00021008866885836972
-0.0002581322226491422
-0.000337075474017502
-0.0005621796409292029
-0.000684773737333739
-0.0008712567971721644
-0.0014079344672334316
-0.0017058365795114072
-0.002128348153035445
-0.0033527579544150405
-0.004042317730253975
-0.002654346472516715
-9.237820509394002e-05
0.0018797228858794981
0.06495058648495826
0.13179720065057854
0.16358483387787032
0.20702867841436803
0.2760692065331245
0.2658660019189274
0.18746522020577971
0.05319845972722218
0.03125161560707189
9.287081231809609
6.724658652342926
5.2028489360713905
4.72849568025337
3.351652627343099
2.4990570576149076
2.1871797248198765
1.3914651877832362
0.9621014318573128
0.8162487306371852
0.5080290731795609
0.37347822721892654
0.3257691286037353
0.21083369408815109
0.15344093256250002
0.13327046516697244
0.08514947551353069
0.06169621504431776
0.05366393256679142
0.03456623029064073
0.025204953833233488
0.021945443452466018
0.01412755123006635
0.010281017359342146
0.008951938594067657
0.0057701923488081425
0.0042048310342544465
0.003662303578523283
0.002361090251789429
0.0017201214932195364
0.0014981582457668577
0.000965840556447478
0.0007036191618330963
0.0006127939142295274
0.00039495783944138536
0.0002876648661646983
0.0002505133231240162
0.0001614275482307659
0.00011756202321448048
0.00010237512181848463
6.596253301881652e-05
4.8035869103315936e-05
4.182982834107142e-05
2.695096138207157e-05
1.962641161598802e-05
1.7090816349789153e-05
1.1012032000184882e-05
8.019743162643155e-06
6.983900544704686e-06
4.500700777603636e-06
3.278406124750046e-06
2.8552866361105973e-06
1.8410158545992493e-06
1.3417955194213038e-06
1.1689780429429648e-06
7.547509014143525e-07
5.508804630207674e-07
4.802987784583742e-07
3.111399263540017e-07
2.2788168508295086e-07
1.990692061280328e-07
1.2971919797834224e-07
9.52511864613333e-08
8.356554083279966e-08
5.526769455530385e-08
4.084785905121463e-08
3.570174850753141e-08
2.3256026308619665e-08
1.8006820322936905e-08
1.6743137343099864e-08
1.5142804426883846e-08
1.5029183461482244e-08
0.12234459716725427
0.23302393724771933
0.37631715072273586
0.4471976137188397
0.5907406306582519
0.63498963901809
0.657109253489149
0.7313207427215153
0.7525495962426535
0.7304985302688514
0.8636818381882276
1.0469294711301995
1.0633209021422025
1.1382429996912
1.2012789323077433
1.2214251132451592
1.297988341363281
1.3654404102808728
1.3863606914490598
1.4683793375496228
1.5342497349612472
1.5572974129855532
1.632748669359482
1.6901933940795508
1.7135637230569916
1.7911509651390656
1.849219017549705
1.872952026860805
1.948936329190122
2.0047134992107716
2.028575542766269
2.104580356285437
2.159961679313335
2.183906520702438
2.2596746766918305
2.314664886552111
2.3386672494966776
2.414563892045334
2.469612417553246
2.4936485681428255
2.569629663044049
2.624726104616786
2.6487870442493557
2.7248464471171214
2.780006806149797
2.8041011577345656
2.8803000681433373
2.935606218276285
2.9597772264342797
3.0363275772326155
3.092021189251451
3.1163945610677706
3.1938731037846098
3.250583672844787
3.275483348559725
3.355332088823223
3.4145951734557465
3.4408044183038093
3.5264323949683654
3.5918045799897076
3.615909370249686
3.6950830614884285
3.752379911610957
3.452500387957094
2.5420553910329664
1.9063624315672913
1.6230157107236582
0.7656221563397553
0.3068954397727992
0.18087215481544044
0.019277828103476547
0.006586231598263044
0.17198531102855474
0.2779874388563303
0.3548119373561063
0.3835974825762036
0.4745480550459603
0.5404640159935453
0.5689216502608931
0.6588361579751059
0.7240012363046807
0.7501319809252678
0.8326944672055039
0.8925312057064435
0.9148975317637844
0.9855659920415547
1.0367825961970087
1.0587752990128414
1.12826326236261
1.1786243074238012
1.1999032919088346
1.2671361966772214
1.3158628995968684
1.3368232227836743
1.403049287929043
1.4510462889955944
1.4718556195737607
1.5376046097118827
1.5852558531136625
1.6059635950685185
1.6713916066260446
1.7188102224477104
1.7394806358007433
1.8047907042142577
1.8521238413471854
1.8727793992349742
1.9380425304424047
1.9853416500759458
2.005995798765455
2.0712544774815678
2.118550370194861
2.1392038771976307
2.2044605284455843
2.2517549517617272
2.27240812287294
2.3376637128406843
2.3849573669994393
2.4056103165358445
2.470865206417645
2.518158353192704
2.5388110037518876
2.6040649489877152
2.6513574111354488
2.672009312762001
2.73726089167643
2.7845516388448655
2.8052014434773214
2.8704463967464133
2.9177323420123704
2.9383765486068505
3.0036038143610893
3.050876940691369
3.0711958923156244
3.135395485134911
3.1819238107761154
3.1828251036244293
3.1856728211121585
3.187736689756561
3.1877366904634146
3.187736692696785
3.1877366943154075
3.1877366942569774
3.187736694072363
3.187736693938564
45.46919525989272
37.668031314144024
32.66173811808118
30.924316070279012
25.416048689898346
21.51696085292598
19.93824053354678
15.351350366802988
12.35343998160787
11.192116656561375
8.398127729699883
6.899711947024816
6.3186988059047176
4.7658443398704495
3.8642969267172687
3.518608888819226
2.6085097429072372
2.0964965328055043
1.9059212884813863
1.4102241731877039
1.1328715533905558
1.0287354340012516
0.7568274665609498
0.6052579134609526
0.5489166986313578
0.4026402474214348
0.3215088146063763
0.29135326370628134
0.21312728532633948
0.16985054920118747
0.1538066526258319
0.11227190088529652
0.08935307947011457
0.08086659023673577
0.05892579209171574
0.04684338029694927
0.042375174857577115
0.03083760211543232
0.024494693723440968
0.02215109552892479
0.016105000601587628
0.01278508297837634
0.01155920595460771
0.008398697997201573
0.006664767970523099
0.006024808267620237
0.004375680629495047
0.0034715118038829286
0.0031379127598475656
0.002278577514218154
0.001807668048569307
0.0016339681904266351
0.0011866811243647036
0.0009416866935483739
0.00085133919962352
0.0006187869913421172
0.0004914835840314701
0.0004445503899624236
0.0003238252500873724
0.00025779829996236886
0.00023348465170593304
0.00017075608364340358
0.00013617870986710372
0.0001237302040317868
9.17803577232093e-05
7.40120710843086e-05
6.73577389370236e-05
5.022107887624109e-05
4.241955721921414e-05
4.0455937986658686e-05
3.7957825179153824e-05
3.777351744142634e-05
0.3778094441388047
1.6704103546070126
2.475401617467603
2.7440144734114247
3.5702098220315452
4.130637719674421
4.350885218171346
4.9687171422530545
5.35438093195775
5.499683804706425
5.840726628884099
6.017478376343733
6.08512151017878
6.263394043685325
6.365027337305773
6.403630234574683
6.504264347096568
6.560156320200585
6.580820301128503
6.6342095531131005
6.663817070384298
6.674882584399381
6.703636959587891
6.719563221672036
6.725463158908051
6.740727153278094
6.749153368822511
6.752277429403666
6.760360269907007
6.764816137271237
6.7664649195782625
6.77072485829018
6.7730691847106215
6.773935998683481
6.776173645712941
6.7774033454870715
6.777857596339618
6.779029170768809
6.779672234713012
6.779909631912743
6.780521523923237
6.780857101018341
6.78098092992887
6.781299956498003
6.781474814410624
6.781539317499967
6.781705446020649
6.781796461360978
6.781830028433906
6.781916458598423
6.781963794003918
6.781981248613629
6.782026180174392
6.7820507794615414
6.782059848774428
6.782083186840685
6.782095957955505
6.782100665391248
6.782112771737006
6.782119391083667
6.782121828210987
6.782128114937796
6.782131579568777
6.782132826756488
6.782136027400688
6.78213780711332
6.782138473575757
6.782140189730906
6.782140970932913
6.782141167547574
6.782141417678921
6.782141436132419
0.3534351987318615
1.6732866683598717
2.44430575929941
2.6519332388994874
3.321632592198479
3.846371887933817
4.071290369412242
4.751798982633215
5.272028523848944
5.500845700183137
5.931591170908683
6.066632610316748
6.108990513684241
6.226767026967921
6.3019317719544174
6.334364724489841
6.422410459871087
6.469059528515776
6.484790150142942
6.519257563651003
6.535451877632286
6.5419768991239335
6.560834507568531
6.57169793782684
6.575565922032178
6.5846316262301
6.58920414182007
6.591003748126476
6.596201999669628
6.599458415024149
6.600763649318351
6.604529902070091
6.607040516675967
6.6081206541790385
6.611483552691345
6.613850397234998
6.614862662937992
6.6179535232548545
6.620092469975727
6.6210015110538505
6.623770853289686
6.6256868226663315
6.626501923787215
6.628987802701799
6.630707701510006
6.631438760087002
6.63364877997661
6.635148353504202
6.6357756981836395
6.637584888402199
6.638700545982955
6.639131164334009
6.640102889034183
6.640352665985175
6.64032706267088
6.639325142490284
6.637521513557929
6.636413672582914
6.630790097949755
6.6242571190081545
6.620736591255416
6.609588002359277
6.603422792637765
6.605748939174116
6.715366086632521
6.931100915104003
7.0567594657397175
7.792326542970956
8.436799851405484
8.690821630397641
9.032945990115621
9.0708381095636
-0.0001918325986624253
0.035069934125208736
0.0812632393368015
0.10283915396866747
0.1907315326210363
0.27649688188275084
0.3189337205180963
0.47361973446746525
0.613953594833837
0.6817324932851869
0.8805853825940964
1.0208319409497886
1.0833084770318198
1.2827112916854926
1.4309108966768131
1.497075605425348
1.708039270838167
1.8618569789914843
1.9289486540404037
2.1395591095653006
2.2923162172752574
2.359380609072676
2.571858071214509
2.7261273084333038
2.793488208019392
3.0060448008352685
3.160092785856737
3.2274203762360294
3.440215565923363
3.5945025251962006
3.6618941189270537
3.874840681375222
4.029226296007067
4.096669180455398
4.309827555540565
4.46437015398733
4.53187288203414
4.745196605971912
4.899837408188414
4.967377430563036
5.180801077809636
5.335498415305928
5.403059165993129
5.616533609923069
5.7712537102729815
5.838820676037447
6.0522963678016595
6.206997090899997
6.274549611154177
6.487943171409354
6.642540724781566
6.710034604249235
6.923156217967605
7.077451271000054
7.144779828623362
7.357171000073098
7.51068488150729
7.577593089379775
7.788174809962468
7.939802194320999
8.005684084185253
8.212855202170154
8.362772605941402
8.426495438324825
8.62475168589144
8.771874980313092
8.8359356750567
9.056623989759293
9.192001965769498
9.234063938234392
9.288832976833842
9.293673592788105
-2.7092015094124164
0.21471066136803157
-0.532924910457079
-6.7229722283302396
-2.571998119056861
0.34425196854728984
-0.41778226056112033
-6.548160876818446
-2.9379895665674796
-0.0013007936992574093
-0.7249264571908357
-7.014471945482933
-3.0580616527421216
-0.11466748936541347
-0.8256923212475228
-7.1674562384266745
-2.927226695353959
0.008861028121534663
-0.7158941329253619
-7.000758931117124
-2.737137040907068
0.18833518145324007
-0.5563687270727654
-6.75856499322566
-2.7279414128290966
0.19701728237267005
-0.5486516511199659
-6.746848809185725
-2.5704300383495338
0.3457324802464747
-0.4164663093486535
-6.546162979339263
-2.378942413946807
0.526526534311005
-0.25576771116624075
-6.302187882711712
-2.3754925916866676
0.5297837022567611
-0.25287258098270565
-6.297792451299938
-2.60126897569521
0.31661573433060514
-0.4423466972658558
-6.5854549844611086
-2.732001207564367
0.1931842056861286
-0.5520586771609505
-6.75202140880366
-2.7215780780475467
0.20302525858582524
-0.5433114680018708
-6.738741260601087
-2.708845735719765
0.21504656698295477
-0.532626341116854
-6.722518935741157
-2.6935210595517844
0.22951544109571895
-0.5197656981093699
-6.702993708664316
-2.6826602038404603
0.2397697754987057
-0.5106511441358996
-6.689155851884315
-2.680762431259607
0.24156156752524252
-0.5090585117432632
-6.686737892759092
-2.6931005893364106
0.22991243027497954
-0.5194128347094611
-6.702457985994277
-2.6968080120470064
0.2264120475005278
-0.522524146128781
-6.707181627100999
-2.710691752819623
0.21330364016772377
-0.5341755397195959
-6.724870953014955
-2.7131185267772
0.21101238869150993
-0.5362121161004719
-6.727962914767788
-2.7103312317525714
0.2136440280413022
-0.5338729863286357
-6.724411611778447
-2.7081502903116927
0.21570317544575562
-0.532042715399321
-6.721632866152264
-2.710018152489747
0.21393962348432913
-0.5336102466408252
-6.724012716321689
-2.710723451785246
0.21327371142155774
-0.5342021418530531
-6.724911340785319
-2.7136615191481535
0.21049971957058766
-0.536667801490628
-6.728654743373342
-2.714586752338238
0.2096261557571944
-0.5374442677353899
-6.729833586432564
-2.714202337316916
0.20998910323416492
-0.5371216622655125
-6.7293438018197715
-2.7139762398794507
0.21020257432640863
-0.5369319187175084
-6.729055730231211
-2.714120745021851
0.21006613903139554
-0.5370531890809848
-6.729239844772239
-2.7140548748032787
0.2101283307468885
-0.5369979100423569
-6.729155919281014
-2.7139840962997948
0.21019515664556152
-0.5369385119150537
-6.729065740125672
-2.7137719235405644
0.21039548067915437
-0.5367604541158244
-6.72879541002159
-2.713574798423561
0.21058159740169916
-0.5365950244695549
-6.728544252174613
-2.7131301203153693
0.2110014425910847
-0.536221845529918
-6.727977686138019
-2.7128838927260412
0.21123391967275762
-0.5360152085289014
-6.727663966647864
-2.7127822662454335
0.21132987085229948
-0.5359299224273969
-6.727534483969795
-2.7125537055669713
0.2115456676265714
-0.5357381116994552
-6.72724327395668
-2.7124307346285454
0.2116617712889364
-0.5356349130855258
-6.727086596225262
-2.7123818666812247
0.21170791022004193
-0.5355939025468303
-6.727024333391273
-2.71228095590965
0.2118031856591097
-0.5355092170765114
-6.7268957626007495
-2.712235120732101
0.21184646118458966
-0.5354707516727928
-6.726837363830039
-2.7122201230557206
0.21186062132012215
-0.5354581654517372
-6.726818255234612
-2.7122212304665987
0.21185957575228065
-0.5354590948035705
-6.72681966619094
-2.712252267341619
0.21183027212245467
-0.5354851413030461
-6.726859210389193
-2.712275280206271
0.2118085444045014
-0.5355044539615061
-6.726888531165893
-2.712433184686689
0.2116594580535732
-0.5356369692022649
-6.727089717853486
-2.7126092717396713
0.21149320453052436
-0.5357847434652754
-6.727314071024611
-2.7127094782669796
0.21139859400740182
-0.5358688379257821
-6.727441744534901
-2.7132284855712756
0.21090857051410528
-0.5363043947744622
-6.72810301367754
-2.7137588213007366
0.21040785122823383
-0.5367494585667397
-6.728778716408953
-2.7140493376970976
0.2101335586350011
-0.5369932632397028
-6.729148864433371
-2.715464170080352
0.20879773715208086
-0.5381806067109175
-6.730951507651143
-2.7168756964434273
0.2074650370656089
-0.5393651757322852
-6.732749938656262
-2.7176359204042932
0.20674726758932163
-0.5400031643500729
-6.7337185428409505
-2.721218333655924
0.2033649131571992
-0.5430095664057814
-6.738282908929627
-2.7247433634387717
0.2000367376308342
-0.5459678116000704
-6.742774162526657
-2.7266189375893854
0.19826590436969246
-0.5475418148168903
-6.745163838549095
-2.7352332159081914
0.1901326879022876
-0.5547710154219038
-6.7561393226920625
-2.743613076298624
0.18222079836265753
-0.5618034898280546
-6.766816134077955
-2.7466139869195585
0.17938747271700317
-0.5643218882444521
-6.77063960549549
-2.7509436999500183
0.1752995512434679
-0.5679554327969866
-6.776156109020299
-2.7489424599844625
0.1771890325488935
-0.5662759693951342
-6.773606321714229
-2.6979140281818688
0.22536779651299882
-0.5234523274825027
-6.7085908063845965
-2.389399122783129
0.5166537773190731
-0.2645431004732013
-6.315510814450544
-2.0668599310124782
0.8211808623293883
0.006135467596668949
-5.904562426930124
-1.8935818447225954
0.984782284607232
0.15155241372762507
-5.683788170745827
-1.1886359877978623
1.6503606464828395
0.7431510162777987
-4.785614024521715
-0.6540925027888778
2.1550527070272025
1.1917460049953121
-4.104550176069511
-0.4729212674545157
2.326106487751379
1.3437869718202884
-3.8737192292409524
-0.19206876666991587
2.591274862832475
1.5794815934068471
-3.5158840102249114
-0.12491572779900204
2.6546777599026887
1.635837189461183
-3.430324072874037
0.8269322937184759
15.392489778141995
7.28810918919527
0.014938654314736833
0.948542136061054
17.521365481304667
8.177502546171521
0.01779225863439935
0.657822254417612
12.402130329924487
6.014917268677407
0.011161299422174139
0.5833939450166911
11.07290975844204
5.438355574692822
0.00957799320910008
0.6649405485499644
12.528801081309533
6.0694920494056905
0.011315408718011781
0.8041511832978905
14.991812725778626
7.119235352050469
0.01441629750959375
0.8115799622945487
15.122539828608383
7.1743875651895275
0.014586194835093134
0.950030693468637
17.54732528003447
8.188270824271697
0.01782784127646974
1.1505345246235654
21.02465058436069
9.61574001952508
0.02275389748225276
1.1545105185305429
21.093243050263336
9.643619176113491
0.022854130800951583
0.9211799067236855
17.04377077759414
7.979073923882575
0.017140933019112313
0.8082917933980358
15.064684925725631
7.1499858322008905
0.014510941085808563
0.8167607834645355
15.213669165509396
7.212802588886208
0.01470493380896686
0.8272265468148224
15.397661070370308
7.290285520023952
0.014945427431013888
0.8400011591566487
15.62206742879158
7.384648764915857
0.01524010778396599
0.8491740128963553
15.783085487845046
7.452264218914519
0.015452464102349694
0.850787082189722
15.81139084566243
7.464142392580063
0.015489872736985195
0.8403544288894663
15.628270451703797
7.387254996981199
0.015248274442536949
0.8372446479927741
15.573661155495458
7.364306664367056
0.015176416914764642
0.8257008810978219
15.37084744784634
7.279000163757204
0.014910316834027786
0.8236995211080346
15.335669287317826
7.264191009046118
0.014864285904230055
0.8259986173267804
15.376080388478046
7.281202783123834
0.014917167330618004
0.8278020378051184
15.407774624875742
7.294541559980459
0.014958675988423126
0.8262572608339346
15.38062615931354
7.283116095305548
0.01492311890734806
0.8256747076235481
15.370387424119409
7.278806529242081
0.014909714650995342
0.8232523799601079
15.32780917821349
7.2608815774183935
0.014854005922439977
0.8224910317747933
15.314425205070771
7.255245936029514
0.014836505696926268
0.8228072704229195
15.319984545227102
7.257586895394728
0.014843774167831173
0.8229933260322505
15.323255267510458
7.258964106096752
0.014848050852271645
0.8228744079360643
15.32116477858416
7.258083862748171
0.01484531736416982
0.8229286126614753
15.322117658118518
7.258485093879505
0.014846563317680965
0.8229868603597957
15.323141606303352
7.258916246989825
0.014847902228043797
0.8231614942625863
15.32621150705209
7.260208868620637
0.014851916605114635
0.8233237760692452
15.329064236875245
7.261410021795836
0.014855647249170907
0.8236899715596008
15.335501422262077
7.264120332881784
0.014864066339631323
0.8238928117352051
15.339066989454322
7.265621524068524
0.014868730218720531
0.8239765453186745
15.340538861669577
7.266241207039993
0.014870655586432942
0.8241648954847817
15.343849657754134
7.267635083755959
0.014874986700958983
0.8242662500480138
15.345631238331324
7.268385132330133
0.014877317462741336
0.8243065312319677
15.346339285688728
7.268683218832452
0.014878243795527846
0.8243897168369617
15.347801484554013
7.269298796753217
0.014880156826066304
0.8244275037518887
15.348465683098356
7.269578418643462
0.01488102583430449
0.824439868341539
15.348683020991913
7.26966991574041
0.014881310192524417
0.8244389553484779
15.348666972912781
7.269663159663179
0.014881289195663719
0.8244133677368117
15.348217207848569
7.2694738128518654
0.014880700738650677
0.824394395841881
15.347883729737179
7.269333421342722
0.014880264431344202
0.8242642305502877
15.345595740316167
7.268370187697399
0.014877271021360841
0.8241191010691427
15.343044693027315
7.267296189006293
0.014873933632820522
0.8240365230934313
15.341593148209403
7.266685075349933
0.014872034746723101
0.823608953084516
15.334077248776229
7.263520710078671
0.014862203579938702
0.823172279631593
15.32640110252434
7.260288699284999
0.014852164540470086
0.8229331693217449
15.322197760720119
7.258518822733906
0.01484666805842584
0.8217696800897404
15.301743704311331
7.249905582248376
0.014819928920747188
0.8206105487865695
15.281364651752234
7.241322653227352
0.014793300253170364
0.8199869380567865
15.270400090133755
7.2367042451993955
0.014778978337893057
0.8170546614330372
15.218837435453183
7.214980474237353
0.014711675384846546
0.8141795897510217
15.168270667377055
7.19366833173638
0.014645749675213841
0.8126539667153262
15.141433957847186
7.182354381074705
0.014610792862747862
0.8056836046917687
15.018784839848667
7.130618928732793
0.01445130914384472
0.7989602980945721
14.90042670882024
7.080648945870766
0.014297836001651871
0.7965662835587397
14.85826869958209
7.062839485849167
0.014243273010855892
0.7931248357581163
14.797653243929478
7.037222911575763
0.014164916271412713
0.7947136581542847
14.825639564586643
7.0490516000507935
0.01420107988027565
0.8363191538036591
15.557406832732633
7.357474423509721
0.015155045683942235
1.1385664027285383
20.81810060490068
9.531727318591074
0.02245275933512872
1.571937793001561
28.22900271999115
12.494699569637268
0.033864318363324805
1.8693433278774065
33.24656112568689
14.450390899805102
0.042230223466759795
3.783059465087973
64.68502351090086
26.11004401944245
0.10368011137425674
6.45643010399513
107.14914681746757
40.89120721219872
0.20486969753549525
7.738808884749859
127.13830887095413
47.60586767744928
0.25806335120750795
10.24818160734148
165.7439147862706
60.25892208233061
0.3690899277955155
10.960011431676962
176.59285209849045
63.75236247706994
0.40205956869017023
54.158264748035336
33.455304721150746
26.318097445512162
24.375059379061266
19.675297628649698
17.239478902481462
16.37548253405437
14.115786758248264
12.817493060571868
12.370511736580264
11.172415569730518
10.438611679644156
10.18224175611253
9.450802099147435
8.982404512214663
8.794759427174967
8.252929452860146
7.90137875836555
7.761576753242138
7.3508912656117555
7.078877134570515
6.9676699896084555
6.63862429541129
6.419168489697187
6.328462901234227
6.058051580760662
5.87601291719664
5.800221177095699
5.573152693921864
5.419409008035862
5.355005734599861
5.161219761975987
5.029307038870783
4.97382609914528
4.806309896078596
4.6917906987996805
4.643477801140936
4.497165068923853
4.396761426014935
4.354309368967765
4.225407945045291
4.1366580658051815
4.0990606555532025
3.984635939454479
3.9056220410929443
3.872091992400357
3.7698376974773833
3.699044195968883
3.668957400600665
3.577039499612439
3.5132562950207205
3.486113675550053
3.4030642729266325
3.3453216674548285
3.3207239648663567
3.245373477497424
3.192902720716296
3.170536354895359
3.1019806982643523
3.0541998067668255
3.034094327985034
2.9721117002901907
2.928586384528527
2.926097370255243
2.9133515173627216
2.9006858403290705
2.8948102414269243
2.87027540605274
2.8509665762006153
2.8442783674411176
2.8337617970814657
2.8312200599425745
2.492736080154768
1.8698521446323217
1.5350916020552747
1.4297174582928167
1.1218604021497434
0.9237947444559075
0.8475215771133855
0.6363780434702923
0.5052909975684101
0.4557131621900767
0.33867746482440986
0.27707249301860337
0.25335600210575326
0.19038279223083238
0.1540712261490709
0.14019061197630467
0.1037488873915667
0.08330745206041042
0.07570910736661253
0.05596940310826096
0.0449391835016949
0.04080030516035251
0.029999924953297945
0.023983672415639527
0.021748110559994212
0.01594614547738402
0.012729550619075521
0.011534271680032218
0.008434453830412659
0.0067201397163077605
0.006084721067892624
0.004440114156714336
0.0035328963353362013
0.0031970276174968833
0.0023288642597448783
0.0018509182104936863
0.0016741989637072097
0.001217977580581222
0.0009672345109063848
0.0008746047550372676
0.0006356838988196183
0.0005045282219695244
0.0004561071743728984
0.0003312951321814206
0.0002628389762212183
0.00023757734618675983
0.00017249313500271025
0.0001368190693837272
0.0001236590702264307
8.976634264313196e-05
7.119842176364505e-05
6.435058407694992e-05
4.672054196893296e-05
3.70665828465621e-05
3.3507044452106265e-05
2.4346710319703122e-05
1.9333527430202373e-05
1.7485611090451393e-05
1.273320337444665e-05
1.0134714951500277e-05
9.178007145604159e-06
6.710207892773196e-06
5.350257015910794e-06
4.860721566851153e-06
3.6044796653777058e-06
2.905954697957177e-06
2.6443893103514577e-06
1.9707800834943743e-06
1.6641487641263241e-06
1.5869590563862508e-06
1.4887734976510047e-06
1.4815260476338344e-06
0.01937620991178414
0.08306244197695944
0.11488161561979673
0.12260627660333591
0.14661634155424633
0.16513754705339964
0.17305972555427923
0.19698205482114892
0.21564103245661487
0.22397977662969848
0.2392076335102367
0.24361843428742389
0.24494749013873957
0.24874276384722552
0.25126080464981915
0.2523777138258036
0.255440080833649
0.25705783821478223
0.2575959860956862
0.25873826408873796
0.25925081295969504
0.2594589872325804
0.26006527452345424
0.2604070877059933
0.2605242927086217
0.26077744214415055
0.26088742781566515
0.26092869840524974
0.26104288400756226
0.2611076785415401
0.2611317843246791
0.2611950673800881
0.2612331815221845
0.26124935117599285
0.2612989525162214
0.2613324671302685
0.26134632488427484
0.261386050396543
0.2614109804616294
0.2614209034092736
0.2614482659809313
0.2614645519016634
0.26147082077297723
0.26148712467776203
0.26149573872565723
0.26149871531825397
0.261504202763792
0.26150417288917543
0.26150308050896703
0.2614928461714561
0.26147776512923904
0.2614689629158707
0.2614259208607852
0.2613769355672489
0.2613502751474741
0.2612300003462117
0.2611006927196041
0.2610317100924097
0.26073074544891295
0.26041660350899865
0.2602533712590113
0.2597372148334791
0.25943856539552973
0.25950580608109963
0.2637318169736546
0.27213757122562116
0.277040464709936
0.30578717738851485
0.33098153225272386
0.3409135662197547
0.3542882273240093
0.35576996381199794
0.20712467582612717
0.829196609169522
1.163431113479212
1.2686344912297
1.5758850148470112
1.7734202533382757
1.8494455896143938
2.059742249373729
2.190094812860431
2.239324673424497
2.3554327239002095
2.4164454229687555
2.4399043307871
2.502059156449895
2.5377645272309244
2.55137433520283
2.586956752401524
2.6067770664164955
2.614106016599998
2.633005133811732
2.6434285268392346
2.6473011170011493
2.6572582865634606
2.6626632961017624
2.664632296882078
2.66959442077383
2.672203234910209
2.673132998029719
2.675394025039021
2.676500594870027
2.676870665111996
2.6776772333468037
2.6779772385624634
2.6780479309871477
2.6780783187036064
2.67794919847828
2.6778608470845713
2.6774797590278774
2.6771238832730555
2.6769516636551156
2.676354049892404
2.6758792120414383
2.675663071989386
2.6749523154641754
2.6744155316029197
2.674176575496573
2.6734072527227606
2.6728386161770183
2.6725879905933536
2.6717890122273715
2.6712045885494784
2.6709482908186675
2.670135491999778
2.6695444335020615
2.6692860017513946
2.6684693929327645
2.66787828724309
2.6676205282678285
2.6668093735018763
2.6662257588862652
2.6659723517962037
2.66517529774774
2.664597652733641
2.664350193085863
2.6635406534713724
2.6628879497674784
2.6625915245782115
2.661453538727491
2.660681123233471
2.6604204186488007
2.6600766382966627
2.660043299369133
6.473539681728913
6.520906990516141
6.395975900570801
6.355963983119732
6.399585559694597
6.463974456615634
6.467120140408586
6.521452105602247
6.5886683252103175
6.589891204581677
6.510747181055557
6.4657309923340325
6.4692986234413254
6.473661671308184
6.478920378544484
6.482652172128447
6.483304661678418
6.479064777184725
6.477791775619194
6.473028746036341
6.472196879283698
6.473152345128772
6.473900141801669
6.473259683124442
6.473017878745354
6.47201077599967
6.471693687997295
6.471825427879679
6.471902914325505
6.471853390390485
6.471875964950603
6.471900221805275
6.471972937616672
6.4720404976784724
6.47219290564996
6.472277300037477
6.472312133067116
6.472390474770487
6.472432625157979
6.4724493756239045
6.472483965065894
6.472499676220992
6.472504817065757
6.472504437471538
6.472493798782747
6.472485910551503
6.472431785353713
6.472371428685765
6.472337081759613
6.472159191584345
6.471977428065994
6.47187786259403
6.471393013847889
6.470909366007739
6.4706489096743525
6.469421822828211
6.4682148180651104
6.467572775434389
6.464625490147815
6.461760827798285
6.460735543614917
6.459256802158532
6.459940213367836
6.477412098634559
6.584964272141825
6.701043415267309
6.765001566049972
7.037417250166706
7.258027450620376
7.335753493726438
7.459360233316569
7.489492177751276
7.128338362657057
7.29250255123727
7.37224635380983
7.429058771728372
7.545444087458746
7.545443797083897
7.530282221468984
7.543202519740471
7.545444111789121
7.486279179285106
7.465481347938519
7.545444097516915
7.539107634858093
7.536736011145572
7.545444098817774
7.544536964197317
7.542252824145562
7.545444098346485
7.541308558905084
7.539696888081355
7.545444097112974
7.545441559045915
7.545075978675113
7.545444097351434
7.544659087858348
7.54427514746253
7.545444097391806
7.5453334992829335
7.545234206154672
7.545444097294733
7.545336155982966
7.545279047300334
7.545444096613823
7.545440960648015
7.545433205452625
7.545444094625326
7.545443208985483
7.545439583662356
7.545444090965286
7.545443707052951
7.5454415806448045
7.545444084708895
7.5454439048772315
7.545441765396481
7.545444074679806
7.545443993549923
7.545439976912847
7.545444060664192
7.54544403511772
7.545434575663202
7.5454440426871106
7.545444055597478
7.545421552198548
7.545444029843746
7.545444061977157
7.545392474856678
7.5454440484525565
7.545444041614323
7.5453307667227
7.545444091351912
7.544473726990091
7.544048201701075
7.545444099206377
7.475882782269629
7.31947508908163
7.251518144453009
7.233658060131273
7.258495698735623
7.346645533445669
7.387981521644949
7.46492683335781
7.491393995574906
4.248598446589179
4.321061958410621
4.3560360016113036
4.380864233533808
4.431499974606546
4.431499848650581
4.424920654893548
4.430527593487178
4.431499985160339
4.40579702583418
4.396743253861347
4.431499978969481
4.428750964305597
4.427721828273175
4.431499979533755
4.431106482408399
4.430115586530165
4.431499979329324
4.429705915566012
4.429006643882101
4.431499978794263
4.431498877856265
4.431340298471433
4.4314999788977
4.431159458310616
4.430992908069859
4.4314999789152125
4.431452004612601
4.431408933856522
4.431499978873105
4.431453157016413
4.431428384797113
4.4314999785777465
4.431498618289035
4.431495254314957
4.4314999777151955
4.43149959355099
4.431498020993535
4.431499976127579
4.431499809597836
4.431498887225222
4.431499973413743
4.431499895408121
4.431498967365009
4.431499969063423
4.431499933871695
4.431498191573927
4.431499962983867
4.431499951902568
4.431495848671821
4.431499955185944
4.431499960786078
4.431490199475955
4.431499949614875
4.431499963553392
4.431477586566811
4.431499957686823
4.431499954720601
4.431450819302493
4.431499976295285
4.431079050672655
4.430894459293551
4.431499979702319
4.401272449524664
4.3329079178962955
4.3030300034577715
4.295159884604227
4.306102676125494
4.344823883018673
4.362919945622654
4.396501728057521
4.40802213659832
0.24020805458571434
0.24621406259252876
0.23041309173670269
0.22537910936605343
0.23086785292863696
0.23899748199232906
0.23939551573725718
0.2462832908613385
0.25483904580339073
0.25499506396553656
0.2449242509691744
0.23921973220438378
0.23967121415765896
0.24022349843393898
0.24088936640978917
0.24136203252256883
0.24144468821716286
0.24090765368307773
0.24074644116736976
0.2401433715995742
0.24003806428117516
0.24015901869063308
0.2402536890901313
0.24017260730213907
0.24014199585525667
0.24001450595674215
0.23997436728076224
0.23999104351077655
0.24000085216239353
0.2399945831503325
0.23999744075986293
0.24000051132794772
0.2400097161304757
0.24001826832652962
0.24003756126634612
0.24004824462104418
0.24005265409742343
0.24006257132741152
0.24006790714106058
0.2400700275850659
0.2400744062750732
0.24007639515916013
0.2400770459420746
0.24007699788898573
0.24007565113066112
0.24007465255509583
0.2400678008301731
0.24006016029012625
0.24005581233218293
0.2400332934715063
0.24001028455989992
0.23999768097399388
0.23993630712409503
0.2398750872228811
0.23984211959069437
0.239686806853461
0.23953404802892408
0.239452795847132
0.23907985272727642
0.23871743304665424
0.2385877367128389
0.23840069417635512
0.23848713502482338
0.24069836159302122
0.2543665525691763
0.2692315892336861
0.27747445083946587
0.31302763381186527
0.34238715882390525
0.3528608491431439
0.3696630001978968
0.37378677176760394
1.9271658902073463
2.037275967894626
2.103430123272266
2.1314428150500415
2.2314203121158975
2.313937645313521
2.351574539041872
2.4787198987062
2.5836033085223953
2.6316368620149486
2.7713749049824568
2.872456689026758
2.9181116952752335
3.0652435665529483
3.175997292457522
3.225729039034568
3.385513347727791
3.503419891326829
3.5552400235233783
3.71945331019373
3.8399421037013304
3.8931425274241453
4.062684444009217
4.1866748021414955
4.241027695366199
4.4133032287327145
4.538809835892689
4.593807478406032
4.76810214694095
4.894866458236901
4.950322679544959
5.125838051497559
5.253312961219015
5.309047498090278
5.4853466144327045
5.613278974747601
5.669181322982078
5.845912133973875
5.974075319631622
6.030060009105414
6.206991338455819
6.335250530921524
6.391266135163731
6.568258336134558
6.6965306471689425
6.752544916202124
6.929506087556967
7.057731382954912
7.113719032030644
7.290565751651012
7.418676162606365
7.474604695006466
7.651209346897093
7.779081088248945
7.834886535534377
8.010979701222475
8.138337586982521
8.193875172871763
8.368844316815427
8.495063628572463
8.549980775818273
8.722957062084589
8.848303823442555
8.901445017194007
9.063045028346128
9.176016546180401
9.22368699245924
9.367749842665287
9.44470793759178
9.465817183232748
9.492878600925886
9.495000014085914
1
1
1
1
1
1
1
-0.5989532786698575
0.1688497361140219
0.43449021706571317
-0.03435511639851697
0.09888798718720596
0.011773986230005066
0.03335396292871026
0.00469057590995607
0.008869678475889393
0.003036136121841314
0.0028732015600000066
0.001214170050579038
0.0006098925345058309
0.0002711507436959037
3.5778202288090664e-06
-0.00040292200643361227
-0.0013344543704814095
-0.0036425022952251414
-0.009223639345324925
-0.0221648746030216
0.03278329529852265
1.938319018081973
3.566899213549123
4.668619259692932e-06
3.7314999999999996
3.6571203440765316
3.678088566010002
3.7320447492355617
3.727778436940541
3.740058617588826
3.7415207433936644
3.7456627297132505
3.7462452182556603
3.747346679182056
3.7477237148676728
3.74808051689388
3.7482312958507884
3.7483070339734144
3.748340706214201
3.7483411505177004
3.7482911145611912
3.7481253983685314
3.7476730624734502
3.746527645718422
3.743775150982571
3.7478462702354065
3.9885520260416434
4.4314993237117655
3.9314999999999998
3.917296932415931
3.9486360391844713
4.005787828771252
3.9494439616840236
3.9555078425329695
3.95557420503363
3.952417257458402
3.952905875057791
3.9521859079117148
3.9522593341456784
3.95231429783134
3.9524542314547717
3.952525642766497
3.9525564695493114
3.952553767396868
3.952497507533019
3.952316362377336
3.9518252910679914
3.9505862634847535
3.947617759376707
3.946780170812654
4.056948060407613
4.305896511304802
10.043285238623751
5.2028489360713905
2.4990570576149076
0.9621014318573128
0.37347822721892654
0.15344093256250002
0.06169621504431776
0.025204953833233488
0.010281017359342146
0.0042048310342544465
0.0017201214932195364
0.0007036191618330963
0.0002876648661646983
0.00011756202321448048
4.8035869103315936e-05
1.962641161598802e-05
8.019743162643155e-06
3.278406124750046e-06
1.3417955194213038e-06
5.508804630207674e-07
2.2788168508295086e-07
9.52511864613333e-08
4.084785905121463e-08
1.8006820322936905e-08
-5.088604914312691
-4.972701587242344
-3.3896767194544193
-3.0069767748335754
-2.5903590828141208
-2.1999086663334713
-1.9100620520287577
-1.364655289117547
-1.0677233350820272
-0.8515838666737974
-0.4515791600396264
-0.3299085913831296
-0.2880796352756532
-0.18761525087944528
-0.139077727060829
-0.12156860074085056
-0.07760358576134394
-0.05593667496326495
-0.048346057891716185
-0.03080725691898767
-0.022548369927796394
-0.019669024283484594
-0.012676250460287253
-0.009216511228315726
-0.008015388436743955
-0.005154522546860632
-0.0037579484045578105
-0.003273585362530457
-0.002110607586124514
-0.001537789608292093
-0.001339278747029589
-0.0008634082680746216
-0.0006291828863344934
-0.0005480368263640693
-0.0003533232405410011
-0.00025738562620883403
-0.00022415967339191269
-0.00014446721260144338
-0.00010521950889938673
-9.163000334016311e-05
-5.9043089182815074e-05
-4.2998344902913044e-05
-3.7443501609961826e-05
-2.412478476683425e-05
-1.7567986952335507e-05
-1.5298088945518138e-05
-9.855855015467757e-06
-7.1769142835314015e-06
-6.249513357524265e-06
-4.0259980426105595e-06
-2.9316072296992815e-06
-2.552749867662027e-06
-1.6443544989676337e-06
-1.1973542659421937e-06
-1.042608978446621e-06
-6.715138049618478e-07
-4.88992829232771e-07
-4.2580412686247266e-07
-2.742173465987382e-07
-1.997306734448911e-07
-1.739693015232318e-07
-1.1298873257982866e-07
-8.318517071630245e-08
-7.060277669015357e-08
-4.6602327892063016e-08
-3.5506741650480515e-08
-3.135605249345806e-08
-1.9333778589809507e-08
-1.017213337440849e-08
-6.6658382661797906e-09
-8.477632199070895e-10
-3.071545958913571e-10
0
0.37631715072273586
0.63498963901809
0.7525495962426535
1.0469294711301995
1.2012789323077433
1.3654404102808728
1.5342497349612472
1.6901933940795508
1.849219017549705
2.0047134992107716
2.159961679313335
2.314664886552111
2.469612417553246
2.624726104616786
2.780006806149797
2.935606218276285
3.092021189251451
3.250583672844787
3.4145951734557465
3.5918045799897076
3.752379911610957
1.9063624315672913
0.3068954397727992
0.5713823336292738
0.14048323833794518
0.8032627971584119
0.41348857799561434
0.18577590255187784
0.07043943816850598
0.15406357801756793
0.11957576041496448
-0.01539834984192013
-0.015860554178853677
0.47487059664024966
0.5128684740434384
0.12041692063420109
0.17486970704480323
0.17465325443719373
0.13634218091900804
0.1759905330303893
0.20384288800680983
0.1449367156726119
0.1829532325800402
0.1844438620574899
0.14986937745327344
0.15837080977782123
0.1653261403208685
0.1530007939624557
0.16237162988030768
0.16400247424481643
0.1536159962908192
0.15639713807773978
0.15769470290529222
0.15426910684218495
0.15579329626542662
0.15605063690305598
0.15449441084933135
0.15480464238772115
0.15494267495798036
0.15483526881442367
0.15500093953953792
0.15508149340891664
0.1550402404976612
0.15514705190026853
0.15520860562136965
0.1551982920504146
0.15531443422683008
0.15540428642067447
0.15542728273698475
0.15566494757370491
0.1558802485006963
0.1559679321519129
0.15658227789360368
0.15715769019623665
0.15739706712092408
0.15899850014631586
0.16049940982871447
0.16109723720754748
0.1651051494190638
0.1688396240291741
0.17025718112869087
0.1798284474367398
0.1886809648821775
0.1576873145954294
0.1631826355827338
0.1583330007806709
-1.9130938699395106
-1.8126086674367314
-1.7728815390960315
-1.8409424371298413
-1.5579832210921851
-0.972776717589872
-0.6662468477258345
-0.08963093747583038
-0.032375422184907875
0
0
0.03793270210892611
0.18354611166862353
0.2860968697182462
2.475401617467603
0.2860968697182462
0.3237594112368587
0.4519684970569098
0.552258598296002
4.130637719674421
0.552258598296002
0.5958025429441106
0.7347934898420198
0.84017285121975
5.35438093195775
0.84017285121975
0.885714636956864
1.0109017143796715
1.093857327534649
6.017478376343733
1.093857327534649
1.1300701867190561
1.2425113437803317
1.3233609064002483
6.365027337305773
1.3233609064002483
1.3588028372434073
1.4696262932627102
1.548842906195206
6.560156320200585
1.548842906195206
1.5830793349740484
1.6897092487845748
1.7663716710637816
6.663817070384298
1.7663716710637816
1.7998752665649533
1.9054721273633368
1.9817243772555777
6.719563221672036
1.9817243772555777
2.0149337640737732
2.119477756425545
2.1950493195611926
6.749153368822511
2.1950493195611926
2.2280350082156994
2.3321393067893914
2.407500258920351
6.764816137271237
2.407500258920351
2.440390977481604
2.5442316262199665
2.6194407534975093
6.7730691847106215
2.6194407534975093
2.652277898126371
2.7559978167438546
2.8311406247439326
6.7774033454870715
2.8311406247439326
2.8639490228947966
2.9675831258541883
3.0426670083675655
6.779672234713012
3.0426670083675655
3.075450128944838
3.1790065032413555
3.2540353289570056
6.780857101018341
3.2540353289570056
3.286794541241613
3.3902753815597104
3.465248772505167
6.781474814410624
3.465248772505167
3.4979834345492
3.60138339345224
3.676293800853166
6.781796461360978
3.676293800853166
3.7089995589386917
3.8122974888316494
3.887120943817038
6.781963794003918
3.887120943817038
3.919784723679678
4.022921692506578
4.0975947417321805
6.7820507794615414
4.0975947417321805
4.130182511485763
4.23300995565736
4.307376862839461
6.782095957955505
4.307376862839461
4.339805945744681
4.441971101733634
4.515669862186237
6.782119391083667
4.515669862186237
4.547735429698319
4.6487337339448125
4.721921217948951
6.782131579568777
4.721921217948951
4.752949172589569
4.847303452259967
4.913264469620779
6.78213780711332
4.913264469620779
4.941097904204054
5.025211968398707
5.070145454309027
6.782140970932913
5.070145454309027
5.08247048799028
5.098270809885115
5.099509436368528
2.542346318660734
0.2642368483155043
2.554116727771902
0.30827368994094256
1.8855544973813407
0.25786272647190883
1.7256675823511172
0.24777220126970018
1.6336780960779542
0.2745397089806429
1.516074031912581
0.28981623230397474
1.3791363009593576
0.2806905740656216
1.1527605207687541
0.2893837833195478
1.0247279115353929
0.3056073650482164
0.8686442344059764
0.28201243449106733
0.5569969966902392
0.23705241464735927
0.4561562531268481
0.23443316714100743
0.41732357641475415
0.2322716724379596
0.3153451130101727
0.22775563941311658
0.25971469098223904
0.22818845652919595
0.2376849315540057
0.2280143409027449
0.17572455272794887
0.22441887519461456
0.14046573702384416
0.22180689785833144
0.12687178190835105
0.21983542131146358
0.09285958769616653
0.21615795174924354
0.07484940344843845
0.2160373725673668
0.06807194932338173
0.21596092026833905
0.05010228292113521
0.21511175224369244
0.04002256099497301
0.21440367276960445
0.03624973570075262
0.21395242592721594
0.026521675993503104
0.21298147794426486
0.02118287319479172
0.21278344704586993
0.01919639651912596
0.2126776158750813
0.014038043861602333
0.21234480170182843
0.01118598749669401
0.2121725901507008
0.010127694506362092
0.21208179404876268
0.007390261656461543
0.21186801882032455
0.005881930725025489
0.21179610977540547
0.005323370259744386
0.21176639769388525
0.003878821949985008
0.21167060809880764
0.0030832797160658372
0.21160947695469334
0.0027890704957844433
0.21158383397323688
0.0020293229144281192
0.2115016393619639
0.0016116778695306417
0.2114458929862082
0.0014573744779169332
0.21142204656343175
0.0010593185225571732
0.21134549803389935
0.0008407832409736225
0.2112915831251118
0.0007600976837154341
0.21126803019221302
0.0005520982863558297
0.21119058979192176
0.0004380097478528877
0.2111339343634621
0.00039590671749673364
0.2111083768842102
0.00028741931906886125
0.21101907026443426
0.00022795309935973773
0.2109501554497007
0.00020601466272356604
0.210917428206414
0.00014950080727315563
0.21079121222020844
0.00011853943380530973
0.2106870161592644
0.00010711925381834043
0.21063452451091091
7.770278846065973e-05
0.2104115120431231
6.159478203490552e-05
0.2102166017082325
5.565378552624392e-05
0.21011429902552864
4.0347995096097074e-05
0.2096553440316074
3.197216736598134e-05
0.20924156912448
2.888288332993307e-05
0.20902084843201055
2.091929887919987e-05
0.20801670926182525
1.6566104215304304e-05
0.2071016704950728
1.4961089284644913e-05
0.20657831851813077
1.0904811289854001e-05
0.20597699564402921
8.716716551854272e-06
0.2064091787688469
7.639421333575995e-06
0.19803604878337722
5.557271067529116e-06
0.1880226291608852
4.5361827318211265e-06
0.18398649543327789
4.130617185853067e-06
0.1807706656662028
2.8014312428044365e-06
0.15270925292537796
1.5601394732182e-06
0.09519322349709224
1.0379727766646244e-06
0.06515612685187067
1.347993090516256e-07
0.00875664252816979
4.878575575538968e-08
0.0031622506026498932
0
2.44430575929941
3.846371887933817
5.272028523848944
6.066632610316748
6.3019317719544174
6.469059528515776
6.535451877632286
6.57169793782684
6.58920414182007
6.599458415024149
6.607040516675967
6.613850397234998
6.620092469975727
6.6256868226663315
6.630707701510006
6.635148353504202
6.638700545982955
6.640352665985175
6.637521513557929
6.6242571190081545
6.603422792637765
6.931100915104003
8.436799851405484
2.4749780565203867
2.6105599417897145
1.5735732311356796
1.339123784076437
1.4160226939357978
1.5509184729278092
1.4217264139082222
1.4009614941476491
1.5528739555034783
1.30694913222426
0.5318210814016419
0.27102297616499327
0.2640277182281987
0.22083523567047184
0.20469052489198847
0.20297154762885677
0.15370462864758339
0.1076148071222665
0.09254015782351714
0.05271618227546338
0.04089288655814391
0.04150697898638301
0.03457203225885977
0.026145266988990733
0.023145219021910506
0.014664045333382086
0.011512415507124108
0.011379296183593204
0.009804190160936942
0.008519064970159406
0.008211966058196307
0.007260277827962244
0.0069327269613187635
0.006947680299142861
0.006762876155070106
0.006559868178276014
0.006475617928465874
0.00614350127557662
0.005905556934059851
0.005810714236199172
0.005500329283723022
0.0052950713251196406
0.0052122371736001505
0.004938927114523962
0.0047506199871734526
0.0046678257837799155
0.004348668603566846
0.0040953334582018485
0.003969104239783406
0.0033918300839491065
0.0028795017947249287
0.0026080344812162513
0.0012908044957978169
8.035944647328936e-05
-0.0005657072311085247
-0.003687006320584176
-0.00655812011247658
-0.008075213057967106
-0.015235989093195634
-0.02174968048113469
-0.023208791795060572
-0.02075428342475604
-0.013159709723383255
0.05526589072826339
0.423594996224788
0.8081049629133847
1.0297517246979666
1.8051379721885807
1.7369064741863018
1.3548220334383108
0.22362362519657009
0.08527641339375405
0
0.0812632393368015
0.27649688188275084
0.613953594833837
1.0208319409497886
1.4309108966768131
1.8618569789914843
2.2923162172752574
2.7261273084333038
3.160092785856737
3.5945025251962006
4.029226296007067
4.46437015398733
4.899837408188414
5.335498415305928
5.7712537102729815
6.206997090899997
6.642540724781566
7.077451271000054
7.51068488150729
7.939802194320999
8.362772605941402
8.771874980313092
9.192001965769498
0.019761833726001002
0.11345879571919386
0.14110919941736627
0.14798565667638042
0.2135059810162295
0.2710133915395327
0.2816128299162478
0.3568211355304665
0.43731906147938626
0.4269324604492758
0.3934065513324261
0.40107941054155744
0.4034732225362821
0.41201105444844927
0.4235451606806784
0.4278915598612327
0.43265132843178183
0.43342843658708946
0.43167411299865155
0.42927612570774826
0.43180065104646054
0.4328859541846141
0.4343298852393685
0.43455223914950974
0.4342417116294501
0.43372580770267133
0.43413514482663856
0.4342615551973826
0.43447169537552854
0.434625967710806
0.4346399626248182
0.4347410501747129
0.4349279828705288
0.4350062598244821
0.43520445997960044
0.4353304702943021
0.4353803458943708
0.4355061292079526
0.435582361166355
0.43561180113463327
0.4356835077284187
0.435723917463948
0.43573830098600785
0.4357643062490541
0.43577130085698074
0.43577007519009353
0.43573536935736273
0.4356899003486621
0.435661280920047
0.4355016640725209
0.4353386699215383
0.43524640228146755
0.4347878293082819
0.4343388070559492
0.43409176780938336
0.43291708138460855
0.43178644337628114
0.43117443188068516
0.42835288423871737
0.4256743888477122
0.42423958297971015
0.4221009777896446
0.4226810843754514
0.40785594564451944
0.40661325131958953
0.42480557323939255
0.43274570057745765
0.4346714073070308
0.31029518784927534
0.22297928828582975
0.03207862601245541
0.01171528950662479
0
0.057763965269550126
0.24027451593720778
0.37254810150844736
0.37254810150844736
0.4221099906615075
0.5787053289358821
0.6921969972340657
0.6921969972340657
0.7411943014133836
0.8960057816375789
1.0082046079626046
1.0082046079626046
1.0531955594443314
1.1953486005604406
1.2983732880620582
1.2983732880620582
1.3368828026235957
1.458557148831878
1.5467400072262547
1.5467400072262547
1.5846062310827158
1.704248041257937
1.7909578295864346
1.7909578295864346
1.8275951995675528
1.9433543331219376
2.0272501714822115
2.0272501714822115
2.063338882203296
2.177364476461851
2.260003941108117
2.260003941108117
2.295832678329478
2.4090368624515888
2.491081014314157
2.491081014314157
2.526734839994006
2.6393863750448423
2.721029997327325
2.721029997327325
2.756619551998525
2.8690680168978266
2.9505644651294514
2.9505644651294514
2.9861284422089778
3.098496092359512
3.179933970516435
3.179933970516435
3.215495521290385
3.3278555053057297
3.4092878274704908
3.4092878274704908
3.4448482734118984
3.557204766607411
3.638634558818401
3.638634558818401
3.674194426434125
3.78654909235655
3.8679775602607425
3.8679775602607425
3.903537046377142
4.015890506917433
4.097318101227107
4.097318101227107
4.132877072575565
4.24522890665929
4.326655322202908
4.326655322202908
4.362213004066805
4.474560763905699
4.55598422666127
4.55598422666127
4.591538297998143
4.703874650045477
4.785289845062621
4.785289845062621
4.820834277904357
4.933140176241545
5.014533300088445
5.014533300088445
5.049517720929106
5.160054209943028
5.2401649634575
5.2401649634575
5.2417167762128605
5.2466198710608785
5.250173363905925
5.250173363905925
5.250173365122959
5.2501733689682935
5.250173371755178
5.250173371755178
5.250173371654575
5.250173371336713
5.250173371106343
0.37254810150844736
0.37254810150844736
0.37254810150844736
0.31964889572561844
0.31964889572561844
0.31964889572561844
0.31600761072853895
0.31600761072853895
0.31600761072853895
0.2901686800994538
0.2901686800994538
0.2901686800994538
0.248366719164197
0.248366719164197
0.248366719164197
0.2442178223601798
0.2442178223601798
0.2442178223601798
0.23629234189577752
0.23629234189577752
0.23629234189577752
0.23275376962590588
0.23275376962590588
0.23275376962590588
0.23107707320604084
0.23107707320604084
0.23107707320604084
0.22994898301316757
0.22994898301316757
0.22994898301316757
0.22953446780212636
0.22953446780212636
0.22953446780212636
0.2293695053869845
0.2293695053869845
0.2293695053869845
0.22935385695405563
0.22935385695405563
0.22935385695405563
0.22934673134791128
0.22934673134791128
0.22934673134791128
0.22934300144234224
0.22934300144234224
0.22934300144234224
0.22934054096636552
0.22934054096636552
0.22934054096636552
0.22933722097580173
0.22933722097580173
0.22933722097580173
0.22932890445836285
0.22932890445836285
0.22932890445836285
0.22930561840135327
0.22930561840135327
0.22930561840135327
0.22924345502582552
0.22924345502582552
0.22924345502582552
0.2256316633690564
0.2256316633690564
0.2256316633690564
0.010008400448428146
0.010008400448428146
0.010008400448428146
7.84925371484504e-09
7.84925371484504e-09
7.84925371484504e-09
-6.488334573306976e-10
-6.488334573306976e-10
-6.488334573306976e-10
26.452381900239306
30.877276180222935
25.8325054598062
24.82302701777212
27.51677146422894
29.060586524543304
28.150063240649448
29.040348179586697
30.687021236191065
28.323889685060117
23.81658288350326
23.558274678127866
23.344423074802034
22.900359595092226
22.951061644986936
22.936791826087042
22.58427331995274
22.327416680986616
22.131520974959916
21.76889460685836
21.76224719907506
21.757014163774368
21.678992614352083
21.612899048153583
21.569683992542778
21.478836499254143
21.463924629751364
21.455464753046037
21.428816312953238
21.416413482655543
21.409416433043752
21.394650409290293
21.392311228295736
21.391458393378766
21.38855079158069
21.387266403492433
21.386808847587933
21.385231832797576
21.384465541807494
21.384179099811174
21.383143572699254
21.382544080232524
21.382279780228473
21.381131677181152
21.380239712040527
21.379765971177758
21.377394765044485
21.375244434715306
21.374036526547684
21.367895292646093
21.362142264010576
21.358917221877174
21.342903800018625
21.327895150194873
21.319588425450874
21.279509674430887
21.24216511085076
21.22177326549151
21.126060753997802
21.0375356540301
20.98629301698205
20.93133986808957
20.97983624591376
20.13177867363514
19.126926672607798
18.729655400296384
18.409425124867727
15.57983297651344
9.727767950651959
6.66246840570916
0.8963093090271947
0.3237541566585784
20.7525768094867
25.933408989245997
23.166424593946136
21.229816610253074
22.11068876232615
24.089860184510236
23.47377060187061
23.341535250842607
24.37440067399729
24.483028900372208
21.44362808344222
19.73735491276617
19.713904493215974
19.356848860988293
19.183848382936173
19.316356855273288
19.279272018943914
19.059568002662097
18.95028936971218
18.574661506408063
18.409662479764595
18.440733883044512
18.445935601371666
18.401304102337438
18.376199115813776
18.286924803684023
18.239122038364695
18.239309934184167
18.22603538307668
18.21208830134602
18.208086481128134
18.193515420988113
18.185212266109385
18.185896385702986
18.185558456665245
18.184246585062606
18.18462691537534
18.184530212328866
18.183861320811594
18.18408215503733
18.184029314719
18.183607957939984
18.183812272946696
18.183777352629736
18.183327793860688
18.1836956683247
18.183662580330708
18.182773609946626
18.18365541442772
18.18360179735671
18.181399797219164
18.18356869890524
18.183451000726897
18.17795075109489
18.18310101699382
18.182825367502854
18.169615534591582
18.18132621551365
18.180696546193566
18.150381810048962
18.0521773562573
17.814012424207757
17.71330478394351
15.105537842902967
8.993760002949177
6.0900620719848835
2.5546469559968283
-5.880202530371353
-11.183819808635876
-8.14284483403132
-3.3321832597932954
-2.1641498588842154
