	13.309518
	1.000000
	1.000000
	1.000000
	3.970355
	3.953150
	3.957565
	3.959138
	3.959659
	3.959827
	3.959862
	3.959847
	3.959819
	3.959795
	3.959777
	3.959765
	3.959758
	3.959753
	3.959751
	3.959749
	3.959748
	3.959748
	3.959748
	3.959748
	3.959748
	3.952654
	4.009204
	4.226455
	2.042374
	2.032713
	1.948163
	1.902088
	1.869922
	1.847183
	1.830981
	1.819866
	1.812668
	1.808247
	1.805635
	1.804136
	1.803292
	1.802824
	1.802568
	1.802428
	1.802353
	1.802312
	1.802290
	1.802279
	1.802273
	0.781423
	0.000000
	0.000000
	9.462005
	7.501340
	6.197748
	5.709260
	4.293694
	3.423866
	3.091526
	2.216452
	1.720175
	1.533892
	1.056906
	0.798645
	0.704681
	0.470146
	0.348004
	0.304592
	0.198440
	0.144792
	0.126034
	0.080824
	0.058443
	0.050700
	0.032203
	0.023165
	0.020056
	0.012671
	0.009088
	0.007860
	0.004951
	0.003546
	0.003065
	0.001928
	0.001380
	0.001192
	0.000749
	0.000536
	0.000463
	0.000291
	0.000208
	0.000180
	0.000113
	0.000081
	0.000070
	0.000044
	0.000031
	0.000027
	0.000017
	0.000012
	0.000011
	0.000007
	0.000005
	0.000004
	0.000003
	0.000002
	0.000002
	0.000001
	0.000001
	0.000001
	0.000000
	0.000000
	0.000000
	0.000000
	0.000000
	0.000000
	0.000000
	0.000000
	0.000000
	0.000000
	0.000000
	0.000000
	0.000000
	0.000000
	0.072429
	0.137431
	0.171391
	0.210536
	0.297616
	0.357567
	0.372346
	0.451783
	0.522102
	0.544114
	0.632286
	0.704419
	0.730342
	0.822353
	0.893556
	0.920681
	1.011707
	1.079854
	1.106673
	1.194136
	1.258473
	1.284487
	1.368045
	1.428987
	1.454229
	1.534656
	1.593092
	1.617762
	1.696038
	1.752823
	1.777118
	1.854042
	1.909811
	1.933877
	2.009995
	2.065168
	2.089100
	2.164754
	2.219585
	2.243441
	2.318833
	2.373474
	2.397287
	2.472535
	2.527071
	2.550860
	2.626029
	2.680507
	2.704283
	2.779409
	2.833856
	2.857626
	2.932729
	2.987159
	3.010925
	3.086016
	3.140437
	3.164201
	3.239285
	3.293702
	3.317464
	3.392545
	3.446959
	3.281705
	2.857587
	2.626525
	2.311708
	1.541452
	1.150332
	0.805957
	0.241369
	0.109987
	0.162915
	0.240260
	0.296315
	0.320678
	0.397657
	0.453447
	0.476797
	0.550574
	0.604043
	0.626841
	0.698873
	0.751078
	0.773490
	0.844304
	0.895626
	0.917766
	0.987719
	1.038416
	1.060362
	1.129701
	1.179954
	1.201767
	1.270685
	1.320633
	1.342359
	1.411005
	1.460755
	1.482428
	1.550907
	1.600536
	1.622178
	1.690557
	1.740114
	1.761738
	1.830061
	1.879577
	1.901191
	1.969481
	2.018975
	2.040583
	2.108856
	2.158336
	2.179941
	2.248204
	2.297678
	2.319281
	2.387539
	2.437008
	2.458611
	2.526866
	2.576333
	2.597935
	2.666189
	2.715655
	2.737257
	2.805509
	2.854975
	2.876577
	2.944829
	2.994294
	3.015896
	3.084148
	3.133613
	3.142979
	3.172571
	3.194018
	3.194018
	3.194018
	3.194018
	3.194018
	3.194018
	3.194018
	46.011963
	40.125267
	36.042081
	34.425150
	29.371804
	25.896608
	24.458590
	20.262297
	17.504897
	16.370867
	13.126597
	11.074423
	10.254156
	7.970788
	6.583836
	6.043552
	4.577988
	3.718778
	3.390868
	2.519296
	2.022003
	1.834996
	1.345013
	1.070709
	0.968575
	0.703513
	0.556992
	0.502788
	0.362989
	0.286349
	0.258115
	0.185593
	0.146051
	0.131524
	0.094309
	0.074093
	0.066679
	0.047722
	0.037449
	0.033686
	0.024077
	0.018879
	0.016977
	0.012123
	0.009501
	0.008541
	0.006096
	0.004775
	0.004292
	0.003062
	0.002398
	0.002155
	0.001537
	0.001204
	0.001082
	0.000771
	0.000604
	0.000543
	0.000387
	0.000303
	0.000272
	0.000194
	0.000152
	0.000138
	0.000103
	0.000086
	0.000078
	0.000061
	0.000054
	0.000048
	0.000039
	0.000037
	0.288548
	1.269350
	1.938387
	2.197778
	2.986226
	3.507711
	3.717981
	4.312625
	4.687621
	4.838280
	5.258104
	5.514974
	5.615793
	5.891037
	6.054161
	6.116872
	6.284658
	6.381309
	6.417852
	6.514051
	6.568256
	6.588506
	6.641203
	6.670441
	6.681276
	6.709260
	6.724628
	6.730294
	6.744856
	6.752801
	6.755721
	6.763200
	6.767264
	6.768754
	6.772564
	6.774629
	6.775385
	6.777315
	6.778359
	6.778741
	6.779715
	6.780241
	6.780434
	6.780924
	6.781189
	6.781286
	6.781532
	6.781665
	6.781714
	6.781838
	6.781904
	6.781929
	6.781991
	6.782024
	6.782037
	6.782068
	6.782085
	6.782091
	6.782106
	6.782115
	6.782118
	6.782126
	6.782130
	6.782131
	6.782135
	6.782137
	6.782137
	6.782139
	6.782140
	6.782140
	6.782141
	6.782142
	0.290338
	1.277401
	1.950861
	2.197929
	2.949948
	3.448184
	3.653714
	4.235267
	4.602304
	4.751620
	5.167861
	5.422722
	5.523453
	5.798667
	5.962003
	6.025089
	6.194167
	6.291860
	6.328932
	6.426875
	6.482411
	6.503235
	6.557818
	6.588479
	6.599910
	6.629840
	6.646671
	6.652953
	6.669516
	6.678956
	6.682512
	6.692050
	6.697641
	6.699789
	6.705710
	6.709330
	6.710760
	6.714844
	6.717467
	6.718537
	6.721698
	6.723821
	6.724709
	6.727410
	6.729284
	6.730083
	6.732555
	6.734305
	6.735060
	6.737419
	6.739109
	6.739842
	6.742146
	6.743806
	6.744529
	6.746805
	6.748451
	6.749168
	6.751431
	6.753070
	6.753785
	6.756042
	6.757677
	6.748928
	6.728324
	6.718215
	6.791063
	6.945401
	7.009305
	7.503698
	8.251235
	8.390067
	0.000445
	0.019459
	0.047521
	0.062679
	0.126875
	0.187285
	0.217032
	0.322256
	0.410285
	0.451944
	0.593738
	0.706487
	0.758284
	0.930196
	1.062452
	1.122055
	1.316276
	1.462296
	1.527264
	1.736301
	1.891069
	1.959370
	2.177377
	2.337262
	2.407481
	2.630560
	2.793267
	2.864532
	3.090349
	3.254555
	3.326372
	3.553623
	3.718604
	3.790707
	4.018694
	4.184071
	4.256318
	4.484679
	4.650255
	4.722576
	4.951124
	5.116799
	5.189157
	5.417799
	5.583524
	5.655899
	5.884588
	6.050338
	6.122722
	6.351434
	6.517196
	6.589585
	6.818308
	6.984076
	7.056467
	7.285196
	7.450966
	7.523359
	7.752090
	7.917862
	7.990255
	8.218988
	8.384761
	8.452282
	8.644912
	8.768460
	8.836091
	9.003948
	9.090627
	9.183304
	9.341528
	9.381851
	-2.599801
	0.318002
	-0.441114
	-6.583584
	-2.599801
	0.318002
	-0.441114
	-6.583584
	-2.599801
	0.318002
	-0.441114
	-6.583584
	-2.708472
	0.215399
	-0.532313
	-6.722043
	-2.708472
	0.215399
	-0.532313
	-6.722043
	-2.708472
	0.215399
	-0.532313
	-6.722043
	-2.680496
	0.241813
	-0.508835
	-6.686399
	-2.680496
	0.241813
	-0.508835
	-6.686399
	-2.680496
	0.241813
	-0.508835
	-6.686399
	-2.670541
	0.251212
	-0.500480
	-6.673714
	-2.670541
	0.251212
	-0.500480
	-6.673714
	-2.670541
	0.251212
	-0.500480
	-6.673714
	-2.667247
	0.254322
	-0.497716
	-6.669518
	-2.667247
	0.254322
	-0.497716
	-6.669518
	-2.667247
	0.254322
	-0.497716
	-6.669518
	-2.666183
	0.255327
	-0.496823
	-6.668162
	-2.666183
	0.255327
	-0.496823
	-6.668162
	-2.666183
	0.255327
	-0.496823
	-6.668162
	-2.665964
	0.255534
	-0.496639
	-6.667883
	-2.665964
	0.255534
	-0.496639
	-6.667883
	-2.665964
	0.255534
	-0.496639
	-6.667883
	-2.666060
	0.255443
	-0.496720
	-6.668006
	-2.666060
	0.255443
	-0.496720
	-6.668006
	-2.666060
	0.255443
	-0.496720
	-6.668006
	-2.666234
	0.255279
	-0.496866
	-6.668227
	-2.666234
	0.255279
	-0.496866
	-6.668227
	-2.666234
	0.255279
	-0.496866
	-6.668227
	-2.666389
	0.255132
	-0.496996
	-6.668425
	-2.666389
	0.255132
	-0.496996
	-6.668425
	-2.666389
	0.255132
	-0.496996
	-6.668425
	-2.666502
	0.255025
	-0.497091
	-6.668569
	-2.666502
	0.255025
	-0.497091
	-6.668569
	-2.666502
	0.255025
	-0.497091
	-6.668569
	-2.666577
	0.254955
	-0.497154
	-6.668664
	-2.666577
	0.254955
	-0.497154
	-6.668664
	-2.666577
	0.254955
	-0.497154
	-6.668664
	-2.666623
	0.254911
	-0.497193
	-6.668723
	-2.666623
	0.254911
	-0.497193
	-6.668723
	-2.666623
	0.254911
	-0.497193
	-6.668723
	-2.666651
	0.254885
	-0.497216
	-6.668758
	-2.666651
	0.254885
	-0.497216
	-6.668758
	-2.666651
	0.254885
	-0.497216
	-6.668758
	-2.666667
	0.254870
	-0.497229
	-6.668778
	-2.666667
	0.254870
	-0.497229
	-6.668778
	-2.666667
	0.254870
	-0.497229
	-6.668778
	-2.666676
	0.254862
	-0.497237
	-6.668790
	-2.666676
	0.254862
	-0.497237
	-6.668790
	-2.666676
	0.254862
	-0.497237
	-6.668790
	-2.666681
	0.254857
	-0.497241
	-6.668796
	-2.666681
	0.254857
	-0.497241
	-6.668796
	-2.666681
	0.254857
	-0.497241
	-6.668796
	-2.666684
	0.254854
	-0.497243
	-6.668800
	-2.666684
	0.254854
	-0.497243
	-6.668800
	-2.666684
	0.254854
	-0.497243
	-6.668800
	-2.666685
	0.254853
	-0.497245
	-6.668802
	-2.666685
	0.254853
	-0.497245
	-6.668802
	-2.666685
	0.254853
	-0.497245
	-6.668802
	-2.666686
	0.254852
	-0.497245
	-6.668803
	-2.666686
	0.254852
	-0.497245
	-6.668803
	-2.666686
	0.254852
	-0.497245
	-6.668803
	-2.666686
	0.254852
	-0.497246
	-6.668804
	-2.666686
	0.254852
	-0.497246
	-6.668804
	-2.666686
	0.254852
	-0.497246
	-6.668804
	-2.711619
	0.212428
	-0.534954
	-6.726053
	-2.711619
	0.212428
	-0.534954
	-6.726053
	-2.711619
	0.212428
	-0.534954
	-6.726053
	-2.357853
	0.546438
	-0.238070
	-6.275318
	-2.357853
	0.546438
	-0.238070
	-6.275318
	-2.357853
	0.546438
	-0.238070
	-6.275318
	-1.086838
	1.746474
	0.828581
	-4.655913
	-1.086838
	1.746474
	0.828581
	-4.655913
	-1.086838
	1.746474
	0.828581
	-4.655913
	0.988743
	18.292324
	8.562267
	0.018406
	0.988743
	18.292324
	8.562267
	0.018406
	0.988743
	18.292324
	8.562267
	0.018406
	0.886927
	16.508554
	7.815950
	0.016026
	0.886927
	16.508554
	7.815950
	0.016026
	0.886927
	16.508554
	7.815950
	0.016026
	0.912090
	16.950411
	8.001620
	0.016607
	0.912090
	16.950411
	8.001620
	0.016607
	0.912090
	16.950411
	8.001620
	0.016607
	0.921215
	17.110491
	8.068754
	0.016819
	0.921215
	17.110491
	8.068754
	0.016819
	0.921215
	17.110491
	8.068754
	0.016819
	0.924255
	17.163784
	8.091088
	0.016890
	0.924255
	17.163784
	8.091088
	0.016890
	0.924255
	17.163784
	8.091088
	0.016890
	0.925239
	17.181038
	8.098317
	0.016913
	0.925239
	17.181038
	8.098317
	0.016913
	0.925239
	17.181038
	8.098317
	0.016913
	0.925442
	17.184593
	8.099806
	0.016918
	0.925442
	17.184593
	8.099806
	0.016918
	0.925442
	17.184593
	8.099806
	0.016918
	0.925352
	17.183024
	8.099148
	0.016915
	0.925352
	17.183024
	8.099148
	0.016915
	0.925352
	17.183024
	8.099148
	0.016915
	0.925191
	17.180209
	8.097969
	0.016912
	0.925191
	17.180209
	8.097969
	0.016912
	0.925191
	17.180209
	8.097969
	0.016912
	0.925048
	17.177690
	8.096914
	0.016908
	0.925048
	17.177690
	8.096914
	0.016908
	0.925048
	17.177690
	8.096914
	0.016908
	0.924943
	17.175856
	8.096146
	0.016906
	0.924943
	17.175856
	8.096146
	0.016906
	0.924943
	17.175856
	8.096146
	0.016906
	0.924874
	17.174649
	8.095640
	0.016904
	0.924874
	17.174649
	8.095640
	0.016904
	0.924874
	17.174649
	8.095640
	0.016904
	0.924832
	17.173900
	8.095326
	0.016903
	0.924832
	17.173900
	8.095326
	0.016903
	0.924832
	17.173900
	8.095326
	0.016903
	0.924806
	17.173453
	8.095139
	0.016903
	0.924806
	17.173453
	8.095139
	0.016903
	0.924806
	17.173453
	8.095139
	0.016903
	0.924791
	17.173194
	8.095030
	0.016902
	0.924791
	17.173194
	8.095030
	0.016902
	0.924791
	17.173194
	8.095030
	0.016902
	0.924783
	17.173046
	8.094968
	0.016902
	0.924783
	17.173046
	8.094968
	0.016902
	0.924783
	17.173046
	8.094968
	0.016902
	0.924778
	17.172963
	8.094933
	0.016902
	0.924778
	17.172963
	8.094933
	0.016902
	0.924778
	17.172963
	8.094933
	0.016902
	0.924776
	17.172917
	8.094914
	0.016902
	0.924776
	17.172917
	8.094914
	0.016902
	0.924776
	17.172917
	8.094914
	0.016902
	0.924774
	17.172892
	8.094904
	0.016902
	0.924774
	17.172892
	8.094904
	0.016902
	0.924774
	17.172892
	8.094904
	0.016902
	0.924773
	17.172878
	8.094898
	0.016902
	0.924773
	17.172878
	8.094898
	0.016902
	0.924773
	17.172878
	8.094898
	0.016902
	0.924773
	17.172871
	8.094895
	0.016902
	0.924773
	17.172871
	8.094895
	0.016902
	0.924773
	17.172871
	8.094895
	0.016902
	0.884140
	16.459572
	7.795334
	0.015962
	0.884140
	16.459572
	7.795334
	0.015962
	0.884140
	16.459572
	7.795334
	0.015962
	1.259388
	22.986734
	10.489868
	0.025051
	1.259388
	22.986734
	10.489868
	0.025051
	1.259388
	22.986734
	10.489868
	0.025051
	4.489051
	76.321383
	30.479686
	0.126510
	4.489051
	76.321383
	30.479686
	0.126510
	4.489051
	76.321383
	30.479686
	0.126510
	57.103637
	38.720807
	31.395838
	29.045765
	23.423068
	20.541207
	19.529162
	16.912259
	15.415202
	14.852911
	13.322040
	12.396072
	12.036446
	11.026921
	10.395046
	10.144160
	9.425725
	8.965540
	8.779965
	8.241065
	7.890086
	7.746887
	7.326719
	7.049612
	6.935528
	6.598113
	6.373394
	6.280226
	6.002931
	5.816793
	5.739197
	5.507059
	5.350221
	5.284556
	5.087265
	4.953244
	4.896935
	4.727137
	4.611256
	4.562428
	4.414722
	4.313514
	4.270764
	4.141089
	4.051924
	4.014182
	3.899419
	3.820264
	3.786698
	3.684412
	3.613669
	3.583621
	3.491882
	3.428276
	3.401221
	3.318476
	3.260980
	3.236492
	3.161480
	3.109252
	3.086982
	3.018667
	2.971017
	2.963646
	2.936002
	2.916288
	2.904696
	2.904696
	2.904696
	2.861009
	2.861009
	2.861009
	2.540568
	2.050600
	1.755008
	1.647135
	1.337896
	1.145760
	1.070391
	0.862064
	0.733140
	0.681645
	0.538487
	0.450670
	0.416072
	0.321063
	0.264175
	0.242160
	0.182803
	0.148225
	0.135066
	0.100184
	0.080336
	0.072882
	0.053374
	0.042468
	0.038409
	0.027883
	0.022068
	0.019918
	0.014373
	0.011336
	0.010217
	0.007343
	0.005777
	0.005202
	0.003729
	0.002929
	0.002635
	0.001886
	0.001479
	0.001331
	0.000951
	0.000745
	0.000670
	0.000478
	0.000375
	0.000337
	0.000240
	0.000188
	0.000169
	0.000121
	0.000094
	0.000085
	0.000061
	0.000047
	0.000043
	0.000030
	0.000024
	0.000021
	0.000015
	0.000012
	0.000011
	0.000008
	0.000006
	0.000005
	0.000004
	0.000003
	0.000003
	0.000002
	0.000002
	0.000002
	0.000002
	0.000001
	0.016031
	0.065282
	0.094994
	0.105164
	0.134371
	0.152560
	0.159899
	0.180190
	0.192754
	0.197846
	0.211999
	0.220676
	0.224120
	0.233570
	0.239224
	0.241421
	0.247339
	0.250784
	0.252096
	0.255574
	0.257552
	0.258294
	0.260235
	0.261319
	0.261721
	0.262764
	0.263340
	0.263551
	0.264097
	0.264396
	0.264505
	0.264785
	0.264938
	0.264993
	0.265135
	0.265212
	0.265240
	0.265311
	0.265350
	0.265364
	0.265399
	0.265418
	0.265425
	0.265443
	0.265452
	0.265456
	0.265464
	0.265469
	0.265471
	0.265475
	0.265477
	0.265478
	0.265480
	0.265481
	0.265482
	0.265483
	0.265483
	0.265483
	0.265484
	0.265484
	0.265484
	0.265484
	0.265485
	0.265115
	0.264232
	0.263788
	0.266620
	0.272606
	0.275077
	0.294419
	0.323640
	0.329060
	0.159323
	0.648701
	0.943865
	1.051567
	1.360236
	1.551939
	1.627114
	1.834816
	1.963268
	2.014548
	2.157011
	2.244301
	2.278663
	2.372908
	2.429223
	2.450983
	2.509521
	2.543492
	2.556383
	2.590410
	2.609629
	2.616806
	2.635436
	2.645702
	2.649480
	2.659117
	2.664285
	2.666153
	2.670802
	2.673190
	2.674025
	2.676002
	2.676917
	2.677208
	2.677784
	2.677933
	2.677943
	2.677795
	2.677551
	2.677416
	2.676900
	2.676456
	2.676247
	2.675544
	2.674999
	2.674753
	2.673956
	2.673360
	2.673096
	2.672251
	2.671631
	2.671358
	2.670490
	2.669857
	2.669580
	2.668701
	2.668063
	2.667784
	2.666900
	2.666259
	2.665979
	2.665094
	2.664452
	2.664194
	2.663457
	2.662983
	2.662693
	2.661985
	2.661625
	2.661075
	2.660175
	2.659966
	6.511256
	6.511256
	6.511256
	6.473790
	6.473790
	6.473790
	6.483396
	6.483396
	6.483396
	6.486821
	6.486821
	6.486821
	6.487955
	6.487955
	6.487955
	6.488322
	6.488322
	6.488322
	6.488397
	6.488397
	6.488397
	6.488364
	6.488364
	6.488364
	6.488304
	6.488304
	6.488304
	6.488250
	6.488250
	6.488250
	6.488211
	6.488211
	6.488211
	6.488186
	6.488186
	6.488186
	6.488170
	6.488170
	6.488170
	6.488160
	6.488160
	6.488160
	6.488155
	6.488155
	6.488155
	6.488152
	6.488152
	6.488152
	6.488150
	6.488150
	6.488150
	6.488149
	6.488149
	6.488149
	6.488149
	6.488149
	6.488149
	6.488148
	6.488148
	6.488148
	6.488148
	6.488148
	6.488148
	6.472711
	6.472711
	6.472711
	6.596151
	6.596151
	6.596151
	7.078458
	7.078458
	7.078458
	6.920483
	7.037779
	7.043671
	7.078116
	7.162699
	7.199638
	7.202228
	7.238712
	7.279008
	7.285821
	7.319600
	7.350119
	7.357087
	7.384503
	7.406307
	7.411725
	7.431157
	7.445533
	7.449079
	7.461379
	7.470129
	7.472202
	7.479371
	7.484366
	7.485495
	7.489449
	7.492175
	7.492763
	7.494868
	7.496312
	7.496610
	7.497706
	7.498457
	7.498606
	7.499169
	7.499555
	7.499628
	7.499915
	7.500111
	7.500147
	7.500292
	7.500392
	7.500409
	7.500482
	7.500533
	7.500541
	7.500578
	7.500603
	7.500607
	7.500626
	7.500639
	7.500641
	7.500650
	7.500656
	7.500657
	7.500662
	7.500665
	7.500666
	7.500668
	7.500670
	7.500670
	7.500671
	7.500672
	7.433819
	7.301802
	7.229646
	7.262359
	7.040380
	6.927663
	7.310725
	7.148018
	7.110155
	4.155931
	4.208352
	4.210977
	4.226303
	4.263818
	4.280148
	4.281292
	4.297388
	4.315129
	4.318125
	4.332963
	4.346346
	4.349398
	4.361399
	4.370930
	4.373297
	4.381780
	4.388050
	4.389596
	4.394956
	4.398767
	4.399670
	4.402791
	4.404965
	4.405456
	4.407176
	4.408362
	4.408617
	4.409533
	4.410161
	4.410291
	4.410767
	4.411094
	4.411158
	4.411403
	4.411571
	4.411603
	4.411728
	4.411813
	4.411829
	4.411892
	4.411935
	4.411943
	4.411974
	4.411996
	4.412000
	4.412016
	4.412027
	4.412029
	4.412037
	4.412042
	4.412043
	4.412047
	4.412050
	4.412050
	4.412053
	4.412054
	4.412054
	4.412055
	4.412056
	4.412056
	4.412056
	4.412057
	4.382941
	4.325148
	4.293391
	4.307803
	4.209511
	4.159149
	4.329067
	4.257318
	4.240533
	1.197901
	1.434034
	1.337165
	1.346571
	1.434034
	1.434034
	1.434034
	1.413751
	1.434034
	1.434034
	1.424105
	1.434034
	1.434034
	1.428883
	1.434034
	1.434034
	1.431081
	1.434034
	1.434034
	1.432279
	1.434034
	1.434034
	1.433014
	1.434034
	1.434034
	1.433463
	1.434034
	1.434034
	1.433724
	1.434034
	1.434034
	1.433870
	1.434034
	1.434034
	1.433948
	1.434034
	1.434034
	1.433990
	1.434034
	1.434034
	1.434012
	1.434034
	1.434034
	1.434023
	1.434034
	1.434034
	1.434028
	1.434034
	1.434034
	1.434031
	1.434034
	1.434034
	1.434033
	1.434034
	1.434034
	1.434034
	1.434034
	1.434034
	1.434034
	1.434034
	1.434034
	1.434034
	1.434034
	1.434034
	1.222100
	1.106264
	1.434034
	0.956242
	0.713618
	1.434034
	0.429536
	0.195736
	14.212829
	14.212829
	14.212829
	13.937298
	13.937298
	13.937298
	14.007879
	14.007879
	14.007879
	14.033055
	14.033055
	14.033055
	14.041391
	14.041391
	14.041391
	14.044085
	14.044085
	14.044085
	14.044640
	14.044640
	14.044640
	14.044395
	14.044395
	14.044395
	14.043956
	14.043956
	14.043956
	14.043562
	14.043562
	14.043562
	14.043276
	14.043276
	14.043276
	14.043088
	14.043088
	14.043088
	14.042971
	14.042971
	14.042971
	14.042901
	14.042901
	14.042901
	14.042860
	14.042860
	14.042860
	14.042837
	14.042837
	14.042837
	14.042824
	14.042824
	14.042824
	14.042817
	14.042817
	14.042817
	14.042813
	14.042813
	14.042813
	14.042811
	14.042811
	14.042811
	14.042810
	14.042810
	14.042810
	13.929373
	13.929373
	13.929373
	14.839709
	14.839709
	14.839709
	18.474949
	18.474949
	18.474949
	10.043285
	6.197748
	3.423866
	1.720175
	0.798645
	0.348004
	0.144792
	0.058443
	0.023165
	0.009088
	0.003546
	0.001380
	0.000536
	0.000208
	0.000081
	0.000031
	0.000012
	0.000005
	0.000002
	0.000001
	0.000000
	0.000000
	0.000000
	0.000000
	-3.869387
	-3.946850
	-3.297450
	-3.096542
	-2.654724
	-2.230429
	-2.050410
	-1.544641
	-1.262741
	-1.141977
	-0.820128
	-0.642436
	-0.572544
	-0.394036
	-0.298761
	-0.263207
	-0.175086
	-0.129700
	-0.113331
	-0.073608
	-0.053705
	-0.046684
	-0.029869
	-0.021594
	-0.018715
	-0.011870
	-0.008537
	-0.007388
	-0.004663
	-0.003345
	-0.002892
	-0.001821
	-0.001304
	-0.001127
	-0.000709
	-0.000507
	-0.000438
	-0.000275
	-0.000197
	-0.000170
	-0.000107
	-0.000076
	-0.000066
	-0.000041
	-0.000030
	-0.000026
	-0.000016
	-0.000012
	-0.000010
	-0.000006
	-0.000004
	-0.000004
	-0.000002
	-0.000002
	-0.000001
	-0.000001
	-0.000001
	-0.000001
	-0.000000
	-0.000000
	-0.000000
	-0.000000
	-0.000000
	-0.000000
	-0.000000
	-0.000000
	-0.000000
	-0.000000
	-0.000000
	-0.000000
	-0.000000
	-0.000000
	0.000000
	0.171391
	0.357567
	0.522102
	0.704419
	0.893556
	1.079854
	1.258473
	1.428987
	1.593092
	1.752823
	1.909811
	2.065168
	2.219585
	2.373474
	2.527071
	2.680507
	2.833856
	2.987159
	3.140437
	3.293702
	3.446959
	2.626525
	1.150332
	0.350666
	0.028638
	0.222507
	0.226503
	0.154275
	0.196704
	0.116027
	0.193600
	0.194794
	0.153500
	0.198900
	0.203454
	0.173432
	0.198140
	0.200811
	0.178284
	0.191027
	0.191635
	0.174724
	0.181032
	0.180686
	0.168678
	0.171718
	0.171187
	0.163251
	0.164696
	0.164269
	0.159335
	0.160020
	0.159739
	0.156804
	0.157130
	0.156963
	0.155270
	0.155426
	0.155332
	0.154376
	0.154451
	0.154400
	0.153869
	0.153906
	0.153878
	0.153587
	0.153605
	0.153590
	0.153432
	0.153440
	0.153433
	0.153347
	0.153352
	0.153348
	0.153302
	0.153304
	0.153302
	0.153277
	0.153278
	0.153277
	0.153264
	0.153265
	0.153264
	0.153257
	0.153258
	0.153257
	-1.013465
	-0.731390
	-0.577218
	-1.908631
	-1.272712
	-0.949791
	-1.908631
	-0.571692
	-0.260516
	0.000000
	0.000000
	0.029062
	0.135986
	0.215942
	1.938387
	0.215942
	0.249034
	0.358495
	0.439674
	3.507711
	0.439674
	0.474988
	0.585017
	0.664837
	4.687621
	0.664837
	0.699909
	0.809949
	0.889721
	5.514974
	0.889721
	0.924631
	1.034517
	1.114154
	6.054161
	1.114154
	1.148950
	1.258640
	1.338123
	6.381309
	1.338123
	1.372833
	1.482340
	1.561687
	6.568256
	1.561687
	1.596329
	1.705683
	1.784915
	6.670441
	1.784915
	1.819507
	1.928732
	2.007871
	6.724628
	2.007871
	2.042421
	2.151539
	2.230599
	6.752801
	2.230599
	2.265116
	2.374139
	2.453130
	6.767264
	2.453130
	2.487617
	2.596554
	2.675482
	6.774629
	2.675482
	2.709943
	2.818798
	2.897668
	6.778359
	2.897668
	2.932103
	3.040880
	3.119693
	6.780241
	3.119693
	3.154104
	3.262805
	3.341562
	6.781189
	3.341562
	3.375949
	3.484574
	3.563277
	6.781665
	3.563277
	3.597641
	3.706191
	3.784840
	6.781904
	3.784840
	3.819180
	3.927656
	4.006250
	6.782024
	4.006250
	4.040567
	4.148969
	4.227510
	6.782085
	4.227510
	4.261803
	4.370131
	4.448619
	6.782115
	4.448619
	4.482888
	4.591143
	4.669577
	6.782130
	4.669577
	4.701695
	4.793518
	4.852547
	6.782137
	4.852547
	4.883484
	4.959164
	4.997583
	6.782140
	4.997583
	5.031330
	5.086644
	5.099509
	1.922098
	0.197852
	1.996082
	0.229165
	1.727464
	0.216233
	1.662828
	0.216544
	1.539685
	0.228082
	1.389270
	0.228019
	1.319328
	0.226606
	1.116482
	0.223825
	1.000164
	0.226450
	0.942589
	0.225626
	0.776108
	0.224214
	0.673343
	0.225460
	0.627778
	0.224851
	0.499707
	0.224071
	0.421166
	0.224684
	0.388578
	0.224237
	0.299504
	0.223751
	0.246554
	0.224074
	0.225527
	0.223746
	0.169423
	0.223423
	0.137080
	0.223592
	0.124617
	0.223357
	0.091927
	0.223137
	0.073511
	0.223212
	0.066554
	0.223051
	0.048506
	0.222895
	0.038495
	0.222912
	0.034761
	0.222804
	0.025138
	0.222685
	0.019853
	0.222669
	0.017898
	0.222596
	0.012878
	0.222497
	0.010139
	0.222464
	0.009131
	0.222412
	0.006549
	0.222324
	0.005145
	0.222281
	0.004630
	0.222241
	0.003314
	0.222160
	0.002600
	0.222112
	0.002339
	0.222079
	0.001671
	0.222002
	0.001310
	0.221951
	0.001178
	0.221922
	0.000841
	0.221846
	0.000659
	0.221794
	0.000592
	0.221768
	0.000423
	0.221693
	0.000331
	0.221640
	0.000298
	0.221615
	0.000212
	0.221540
	0.000166
	0.221487
	0.000149
	0.221463
	0.000106
	0.221389
	0.000083
	0.221335
	0.000075
	0.221312
	0.000053
	0.221238
	0.000042
	0.221184
	0.000038
	0.221161
	0.000027
	0.221087
	0.000021
	0.221033
	0.000019
	0.221010
	0.000013
	0.220936
	0.000011
	0.220883
	0.000009
	0.201989
	0.000006
	0.174196
	0.000004
	0.159007
	0.000005
	0.187554
	0.000002
	0.125028
	0.000002
	0.093291
	0.000003
	0.187025
	0.000001
	0.055992
	0.000000
	0.025512
	0.000000
	1.950861
	3.448184
	4.602304
	5.422722
	5.962003
	6.291860
	6.482411
	6.588479
	6.646671
	6.678956
	6.697641
	6.709330
	6.717467
	6.723821
	6.729284
	6.734305
	6.739109
	6.743806
	6.748451
	6.753070
	6.757677
	6.718215
	7.009305
	1.934114
	2.009073
	1.739094
	1.584389
	1.470023
	1.328295
	1.289749
	1.092409
	0.979299
	0.934257
	0.769777
	0.668346
	0.627331
	0.500030
	0.422044
	0.391045
	0.302312
	0.249615
	0.228977
	0.173093
	0.140901
	0.128362
	0.095872
	0.077579
	0.070429
	0.052570
	0.042668
	0.038759
	0.029301
	0.024109
	0.022030
	0.017142
	0.014475
	0.013389
	0.010903
	0.009552
	0.008992
	0.007743
	0.007066
	0.006779
	0.006156
	0.005819
	0.005674
	0.005365
	0.005199
	0.005125
	0.004974
	0.004892
	0.004855
	0.004780
	0.004740
	0.004722
	0.004685
	0.004666
	0.004657
	0.004639
	0.004630
	0.004625
	0.004616
	0.004612
	0.004610
	0.004606
	0.004603
	-0.052501
	-0.033101
	-0.024622
	0.426528
	0.222793
	0.147284
	2.695062
	0.653113
	0.284594
	0.000000
	0.047521
	0.187285
	0.410285
	0.706487
	1.062452
	1.462296
	1.891069
	2.337262
	2.793267
	3.254555
	3.718604
	4.184071
	4.650255
	5.116799
	5.583524
	6.050338
	6.517196
	6.984076
	7.450966
	7.917862
	8.384761
	8.768460
	9.090627
	0.012129
	0.063546
	0.093503
	0.106166
	0.154638
	0.184984
	0.197086
	0.233369
	0.262958
	0.273585
	0.305549
	0.329710
	0.338156
	0.363532
	0.381388
	0.387391
	0.405239
	0.417148
	0.420938
	0.432209
	0.439471
	0.441642
	0.448203
	0.452340
	0.453503
	0.457115
	0.459364
	0.459960
	0.461878
	0.463064
	0.463361
	0.464356
	0.464969
	0.465114
	0.465623
	0.465936
	0.466006
	0.466263
	0.466422
	0.466455
	0.466584
	0.466664
	0.466680
	0.466744
	0.466784
	0.466792
	0.466824
	0.466844
	0.466847
	0.466863
	0.466873
	0.466874
	0.466882
	0.466887
	0.466888
	0.466892
	0.466894
	0.466895
	0.466897
	0.466898
	0.466898
	0.466899
	0.466899
	0.424403
	0.364889
	0.332573
	0.411532
	0.280572
	0.211279
	0.518135
	0.170573
	0.079028
	0.000000
	0.042148
	0.175317
	0.271830
	0.271830
	0.313778
	0.446317
	0.542374
	0.542374
	0.582578
	0.709604
	0.801665
	0.801665
	0.840918
	0.964940
	1.054824
	1.054824
	1.093413
	1.215338
	1.303702
	1.303702
	1.341821
	1.462263
	1.549553
	1.549553
	1.587338
	1.706724
	1.793248
	1.793248
	1.830804
	1.949464
	2.035463
	2.035463
	2.072870
	2.191062
	2.276721
	2.276721
	2.314037
	2.431940
	2.517389
	2.517389
	2.554652
	2.672384
	2.757711
	2.757711
	2.794942
	2.912577
	2.997833
	2.997833
	3.035046
	3.152626
	3.237842
	3.237842
	3.275046
	3.392596
	3.477789
	3.477789
	3.514988
	3.632521
	3.717702
	3.717702
	3.754898
	3.872422
	3.957597
	3.957597
	3.994791
	4.112310
	4.197481
	4.197481
	4.234675
	4.352191
	4.437360
	4.437360
	4.474553
	4.592068
	4.677236
	4.677236
	4.714429
	4.831943
	4.917111
	4.917111
	4.954304
	5.071818
	5.156985
	5.156985
	5.173111
	5.224062
	5.260989
	5.260989
	5.260989
	5.260989
	5.260989
	5.260989
	5.260989
	5.260989
	5.260989
	0.271830
	0.271830
	0.271830
	0.270544
	0.270544
	0.270544
	0.259291
	0.259291
	0.259291
	0.253159
	0.253159
	0.253159
	0.248878
	0.248878
	0.248878
	0.245851
	0.245851
	0.245851
	0.243695
	0.243695
	0.243695
	0.242215
	0.242215
	0.242215
	0.241257
	0.241257
	0.241257
	0.240669
	0.240669
	0.240669
	0.240321
	0.240321
	0.240321
	0.240122
	0.240122
	0.240122
	0.240010
	0.240010
	0.240010
	0.239947
	0.239947
	0.239947
	0.239913
	0.239913
	0.239913
	0.239894
	0.239894
	0.239894
	0.239884
	0.239884
	0.239884
	0.239879
	0.239879
	0.239879
	0.239876
	0.239876
	0.239876
	0.239875
	0.239875
	0.239875
	0.239874
	0.239874
	0.239874
	0.104004
	0.104004
	0.104004
	0.000000
	0.000000
	0.000000
	0.000000
	0.000000
	0.000000
	47.556920
	42.314757
	42.052329
	40.519718
	36.768195
	35.135199
	35.020795
	33.411213
	31.637098
	31.337503
	29.853739
	28.515418
	28.210154
	27.010124
	26.056994
	25.820311
	24.972027
	24.345004
	24.190405
	23.654387
	23.273264
	23.182990
	22.870920
	22.653522
	22.604412
	22.432410
	22.313831
	22.288255
	22.196705
	22.133898
	22.120934
	22.073258
	22.040608
	22.034150
	22.009661
	21.992890
	21.989710
	21.977240
	21.968692
	21.967140
	21.960826
	21.956492
	21.955738
	21.952554
	21.950363
	21.950000
	21.948397
	21.947293
	21.947118
	21.946314
	21.945758
	21.945675
	21.945271
	21.944992
	21.944952
	21.944750
	21.944610
	21.944590
	21.944490
	21.944419
	21.944410
	21.944360
	21.944325
	24.855868
	30.635186
	33.810919
	32.369672
	42.198904
	47.235080
	30.243302
	37.418163
	39.096702
	0.236133
	0.000000
	0.096870
	0.087464
	0.000000
	0.000000
	0.000000
	0.020284
	0.000000
	0.000000
	0.009929
	0.000000
	0.000000
	0.005151
	0.000000
	0.000000
	0.002953
	0.000000
	0.000000
	0.001755
	0.000000
	0.000000
	0.001020
	0.000000
	0.000000
	0.000572
	0.000000
	0.000000
	0.000310
	0.000000
	0.000000
	0.000165
	0.000000
	0.000000
	0.000086
	0.000000
	0.000000
	0.000045
	0.000000
	0.000000
	0.000023
	0.000000
	0.000000
	0.000012
	0.000000
	0.000000
	0.000006
	0.000000
	0.000000
	0.000003
	0.000000
	0.000000
	0.000002
	0.000000
	0.000000
	0.000001
	0.000000
	0.000000
	0.000000
	0.000000
	0.000000
	0.000000
	0.000000
	0.000000
	0.211934
	0.327770
	0.000000
	0.477792
	0.720417
	0.000000
	1.004498
	1.238298
	0.000000
	0.000002
	0.000002
	1.774481
	-0.002380
	0.027701
	0.000243
	-0.001794
	0.006635
	0.018128
	0.001695
	-0.005294
	0.024667
	0.006193
	-0.004483
	0.020373
	0.008746
	-0.003994
	0.017776
	0.010480
	-0.003653
	0.015924
	0.011809
	-0.003401
	0.014473
	0.012910
	-0.003210
	0.013263
	0.013869
	-0.003065
	0.012208
	0.014728
	-0.002959
	0.011255
	0.015505
	-0.002896
	0.010373
	0.016205
	-0.002894
	0.009535
	0.016813
	-0.002995
	0.008717
	0.017287
	-0.003284
	0.007887
	0.017544
	-0.003923
	0.006994
	0.017420
	-0.005209
	0.005950
	0.016616
	-0.007670
	0.004610
	0.014615
	-0.012177
	0.002736
	0.010596
	-0.020023
	0.000006
	0.003489
	-0.032659
	-0.003836
	-0.007643
	-0.049484
	-0.008660
	-0.018503
	-0.063266
	-0.014979
	-0.024522
	-0.056944
	-0.011370
	-0.009229
	-0.008526
	-0.000402
	-0.044656
	0.142550
	-0.033897
	-0.070263
	0.061316
	0.072997
	-0.074671
	0.039270
	0.098465
	-0.042248
	0.034251
	0.070468
	-0.024632
	0.031685
	0.055014
	-0.013713
	0.029927
	0.045576
	-0.006334
	0.028560
	0.039399
	-0.001010
	0.027452
	0.035097
	0.003033
	0.026543
	0.031927
	0.006224
	0.025793
	0.029476
	0.008815
	0.025174
	0.027508
	0.010963
	0.024663
	0.025883
	0.012771
	0.024240
	0.024511
	0.014315
	0.023891
	0.023333
	0.015647
	0.023602
	0.022306
	0.016810
	0.023365
	0.021397
	0.017838
	0.023173
	0.020579
	0.018762
	0.023020
	0.019824
	0.019612
	0.022905
	0.019108
	0.020383
	0.022818
	0.018442
	0.021346
	0.022820
	0.017497
	0.020423
	0.018516
	0.016600
	0.026955
	0.035940
	0.024904
	0.034019
	0.125790
	0.091819
	-0.064596
	-0.134771
	-0.010052
	-0.042900
	-0.125908
	-0.053334
	-0.034746
	-0.115733
	-0.067818
	-0.044293
	-0.109464
	-0.056753
	-0.050501
	-0.106301
	-0.050209
	-0.055090
	-0.104330
	-0.045826
	-0.058680
	-0.102971
	-0.042683
	-0.061566
	-0.101990
	-0.040321
	-0.063919
	-0.101262
	-0.038478
	-0.065857
	-0.100706
	-0.036999
	-0.067468
	-0.100272
	-0.035783
	-0.068822
	-0.099925
	-0.034763
	-0.069970
	-0.099645
	-0.033896
	-0.070952
	-0.099417
	-0.033147
	-0.071802
	-0.099230
	-0.032493
	-0.072544
	-0.099078
	-0.031913
	-0.073201
	-0.098954
	-0.031391
	-0.073791
	-0.098856
	-0.030909
	-0.074334
	-0.098783
	-0.030452
	-0.074827
	-0.098727
	-0.030026
	-0.075442
	-0.098728
	-0.029422
	-0.075567
	-0.095482
	-0.027575
	-0.079370
	-0.103347
	-0.027716
	-0.083986
	-0.112057
	-0.027786
	0.006123
	-1.002887
	0.007529
	-1.365465
	0.003059
	-0.296044
	0.008904
	-1.002887
	0.005831
	-1.365465
	-0.000826
	-0.296044
	0.011218
	-1.002887
	0.006018
	-1.365465
	-0.003991
	-0.296044
	0.011287
	-1.002887
	0.007050
	-1.365465
	-0.004056
	-0.296044
	0.011342
	-1.002887
	0.007723
	-1.365465
	-0.004205
	-0.296044
	0.011284
	-1.002887
	0.008282
	-1.365465
	-0.004323
	-0.296044
	0.011107
	-1.002887
	0.008781
	-1.365465
	-0.004383
	-0.296044
	0.010846
	-1.002887
	0.009233
	-1.365465
	-0.004397
	-0.296044
	0.010543
	-1.002887
	0.009653
	-1.365465
	-0.004380
	-0.296044
	0.010234
	-1.002887
	0.010065
	-1.365465
	-0.004342
	-0.296044
	0.009945
	-1.002887
	0.010502
	-1.365465
	-0.004285
	-0.296044
	0.009711
	-1.002887
	0.011019
	-1.365465
	-0.004200
	-0.296044
	0.009584
	-1.002887
	0.011720
	-1.365465
	-0.004061
	-0.296044
	0.009670
	-1.002887
	0.012801
	-1.365465
	-0.003816
	-0.296044
	0.010170
	-1.002887
	0.014656
	-1.365465
	-0.003355
	-0.296044
	0.011492
	-1.002887
	0.018065
	-1.365465
	-0.002463
	-0.296044
	0.014445
	-1.002887
	0.024587
	-1.365465
	-0.000705
	-0.296044
	0.020651
	-1.002887
	0.037334
	-1.365465
	0.002781
	-0.296044
	0.033342
	-1.002887
	0.062512
	-1.365465
	0.009714
	-0.296044
	0.058994
	-1.002887
	0.112513
	-1.365465
	0.023497
	-0.296044
	0.110341
	-1.002887
	0.211923
	-1.365465
	0.051092
	-0.296044
	0.212345
	-1.002887
	0.389495
	-1.365465
	0.095182
	-0.296044
	0.368815
	-1.002887
	0.642435
	-1.365465
	0.152737
	-0.296044
	0.595418
	-1.002887
	0.997308
	-1.365465
	0.218019
	-0.296044
	0.005289
	0.007187
	0.001555
	0.005266
	0.007157
	0.001550
	0.005239
	0.007122
	0.001545
	0.005212
	0.007085
	0.001537
	0.005183
	0.007045
	0.001529
	0.005153
	0.007003
	0.001521
	0.005123
	0.006960
	0.001512
	0.005091
	0.006916
	0.001502
	0.005059
	0.006871
	0.001493
	0.005027
	0.006827
	0.001483
	0.004995
	0.006782
	0.001474
	0.004963
	0.006737
	0.001464
	0.004930
	0.006693
	0.001454
	0.004898
	0.006648
	0.001445
	0.004866
	0.006603
	0.001435
	0.004833
	0.006558
	0.001425
	0.004801
	0.006513
	0.001415
	0.004768
	0.006468
	0.001406
	0.004735
	0.006422
	0.001395
	0.004701
	0.006373
	0.001385
	0.004665
	0.006321
	0.001373
	0.004625
	0.006264
	0.001360
	0.004588
	0.006216
	0.001349
	0.004552
	0.006169
	0.001341
	0.052424
	0.071222
	0.015427
	0.052217
	0.070903
	0.015335
	0.051972
	0.070562
	0.015254
	0.051702
	0.070195
	0.015178
	0.051417
	0.069803
	0.015095
	0.051117
	0.069390
	0.015008
	0.050807
	0.068964
	0.014916
	0.050489
	0.068528
	0.014822
	0.050167
	0.068088
	0.014727
	0.049842
	0.067645
	0.014631
	0.049517
	0.067201
	0.014535
	0.049190
	0.066757
	0.014439
	0.048864
	0.066313
	0.014343
	0.048539
	0.065870
	0.014247
	0.048213
	0.065427
	0.014151
	0.047888
	0.064985
	0.014055
	0.047564
	0.064543
	0.013959
	0.047239
	0.064102
	0.013864
	0.046916
	0.063661
	0.013768
	0.046592
	0.063222
	0.013673
	0.046269
	0.062782
	0.013578
	0.045950
	0.062380
	0.013499
	0.045685
	0.062051
	0.013437
	0.045472
	0.061794
	0.013396
	-0.000067
	0.000240
	0.000008
	-0.000028
	0.000116
	-0.000158
	-0.000018
	-0.000049
	-0.000026
	-0.000032
	-0.000005
	-0.000011
	-0.000069
	0.000089
	0.000038
	-0.000036
	0.000012
	0.000319
	0.000164
	-0.000055
	0.000036
	-0.000305
	-0.000197
	-0.000013
	-0.000046
	-0.000053
	-0.000011
	-0.000044
	-0.000005
	0.000480
	0.000498
	-0.000061
	0.000026
	-0.000335
	-0.000435
	-0.000016
	-0.000016
	-0.000064
	-0.000052
	-0.000049
	-0.000002
	0.000322
	0.000633
	-0.000068
	0.000009
	-0.000201
	-0.000487
	-0.000017
	-0.000005
	-0.000054
	-0.000093
	-0.000054
	-0.000001
	0.000203
	0.000740
	-0.000073
	0.000003
	-0.000116
	-0.000516
	-0.000018
	-0.000002
	-0.000040
	-0.000136
	-0.000057
	-0.000000
	0.000121
	0.000815
	-0.000077
	0.000001
	-0.000063
	-0.000521
	-0.000018
	-0.000000
	-0.000027
	-0.000180
	-0.000059
	-0.000000
	0.000068
	0.000861
	-0.000079
	0.000000
	-0.000033
	-0.000506
	-0.000019
	-0.000000
	-0.000018
	-0.000224
	-0.000060
	-0.000000
	0.000037
	0.000887
	-0.000080
	0.000000
	-0.000017
	-0.000479
	-0.000019
	-0.000000
	-0.000011
	-0.000265
	-0.000061
	-0.000000
	0.000020
	0.000899
	-0.000080
	0.000000
	-0.000008
	-0.000446
	-0.000019
	-0.000000
	-0.000007
	-0.000305
	-0.000061
	-0.000000
	0.000011
	0.000903
	-0.000080
	0.000000
	-0.000004
	-0.000410
	-0.000019
	-0.000000
	-0.000005
	-0.000342
	-0.000061
	-0.000000
	0.000006
	0.000904
	-0.000080
	0.000000
	-0.000002
	-0.000373
	-0.000018
	-0.000000
	-0.000003
	-0.000379
	-0.000060
	-0.000000
	0.000003
	0.000903
	-0.000079
	0.000000
	-0.000002
	-0.000337
	-0.000018
	-0.000000
	-0.000002
	-0.000414
	-0.000060
	-0.000000
	0.000002
	0.000901
	-0.000079
	0.000000
	-0.000001
	-0.000301
	-0.000018
	-0.000000
	-0.000002
	-0.000448
	-0.000060
	-0.000000
	0.000002
	0.000899
	-0.000078
	0.000000
	-0.000001
	-0.000266
	-0.000018
	-0.000000
	-0.000002
	-0.000481
	-0.000060
	-0.000000
	0.000001
	0.000897
	-0.000078
	-0.000000
	-0.000001
	-0.000232
	-0.000018
	-0.000000
	-0.000002
	-0.000514
	-0.000059
	-0.000000
	0.000001
	0.000894
	-0.000077
	-0.000000
	-0.000001
	-0.000199
	-0.000018
	-0.000000
	-0.000002
	-0.000545
	-0.000059
	-0.000000
	0.000001
	0.000891
	-0.000077
	-0.000000
	-0.000000
	-0.000166
	-0.000017
	-0.000000
	-0.000002
	-0.000575
	-0.000059
	-0.000000
	0.000001
	0.000887
	-0.000076
	-0.000000
	-0.000000
	-0.000133
	-0.000017
	-0.000000
	-0.000002
	-0.000603
	-0.000058
	-0.000000
	0.000001
	0.000879
	-0.000076
	-0.000000
	-0.000000
	-0.000099
	-0.000017
	-0.000000
	-0.000002
	-0.000630
	-0.000058
	-0.000000
	0.000001
	0.000871
	-0.000075
	-0.000000
	-0.000000
	-0.000065
	-0.000017
	-0.000000
	-0.000002
	-0.000646
	-0.000058
	-0.000000
	0.000001
	0.000838
	-0.000074
	-0.000000
	-0.000000
	-0.000018
	-0.000017
	-0.000000
	-0.000002
	-0.000707
	-0.000052
	-0.000000
	0.000000
	0.000684
	-0.000057
	-0.000000
	0.000000
	0.000187
	-0.000011
	-0.000000
	-0.000002
	-0.000500
	-0.000054
	-0.000000
	0.000000
	0.000539
	-0.000047
	-0.000000
	0.000000
	0.000128
	-0.000007
	-0.000000
	-0.000002
	-0.000233
	-0.000088
	0.000000
	0.000000
	0.000350
	-0.000034
	0.000000
	0.000000
	0.000074
	-0.000003
	-0.026790
	0.005202
	0.000367
	-0.595666
	0.046557
	-0.003425
	-0.000824
	-1.055657
	-0.010495
	-0.000695
	-0.000218
	-0.230890
	-0.030794
	0.002126
	0.001929
	-0.881036
	0.005232
	0.007635
	0.008312
	-1.356230
	0.016171
	-0.007295
	-0.009967
	-0.330587
	-0.019781
	-0.001243
	-0.000558
	-1.049203
	-0.002315
	0.011199
	0.024652
	-1.461246
	0.011219
	-0.007813
	-0.021516
	-0.371735
	-0.006667
	-0.001484
	-0.002530
	-1.162533
	-0.000942
	0.007445
	0.031040
	-1.603501
	0.003662
	-0.004652
	-0.023872
	-0.398148
	-0.002192
	-0.001256
	-0.004553
	-1.259444
	-0.000352
	0.004693
	0.036210
	-1.717089
	0.001176
	-0.002666
	-0.025273
	-0.419018
	-0.000694
	-0.000928
	-0.006667
	-1.332136
	-0.000125
	0.002780
	0.039853
	-1.795406
	0.000371
	-0.001446
	-0.025483
	-0.432237
	-0.000213
	-0.000631
	-0.008823
	-1.379470
	-0.000043
	0.001564
	0.042108
	-1.841700
	0.000116
	-0.000751
	-0.024743
	-0.438713
	-0.000064
	-0.000406
	-0.010937
	-1.405971
	-0.000015
	0.000852
	0.043345
	-1.864214
	0.000036
	-0.000381
	-0.023416
	-0.440454
	-0.000019
	-0.000255
	-0.012963
	-1.418107
	-0.000005
	0.000457
	0.043940
	-1.871386
	0.000011
	-0.000194
	-0.021787
	-0.439306
	-0.000006
	-0.000161
	-0.014893
	-1.421448
	-0.000002
	0.000246
	0.044174
	-1.869552
	0.000004
	-0.000102
	-0.020033
	-0.436548
	-0.000002
	-0.000105
	-0.016739
	-1.419797
	-0.000001
	0.000137
	0.044220
	-1.862742
	0.000001
	-0.000057
	-0.018246
	-0.432953
	-0.000001
	-0.000074
	-0.018516
	-1.415436
	-0.000000
	0.000081
	0.044175
	-1.853283
	0.000000
	-0.000035
	-0.016472
	-0.428946
	-0.000000
	-0.000057
	-0.020237
	-1.409641
	-0.000000
	0.000052
	0.044091
	-1.842447
	0.000000
	-0.000025
	-0.014731
	-0.424754
	-0.000000
	-0.000049
	-0.021909
	-1.403091
	-0.000000
	0.000037
	0.043990
	-1.830905
	0.000000
	-0.000019
	-0.013029
	-0.420489
	-0.000000
	-0.000045
	-0.023538
	-1.396134
	-0.000000
	0.000030
	0.043880
	-1.819002
	-0.000000
	-0.000015
	-0.011364
	-0.416203
	-0.000000
	-0.000043
	-0.025121
	-1.388942
	-0.000000
	0.000026
	0.043754
	-1.806910
	-0.000000
	-0.000013
	-0.009732
	-0.411914
	-0.000000
	-0.000043
	-0.026652
	-1.381581
	-0.000000
	0.000024
	0.043596
	-1.794706
	-0.000000
	-0.000011
	-0.008119
	-0.407614
	-0.000000
	-0.000044
	-0.028117
	-1.374048
	-0.000000
	0.000022
	0.043367
	-1.782406
	-0.000000
	-0.000009
	-0.006501
	-0.403263
	-0.000000
	-0.000045
	-0.029496
	-1.366274
	-0.000000
	0.000021
	0.043017
	-1.769944
	-0.000000
	-0.000008
	-0.004850
	-0.398798
	-0.000000
	-0.000046
	-0.030814
	-1.358150
	-0.000000
	0.000019
	0.042608
	-1.756996
	-0.000000
	-0.000006
	-0.003201
	-0.394181
	-0.000000
	-0.000048
	-0.031592
	-1.348959
	-0.000000
	0.000015
	0.040978
	-1.744204
	-0.000000
	-0.000005
	-0.000873
	-0.388536
	-0.000000
	-0.000053
	-0.035848
	-1.276448
	-0.000000
	0.000010
	0.034703
	-1.414781
	-0.000000
	0.000005
	0.009468
	-0.277802
	-0.000000
	-0.000033
	-0.019110
	-0.868869
	-0.000000
	0.000006
	0.020615
	-0.747098
	-0.000000
	0.000003
	0.004877
	-0.119499
	-0.000000
	-0.000010
	-0.003224
	-0.292767
	0.000000
	0.000003
	0.004851
	-0.112675
	0.000000
	0.000001
	0.001027
	-0.010613
	0.000061
	-0.000043
	-0.000029
	0.000009
	0.000174
	-0.000189
	-0.000061
	0.000361
	-0.000301
	-0.000071
	0.000350
	-0.000276
	-0.000082
	0.000344
	-0.000256
	-0.000093
	0.000340
	-0.000238
	-0.000106
	0.000337
	-0.000221
	-0.000119
	0.000334
	-0.000204
	-0.000133
	0.000332
	-0.000187
	-0.000147
	0.000330
	-0.000171
	-0.000161
	0.000329
	-0.000156
	-0.000175
	0.000328
	-0.000141
	-0.000189
	0.000327
	-0.000127
	-0.000202
	0.000326
	-0.000113
	-0.000215
	0.000325
	-0.000099
	-0.000228
	0.000324
	-0.000086
	-0.000240
	0.000323
	-0.000073
	-0.000252
	0.000321
	-0.000060
	-0.000263
	0.000319
	-0.000046
	-0.000273
	0.000316
	-0.000033
	-0.000279
	0.000302
	-0.000014
	-0.000301
	0.000248
	0.000069
	-0.000223
	0.000198
	0.000048
	-0.000136
	0.000134
	0.000030
	-0.001089
	-0.000805
	-0.000151
	-0.000973
	-0.002038
	0.000619
	-0.000673
	-0.003087
	0.001139
	-0.000594
	-0.003232
	0.001041
	-0.000544
	-0.003380
	0.000969
	-0.000493
	-0.003491
	0.000891
	-0.000432
	-0.003558
	0.000802
	-0.000363
	-0.003590
	0.000709
	-0.000289
	-0.003599
	0.000614
	-0.000213
	-0.003594
	0.000521
	-0.000136
	-0.003581
	0.000431
	-0.000059
	-0.003563
	0.000343
	0.000020
	-0.003539
	0.000260
	0.000103
	-0.003505
	0.000181
	0.000194
	-0.003450
	0.000111
	0.000305
	-0.003356
	0.000053
	0.000455
	-0.003179
	0.000019
	0.000684
	-0.002840
	0.000028
	0.001076
	-0.002177
	0.000125
	0.001796
	-0.000876
	0.000397
	0.003147
	0.001748
	0.000988
	0.005499
	0.004885
	0.001042
	0.008522
	0.007277
	0.001223
	0.014979
	0.006012
	0.000465
	-0.000359
	0.000381
	0.000097
	-0.000126
	-0.000787
	0.000897
	0.000272
	-0.001773
	0.001435
	0.000414
	-0.001822
	0.001356
	0.000527
	-0.001886
	0.001300
	0.000632
	-0.001932
	0.001233
	0.000732
	-0.001956
	0.001153
	0.000825
	-0.001961
	0.001064
	0.000913
	-0.001956
	0.000971
	0.000996
	-0.001945
	0.000879
	0.001075
	-0.001932
	0.000788
	0.001152
	-0.001917
	0.000700
	0.001226
	-0.001902
	0.000614
	0.001299
	-0.001887
	0.000530
	0.001371
	-0.001870
	0.000449
	0.001442
	-0.001850
	0.000371
	0.001515
	-0.001822
	0.000296
	0.001590
	-0.001778
	0.000224
	0.001675
	-0.001703
	0.000158
	0.001783
	-0.001573
	0.000108
	0.001915
	-0.001285
	0.000056
	0.002190
	-0.000717
	-0.000342
	0.002062
	-0.000452
	-0.000215
	0.002204
	-0.000498
	-0.000197
	-0.000726
	-0.001178
	-0.000246
	-0.000849
	-0.001255
	-0.000278
	-0.000946
	-0.001315
	-0.000296
	-0.001008
	-0.001410
	-0.000314
	-0.001072
	-0.001495
	-0.000331
	-0.001126
	-0.001559
	-0.000343
	-0.001164
	-0.001603
	-0.000350
	-0.001189
	-0.001629
	-0.000355
	-0.001203
	-0.001644
	-0.000357
	-0.001210
	-0.001651
	-0.000358
	-0.001214
	-0.001654
	-0.000359
	-0.001215
	-0.001655
	-0.000359
	-0.001216
	-0.001655
	-0.000359
	-0.001216
	-0.001655
	-0.000359
	-0.001215
	-0.001654
	-0.000359
	-0.001214
	-0.001653
	-0.000358
	-0.001214
	-0.001652
	-0.000358
	-0.001213
	-0.001651
	-0.000358
	-0.001212
	-0.001650
	-0.000358
	-0.001211
	-0.001649
	-0.000357
	-0.001210
	-0.001647
	-0.000357
	-0.001106
	-0.001299
	-0.000257
	-0.001027
	-0.000932
	-0.000151
	-0.001024
	-0.000418
	-0.000041
	-0.000000
	-0.000000
	-0.000000
	-0.000000
	-0.000000
	-0.000000
	-0.000000
	-0.000000
	-0.000000
	-0.000000
	-0.000000
	-0.000000
	-0.000000
	-0.000000
	-0.000000
	-0.000000
	-0.000000
	-0.000000
	-0.000000
	-0.000000
	-0.000000
	-0.000000
	-0.000000
	-0.000000
	-0.000000
	-0.000000
	-0.000000
	-0.000000
	-0.000000
	-0.000000
	-0.000000
	-0.000000
	-0.000000
	-0.000000
	-0.000000
	-0.000000
	-0.000000
	-0.000000
	-0.000000
	-0.000000
	-0.000000
	-0.000000
	-0.000000
	-0.000000
	-0.000000
	-0.000000
	-0.000000
	-0.000000
	-0.000000
	-0.000000
	-0.000000
	-0.000000
	-0.000000
	-0.000000
	-0.000000
	-0.000000
	-0.000000
	-0.000000
	-0.000000
	-0.000000
	-0.000000
	-0.000000
	-0.000000
	-0.000000
	-0.000000
	-0.000000
	-0.000000
	-0.000000
	-0.000000
	-0.000000
	-0.000000
	-0.000000
	0.000000
	0.000000
	0.000000
	0.000000
	0.000000
	0.000000
	0.000000
	0.000000
	0.000000
	0.000000
	0.000000
	0.000000
	0.000000
	0.000000
	0.000000
	0.000000
	0.000000
	0.000000
	0.000000
	0.000000
	0.000000
	0.000000
	0.000000
	0.000000
	0.000000
	0.000000
	0.000000
	0.000000
	0.000000
	0.000000
	0.000000
	0.000000
	0.000000
	0.000000
	0.000000
	0.000000
	0.000000
	0.000000
	0.000000
	0.000000
	0.000000
	0.000000
	0.000000
	0.000000
	0.000000
	0.000000
	0.000000
	0.000000
	0.000000
	0.000000
	0.000000
	0.000000
	0.000000
	0.000000
	0.000000
	0.000000
	0.000000
	0.000000
	0.000000
	0.000000
	0.000000
	0.000000
	0.000000
	0.000000
	0.000000
	0.000000
	0.000000
	0.000000
	0.000000
	0.000000
	0.000000
	0.000000
	0.000000
	0.000000
	0.000000
	0.000000
	0.000000
	0.000000
	0.000000
	0.000000
	0.000000
	0.000000
	0.000000
	0.000000
	0.000000
	0.000000
	0.000000
	0.000000
	0.000000
	0.000000
	0.000000
	0.000000
	0.000000
	0.000000
	0.000000
	0.000000
	0.000000
	0.000000
	0.000000
	0.000000
	0.000000
	0.000000
	0.000000
	0.000000
	0.000000
	0.000000
	0.000000
	0.000000
	0.000000
	0.000000
	0.000000
	0.000000
	0.000000
	0.000000
	0.000000
	0.000000
	0.000000
	0.000000
	0.000000
	0.000000
	0.000000
	0.000000
	0.000000
	0.000000
	0.000000
	0.000000
	0.000000
	0.000000
	0.000000
	0.000000
	0.000000
	0.000000
	0.000000
	0.000000
	0.000000
	0.000000
	0.000000
	0.000000
	0.000000
	0.000000
	0.000000
	0.000000
	0.000000
	0.000000
	-0.000000
	-0.030293
	-0.000000
	-0.000000
	-0.011019
	-0.018998
	-0.003027
	-0.000000
	-0.026409
	-0.007347
	-0.000000
	-0.022169
	-0.009822
	-0.000000
	-0.019638
	-0.011546
	-0.000000
	-0.017836
	-0.012915
	-0.000000
	-0.016413
	-0.014086
	-0.000000
	-0.015215
	-0.015130
	-0.000000
	-0.014161
	-0.016084
	-0.000001
	-0.013209
	-0.016969
	-0.000001
	-0.012329
	-0.017799
	-0.000002
	-0.011507
	-0.018584
	-0.000004
	-0.010730
	-0.019330
	-0.000008
	-0.009991
	-0.020043
	-0.000016
	-0.009282
	-0.020723
	-0.000032
	-0.008597
	-0.021372
	-0.000062
	-0.007929
	-0.021988
	-0.000121
	-0.007266
	-0.022565
	-0.000227
	-0.006595
	-0.023112
	-0.000358
	-0.005929
	-0.023483
	-0.000939
	-0.004990
	-0.025612
	-0.000000
	-0.000000
	-0.023146
	-0.000000
	-0.000000
	-0.018482
	-0.000000
	-0.000000
	0.000000
	0.000009
	0.000000
	0.000000
	0.000003
	0.000006
	0.000001
	0.000000
	0.000007
	0.000002
	0.000000
	0.000006
	0.000003
	0.000000
	0.000005
	0.000003
	0.000000
	0.000005
	0.000003
	0.000000
	0.000004
	0.000004
	0.000000
	0.000004
	0.000004
	0.000000
	0.000004
	0.000004
	0.000000
	0.000003
	0.000004
	0.000000
	0.000003
	0.000005
	0.000000
	0.000003
	0.000005
	0.000000
	0.000003
	0.000005
	0.000000
	0.000003
	0.000005
	0.000000
	0.000002
	0.000005
	0.000000
	0.000002
	0.000006
	0.000000
	0.000002
	0.000006
	0.000000
	0.000002
	0.000006
	0.000000
	0.000002
	0.000006
	0.000000
	0.000002
	0.000006
	0.000000
	0.000001
	0.000003
	0.000000
	0.000000
	0.000000
	-0.000000
	-0.000000
	0.000000
	-0.000000
	-0.000000
	0.000037
	-0.000018
	-0.000010
	0.000003
	0.000044
	-0.000042
	-0.000013
	0.000066
	-0.000050
	-0.000011
	0.000050
	-0.000037
	-0.000011
	0.000041
	-0.000029
	-0.000010
	0.000034
	-0.000023
	-0.000010
	0.000030
	-0.000019
	-0.000010
	0.000026
	-0.000015
	-0.000010
	0.000024
	-0.000013
	-0.000010
	0.000021
	-0.000011
	-0.000010
	0.000019
	-0.000009
	-0.000010
	0.000018
	-0.000008
	-0.000010
	0.000017
	-0.000006
	-0.000010
	0.000015
	-0.000005
	-0.000010
	0.000014
	-0.000004
	-0.000010
	0.000014
	-0.000004
	-0.000010
	0.000013
	-0.000003
	-0.000010
	0.000012
	-0.000002
	-0.000010
	0.000011
	-0.000002
	-0.000009
	0.000011
	-0.000001
	-0.000009
	0.000010
	-0.000000
	-0.000010
	0.000008
	0.000002
	-0.000007
	0.000006
	0.000002
	-0.000004
	0.000004
	-0.000041
	-0.000058
	0.000241
	0.000089
	-0.000131
	-0.001068
	0.001393
	0.000442
	-0.003257
	0.002819
	0.000832
	-0.003941
	0.003045
	0.001198
	-0.004490
	0.003161
	0.001545
	-0.004870
	0.003141
	0.001866
	-0.005094
	0.003013
	0.002155
	-0.005203
	0.002820
	0.002415
	-0.005241
	0.002594
	0.002653
	-0.005237
	0.002357
	0.002877
	-0.005211
	0.002118
	0.003093
	-0.005170
	0.001885
	0.003307
	-0.005112
	0.001660
	0.003529
	-0.005025
	0.001448
	0.003773
	-0.004885
	0.001257
	0.004067
	-0.004635
	0.001100
	0.004467
	-0.004165
	0.001006
	0.005083
	-0.003255
	0.001031
	0.006136
	-0.001471
	0.001291
	0.008076
	0.002035
	0.002023
	0.011718
	0.009112
	0.003619
	0.017790
	0.016651
	0.003499
	0.025739
	0.022130
	0.003705
	0.043162
	0.017344
	0.001366
	0.002380
	0.002592
	-0.000243
	0.001794
	0.004384
	0.000869
	0.001332
	0.005294
	0.001743
	0.001154
	0.004483
	0.001796
	0.001076
	0.003994
	0.001862
	0.001067
	0.003653
	0.001912
	0.001106
	0.003401
	0.001940
	0.001176
	0.003210
	0.001951
	0.001261
	0.003065
	0.001954
	0.001356
	0.002959
	0.001953
	0.001463
	0.002897
	0.001957
	0.001594
	0.002896
	0.001972
	0.001771
	0.003000
	0.002013
	0.002043
	0.003293
	0.002104
	0.002498
	0.003939
	0.002288
	0.003303
	0.005241
	0.002647
	0.004756
	0.007731
	0.003320
	0.007373
	0.012298
	0.004530
	0.011969
	0.020251
	0.006589
	0.019623
	0.033017
	0.009765
	0.031126
	0.050423
	0.013650
	0.044115
	0.063266
	0.014979
	0.047668
	0.056944
	0.011370
	0.027710
	0.008526
	0.000402
	-0.002408
	-0.001534
	-0.002365
	-0.003093
	-0.003797
	-0.004485
	-0.005137
	-0.005748
	-0.006324
	-0.006887
	-0.007476
	-0.008154
	-0.009041
	-0.010355
	-0.012499
	-0.016200
	-0.022721
	-0.034087
	-0.053092
	-0.082085
	-0.117503
	-0.132378
	-0.101080
	-0.004615
	0.044656
	-0.142550
	0.033897
	0.070263
	-0.061316
	-0.072997
	0.074671
	-0.039270
	-0.098465
	0.042248
	-0.034251
	-0.070468
	0.024632
	-0.031685
	-0.055014
	0.013713
	-0.029927
	-0.045576
	0.006334
	-0.028560
	-0.039399
	0.001010
	-0.027452
	-0.035097
	-0.003033
	-0.026543
	-0.031927
	-0.006224
	-0.025793
	-0.029476
	-0.008815
	-0.025174
	-0.027508
	-0.010963
	-0.024663
	-0.025883
	-0.012771
	-0.024240
	-0.024511
	-0.014315
	-0.023891
	-0.023333
	-0.015647
	-0.023602
	-0.022306
	-0.016810
	-0.023365
	-0.021397
	-0.017838
	-0.023173
	-0.020579
	-0.018762
	-0.023020
	-0.019824
	-0.019612
	-0.022905
	-0.019108
	-0.020383
	-0.022818
	-0.018442
	-0.021346
	-0.022820
	-0.017497
	-0.020423
	-0.018516
	-0.016600
	-0.026955
	-0.035940
	-0.024904
	-0.034019
	-0.125790
	-0.091819
	-0.178509
	-0.082001
	-0.023051
	0.007967
	0.027912
	0.042301
	0.053361
	0.062168
	0.069328
	0.075225
	0.080128
	0.084236
	0.087699
	0.090634
	0.093133
	0.095267
	0.097096
	0.098663
	0.100007
	0.101156
	0.102133
	0.123774
	0.197478
	-0.534491
	0.064596
	0.134771
	0.010052
	0.042900
	0.125908
	0.053334
	0.034746
	0.115733
	0.067818
	0.044293
	0.109464
	0.056753
	0.050501
	0.106301
	0.050209
	0.055090
	0.104330
	0.045826
	0.058680
	0.102971
	0.042683
	0.061566
	0.101990
	0.040321
	0.063919
	0.101262
	0.038478
	0.065857
	0.100706
	0.036999
	0.067468
	0.100272
	0.035783
	0.068822
	0.099925
	0.034763
	0.069970
	0.099645
	0.033896
	0.070952
	0.099417
	0.033147
	0.071802
	0.099230
	0.032493
	0.072544
	0.099078
	0.031913
	0.073201
	0.098954
	0.031391
	0.073791
	0.098856
	0.030909
	0.074334
	0.098783
	0.030452
	0.074827
	0.098727
	0.030026
	0.075442
	0.098728
	0.029422
	0.075567
	0.095482
	0.027575
	0.079370
	0.103347
	0.027716
	0.083986
	0.112057
	0.027786
	-0.118578
	-0.145975
	-0.163204
	-0.174772
	-0.184044
	-0.191843
	-0.198408
	-0.203886
	-0.208436
	-0.212213
	-0.215361
	-0.217997
	-0.220217
	-0.222096
	-0.223695
	-0.225060
	-0.226229
	-0.227231
	-0.228090
	-0.228824
	-0.229448
	-0.231933
	-0.236099
	-0.063125
	-0.006123
	1.002887
	-0.007529
	1.365465
	-0.003059
	0.296044
	-0.008904
	1.002887
	-0.005831
	1.365465
	0.000826
	0.296044
	-0.011218
	1.002887
	-0.006018
	1.365465
	0.003991
	0.296044
	-0.011287
	1.002887
	-0.007050
	1.365465
	0.004056
	0.296044
	-0.011342
	1.002887
	-0.007723
	1.365465
	0.004205
	0.296044
	-0.011284
	1.002887
	-0.008282
	1.365465
	0.004323
	0.296044
	-0.011107
	1.002887
	-0.008781
	1.365465
	0.004383
	0.296044
	-0.010846
	1.002887
	-0.009233
	1.365465
	0.004397
	0.296044
	-0.010543
	1.002887
	-0.009653
	1.365465
	0.004380
	0.296044
	-0.010234
	1.002887
	-0.010065
	1.365465
	0.004342
	0.296044
	-0.009945
	1.002887
	-0.010502
	1.365465
	0.004285
	0.296044
	-0.009711
	1.002887
	-0.011019
	1.365465
	0.004200
	0.296044
	-0.009584
	1.002887
	-0.011720
	1.365465
	0.004061
	0.296044
	-0.009670
	1.002887
	-0.012801
	1.365465
	0.003816
	0.296044
	-0.010170
	1.002887
	-0.014656
	1.365465
	0.003355
	0.296044
	-0.011492
	1.002887
	-0.018065
	1.365465
	0.002463
	0.296044
	-0.014445
	1.002887
	-0.024587
	1.365465
	0.000705
	0.296044
	-0.020651
	1.002887
	-0.037334
	1.365465
	-0.002781
	0.296044
	-0.033342
	1.002887
	-0.062512
	1.365465
	-0.009714
	0.296044
	-0.058994
	1.002887
	-0.112513
	1.365465
	-0.023497
	0.296044
	-0.110341
	1.002887
	-0.211923
	1.365465
	-0.051092
	0.296044
	-0.212345
	1.002887
	-0.389495
	1.365465
	-0.095182
	0.296044
	-0.368815
	1.002887
	-0.642435
	1.365465
	-0.152737
	0.296044
	-0.595418
	1.002887
	-0.997308
	1.365465
	-0.218019
	0.296044
	0.024234
	-2.664396
	0.023993
	-2.664396
	0.022290
	-2.664396
	0.020898
	-2.664396
	0.019335
	-2.664396
	0.017551
	-2.664396
	0.015642
	-2.664396
	0.013712
	-2.664396
	0.011829
	-2.664396
	0.010045
	-2.664396
	0.008430
	-2.664396
	0.007105
	-2.664396
	0.006314
	-2.664396
	0.006541
	-2.664396
	0.008759
	-2.664396
	0.014913
	-2.664396
	0.028885
	-2.664396
	0.058424
	-2.664396
	0.118988
	-2.664396
	0.241403
	-2.664396
	0.487040
	-2.664396
	0.867438
	-2.664396
	1.384018
	-2.664396
	0.021426
	-2.664396
	-0.005289
	-0.007187
	-0.001555
	-0.005266
	-0.007157
	-0.001550
	-0.005239
	-0.007122
	-0.001545
	-0.005212
	-0.007085
	-0.001537
	-0.005183
	-0.007045
	-0.001529
	-0.005153
	-0.007003
	-0.001521
	-0.005123
	-0.006960
	-0.001512
	-0.005091
	-0.006916
	-0.001502
	-0.005059
	-0.006871
	-0.001493
	-0.005027
	-0.006827
	-0.001483
	-0.004995
	-0.006782
	-0.001474
	-0.004963
	-0.006737
	-0.001464
	-0.004930
	-0.006693
	-0.001454
	-0.004898
	-0.006648
	-0.001445
	-0.004866
	-0.006603
	-0.001435
	-0.004833
	-0.006558
	-0.001425
	-0.004801
	-0.006513
	-0.001415
	-0.004768
	-0.006468
	-0.001406
	-0.004735
	-0.006422
	-0.001395
	-0.004701
	-0.006373
	-0.001385
	-0.004665
	-0.006321
	-0.001373
	-0.004625
	-0.006264
	-0.001360
	-0.004588
	-0.006216
	-0.001349
	-0.004552
	-0.006169
	-0.001341
	0.013999
	0.013933
	0.013864
	0.013790
	0.013714
	0.013634
	0.013552
	0.013468
	0.013384
	0.013300
	0.013215
	0.013130
	0.013045
	0.012960
	0.012875
	0.012790
	0.012704
	0.012617
	0.012528
	0.012433
	0.012329
	0.012228
	0.012134
	0.014060
	-0.052424
	-0.071222
	-0.015427
	-0.052217
	-0.070903
	-0.015335
	-0.051972
	-0.070562
	-0.015254
	-0.051702
	-0.070195
	-0.015178
	-0.051417
	-0.069803
	-0.015095
	-0.051117
	-0.069390
	-0.015008
	-0.050807
	-0.068964
	-0.014916
	-0.050489
	-0.068528
	-0.014822
	-0.050167
	-0.068088
	-0.014727
	-0.049842
	-0.067645
	-0.014631
	-0.049517
	-0.067201
	-0.014535
	-0.049190
	-0.066757
	-0.014439
	-0.048864
	-0.066313
	-0.014343
	-0.048539
	-0.065870
	-0.014247
	-0.048213
	-0.065427
	-0.014151
	-0.047888
	-0.064985
	-0.014055
	-0.047564
	-0.064543
	-0.013959
	-0.047239
	-0.064102
	-0.013864
	-0.046916
	-0.063661
	-0.013768
	-0.046592
	-0.063222
	-0.013673
	-0.046269
	-0.062782
	-0.013578
	-0.045950
	-0.062380
	-0.013499
	-0.045685
	-0.062051
	-0.013437
	-0.045472
	-0.061794
	-0.013396
	0.138823
	0.138158
	0.137450
	0.136705
	0.135920
	0.135103
	0.134264
	0.133410
	0.132550
	0.131685
	0.130819
	0.129953
	0.129088
	0.128223
	0.127359
	0.126497
	0.125635
	0.124775
	0.123916
	0.123058
	0.122201
	0.121492
	0.120931
	0.139403
	0.000000
	0.000000
	0.000000
	0.000000
	0.000000
	0.000000
	0.000000
	0.000000
	0.000000
	0.000000
	0.000000
	0.000000
	0.000000
	0.000000
	0.000000
	0.000000
	0.000000
	0.000000
	0.000000
	0.000000
	0.000000
	0.000000
	0.000000
	0.000000
	0.000000
	0.000000
	0.000000
	0.000000
	0.000000
	0.000000
	0.000000
	0.000000
	0.000000
	0.000000
	0.000000
	0.000000
	0.000000
	0.000000
	0.000000
	0.000000
	0.000000
	0.000000
	0.000000
	0.000000
	0.000000
	0.000000
	0.000000
	0.000000
	0.000000
	0.000000
	0.000000
	0.000000
	0.000000
	0.000000
	0.000000
	0.000000
	0.000000
	0.000000
	0.000000
	0.000000
	0.000000
	0.000000
	0.000000
	0.000000
	0.000000
	0.000000
	0.000000
	0.000000
	0.000000
	0.000000
	0.000000
	0.000000
	0.000000
	0.403183
	0.000000
	0.000000
	0.146656
	0.252848
	0.040289
	0.000000
	0.351497
	0.097785
	0.000000
	0.295057
	0.130724
	0.000000
	0.261369
	0.153676
	0.000001
	0.237391
	0.171893
	0.000001
	0.218452
	0.187478
	0.000002
	0.202501
	0.201371
	0.000004
	0.188482
	0.214064
	0.000008
	0.175799
	0.225843
	0.000015
	0.164097
	0.236895
	0.000029
	0.153151
	0.247345
	0.000056
	0.142812
	0.257279
	0.000110
	0.132971
	0.266757
	0.000214
	0.123538
	0.275814
	0.000420
	0.114428
	0.284455
	0.000823
	0.105537
	0.292646
	0.001613
	0.096711
	0.300327
	0.003026
	0.087775
	0.307609
	0.004763
	0.078918
	0.312551
	0.012496
	0.066415
	0.340885
	0.000000
	0.000000
	0.308062
	0.000000
	0.000000
	0.245982
	0.000000
	0.000000
	0.001474
	0.001205
	0.000000
	0.026644
	0.000000
	0.000000
	0.000000
	0.000000
	0.000000
	0.000000
	0.000000
	0.000000
	0.000000
	0.000000
	0.000000
	0.000000
	0.000000
	0.000000
	0.000000
	0.000000
	0.000000
	0.000000
	0.000000
	0.000000
	0.000000
	0.000000
	0.000000
	-0.000000
	-0.000000
	-0.000000
	-0.000000
	-0.000000
	-0.000000
	-0.000000
	-0.000000
	-0.000000
	-0.000000
	-0.000000
	-0.000000
	-0.000000
	-0.000000
	-0.000000
	-0.000000
	-0.000000
	-0.000000
	-0.000000
	-0.000000
	-0.000000
	-0.000000
	0.000000
	0.021567
	0.129835
	-1.464420
	-0.136087
	13.082555
