	1
	147
	293
	439
	657
	671
	685
	699
	713
	727
	741
	755
	769
	783
	797
	811
	825
	839
	853
	867
	881
	895
	909
	923
	937
	951
	965
	979
	993
	996
	999
	1003
	1006
	1009
	1013
	1016
	1019
	1023
	1026
	1029
	1033
	1036
	1039
	1043
	1046
	1049
	1053
	1056
	1059
	1063
	1066
	1069
	1073
	1076
	1079
	1083
	1086
	1089
	1093
	1096
	1099
	1103
	1106
	1109
	1113
	1116
	1119
	1123
	1126
	1129
	1133
	1136
	1139
	1143
	1146
	1149
	1153
	1156
	1159
	1163
	1166
	1169
	1173
	1176
	1179
	1183
	1186
	1189
	1193
	1196
	1199
	1203
	1206
	1209
	1213
	1216
	1219
	1223
	1226
	1229
	1232
	1252
	1272
	1293
	1313
	1333
	1354
	1374
	1394
	1415
	1435
	1455
	1476
	1496
	1516
	1537
	1557
	1577
	1598
	1618
	1638
	1659
	1679
	1699
	1720
	1740
	1760
	1781
	1801
	1821
	1842
	1862
	1882
	1903
	1923
	1943
	1964
	1984
	2004
	2025
	2045
	2065
	2086
	2106
	2126
	2147
	2167
	2187
	2208
	2228
	2248
	2269
	2289
	2309
	2330
	2350
	2370
	2391
	2411
	2431
	2452
	2472
	2492
	2513
	2533
	2553
	2574
	2594
	2614
	2635
	2655
	2675
	2695
	2699
	2703
	2707
	2711
	2715
	2719
	2723
	2727
	2731
	2735
	2739
	2743
	2747
	2751
	2755
	2759
	2763
	2767
	2771
	2775
	2779
	2783
	2787
	2791
	2795
	2799
	2803
	2807
	2811
	2815
	2819
	2823
	2827
	2831
	2835
	2839
	2843
	2847
	2851
	2855
	2859
	2863
	2867
	2871
	2875
	2879
	2883
	2887
	2891
	2895
	2899
	2903
	2907
	2911
	2915
	2919
	2923
	2927
	2931
	2935
	2939
	2943
	2947
	2951
	2955
	2959
	2963
	2967
	2971
	2975
	2979
	2983
	2994
	3005
	3017
	3028
	3039
	3051
	3062
	3073
	3085
	3096
	3107
	3119
	3130
	3141
	3153
	3164
	3175
	3187
	3198
	3209
	3221
	3232
	3243
	3255
	3266
	3277
	3289
	3300
	3311
	3323
	3334
	3345
	3357
	3368
	3379
	3391
	3402
	3413
	3425
	3436
	3447
	3459
	3470
	3481
	3493
	3504
	3515
	3527
	3538
	3549
	3561
	3572
	3583
	3595
	3606
	3617
	3629
	3640
	3651
	3663
	3674
	3685
	3697
	3708
	3719
	3731
	3742
	3753
	3765
	3776
	3787
	3798
	3818
	3838
	3859
	3879
	3899
	3920
	3940
	3960
	3981
	4001
	4021
	4042
	4062
	4082
	4103
	4123
	4143
	4164
	4184
	4204
	4225
	4245
	4265
	4286
	4306
	4326
	4347
	4367
	4387
	4408
	4428
	4448
	4469
	4489
	4509
	4530
	4550
	4570
	4591
	4611
	4631
	4652
	4672
	4692
	4713
	4733
	4753
	4774
	4794
	4814
	4835
	4855
	4875
	4896
	4916
	4936
	4957
	4977
	4997
	5018
	5038
	5058
	5079
	5099
	5119
	5140
	5160
	5180
	5201
	5221
	5241
	5261
	5269
	5277
	5285
	5293
	5301
	5309
	5317
	5325
	5333
	5341
	5349
	5357
	5365
	5373
	5381
	5389
	5397
	5405
	5413
	5421
	5429
	5437
	5445
	5453
	5461
	5469
	5477
	5485
	5493
	5501
	5509
	5517
	5525
	5533
	5541
	5549
	5557
	5565
	5573
	5581
	5589
	5597
	5605
	5613
	5621
	5629
	5637
	5645
	5653
	5661
	5669
	5677
	5685
	5693
	5701
	5709
	5717
	5725
	5733
	5741
	5749
	5757
	5765
	5773
	5781
	5789
	5797
	5805
	5813
	5821
	5829
	5837
	5845
	5853
	5861
	5869
	5877
	5885
	5893
	5901
	5909
	5917
	5925
	5933
	5941
	5949
	5957
	5965
	5973
	5981
	5989
	5997
	6005
	6013
	6021
	6029
	6037
	6045
	6053
	6061
	6069
	6077
	6085
	6093
	6101
	6109
	6117
	6125
	6133
	6141
	6149
	6157
	6165
	6173
	6181
	6189
	6197
	6205
	6213
	6221
	6229
	6237
	6245
	6253
	6261
	6269
	6277
	6285
	6293
	6301
	6309
	6317
	6325
	6333
	6341
	6349
	6357
	6365
	6373
	6381
	6389
	6397
	6405
	6413
	6426
	6439
	6453
	6466
	6479
	6493
	6506
	6519
	6533
	6546
	6559
	6573
	6586
	6599
	6613
	6626
	6639
	6653
	6666
	6679
	6693
	6706
	6719
	6733
	6746
	6759
	6773
	6786
	6799
	6813
	6826
	6839
	6853
	6866
	6879
	6893
	6906
	6919
	6933
	6946
	6959
	6973
	6986
	6999
	7013
	7026
	7039
	7053
	7066
	7079
	7093
	7106
	7119
	7133
	7146
	7159
	7173
	7186
	7199
	7213
	7226
	7239
	7253
	7266
	7279
	7293
	7306
	7319
	7333
	7346
	7359
	7372
	7382
	7392
	7403
	7413
	7423
	7434
	7444
	7454
	7465
	7475
	7485
	7496
	7506
	7516
	7527
	7537
	7547
	7558
	7568
	7578
	7589
	7599
	7609
	7620
	7630
	7640
	7651
	7661
	7671
	7682
	7692
	7702
	7713
	7723
	7733
	7744
	7754
	7764
	7775
	7785
	7795
	7806
	7816
	7826
	7837
	7847
	7857
	7868
	7878
	7888
	7899
	7909
	7919
	7930
	7940
	7950
	7961
	7971
	7981
	7992
	8002
	8012
	8023
	8033
	8043
	8054
	8064
	8074
	8085
	8095
	8105
	8115
	8125
	8135
	8146
	8156
	8166
	8177
	8187
	8197
	8208
	8218
	8228
	8239
	8249
	8259
	8270
	8280
	8290
	8301
	8311
	8321
	8332
	8342
	8352
	8363
	8373
	8383
	8394
	8404
	8414
	8425
	8435
	8445
	8456
	8466
	8476
	8487
	8497
	8507
	8518
	8528
	8538
	8549
	8559
	8569
	8580
	8590
	8600
	8611
	8621
	8631
	8642
	8652
	8662
	8673
	8683
	8693
	8704
	8714
	8724
	8735
	8745
	8755
	8766
	8776
	8786
	8797
	8807
	8817
	8828
	8838
	8848
	8858
	8861
	8864
	8867
	8870
	8873
	8876
	8879
	8882
	8885
	8888
	8891
	8894
	8897
	8900
	8903
	8906
	8909
	8912
	8915
	8918
	8921
	8924
	8927
	8930
	8933
	8936
	8939
	8942
	8945
	8948
	8951
	8954
	8957
	8960
	8963
	8966
	8969
	8972
	8975
	8978
	8981
	8984
	8987
	8990
	8993
	8996
	8999
	9002
	9005
	9008
	9011
	9014
	9017
	9020
	9023
	9026
	9029
	9032
	9035
	9038
	9041
	9044
	9047
	9050
	9053
	9056
	9059
	9062
	9065
	9068
	9071
	9074
	9077
	9080
	9083
	9086
	9089
	9092
	9095
	9098
	9101
	9104
	9107
	9110
	9113
	9116
	9119
	9122
	9125
	9128
	9131
	9134
	9137
	9140
	9143
	9146
	9149
	9152
	9155
	9158
	9161
	9164
	9167
	9170
	9173
	9176
	9179
	9182
	9185
	9188
	9191
	9194
	9197
	9200
	9203
	9206
	9209
	9212
	9215
	9218
	9221
	9224
	9227
	9230
	9233
	9236
	9239
	9242
	9245
	9248
	9251
	9254
	9257
	9260
	9263
	9266
	9269
	9272
	9275
	9278
	9281
	9284
	9287
	9290
	9293
	9296
	9299
	9302
	9305
	9308
	9311
	9314
	9317
	9320
	9323
	9326
	9329
	9332
	9335
	9338
	9341
	9344
	9347
	9350
	9353
	9356
	9359
	9362
	9365
	9368
	9371
	9374
	9377
	9380
	9383
	9386
	9389
	9392
	9395
	9398
	9401
	9404
	9407
	9410
	9413
	9416
	9419
	9422
	9425
	9428
	9431
	9434
	9437
	9440
	9443
	9446
	9449
	9452
	9455
	9458
	9461
	9464
	9467
	9470
	9473
	9476
	9479
	9482
	9485
	9488
	9491
	9494
	9497
	9500
	9503
	9506
	9509
	9512
	9515
	9518
	9521
	9524
	9527
	9530
	9533
	9536
	9539
	9542
	9545
	9548
	9551
	9554
	9557
	9560
	9563
	9566
	9569
	9572
	9575
	9578
	9581
	9584
	9587
	9590
	9593
	9596
	9599
	9602
	9605
	9608
	9611
	9614
	9617
	9620
	9623
	9626
	9629
	9632
	9635
	9638
	9641
	9644
	9647
	9650
	9653
	9656
	9659
	9662
	9665
	9668
	9671
	9674
	9677
	9680
	9683
	9686
	9689
	9692
	9695
	9698
	9701
	9704
	9707
	9710
	9713
	9716
	9719
	9722
	9728
	9739
	9748
	9754
	9760
	9771
	9780
	9786
	9792
	9803
	9812
	9818
	9824
	9835
	9844
	9850
	9856
	9867
	9876
	9882
	9888
	9899
	9908
	9914
	9920
	9931
	9940
	9946
	9952
	9963
	9972
	9978
	9984
	9995
	10004
	10010
	10016
	10027
	10036
	10042
	10048
	10059
	10068
	10074
	10080
	10091
	10100
	10106
	10112
	10123
	10132
	10138
	10144
	10155
	10164
	10170
	10176
	10187
	10196
	10202
	10208
	10219
	10228
	10234
	10240
	10251
	10260
	10266
	10272
	10283
	10292
	10298
	10304
	10315
	10324
	10330
	10336
	10347
	10356
	10362
	10368
	10379
	10388
	10394
	10400
	10411
	10420
	10426
	10432
	10443
	10452
	10458
	10464
	10475
	10484
	10490
	10496
	10507
	10516
	10522
	10528
	10539
	10548
	10554
	10560
	10571
	10580
	10586
	10592
	10603
	10612
	10618
	10624
	10635
	10644
	10650
	10656
	10667
	10676
	10682
	10688
	10699
	10708
	10714
	10720
	10731
	10740
	10746
	10752
	10763
	10772
	10778
	10784
	10795
	10804
	10810
	10816
	10827
	10836
	10842
	10848
	10859
	10868
	10874
	10880
	10891
	10900
	10906
	10912
	10923
	10932
	10938
	10944
	10955
	10964
	10970
	10976
	10987
	10996
	11002
	11008
	11019
	11028
	11034
	11040
	11051
	11060
	11066
	11072
	11083
	11092
	11098
	11104
	11115
	11124
	11130
	11136
	11147
	11156
	11162
	11168
	11179
	11188
	11194
	11200
	11211
	11220
	11226
	11232
	11243
	11252
	11258
	11264
	11275
	11284
	11290
	11296
	11307
	11316
	11322
	11328
	11339
	11348
	11354
	11360
	11371
	11380
	11386
	11392
	11403
	11412
	11418
	11424
	11435
	11444
	11450
	11456
	11467
	11476
	11482
	11488
	11499
	11508
	11514
	11520
	11531
	11540
	11546
	11552
	11563
	11572
	11578
	11584
	11595
	11604
	11610
	11616
	11627
	11636
	11642
	11648
	11659
	11668
	11674
	11680
	11691
	11700
	11706
	11712
	11723
	11732
	11738
	11744
	11755
	11764
	11770
	11776
	11787
	11796
	11802
	11808
	11819
	11828
	11834
	11840
	11851
	11860
	11866
	11872
	11883
	11892
	11898
	11904
	11915
	11924
	11930
	11936
	11947
	11956
	11962
	11968
	11979
	11988
	11994
	12000
	12011
	12020
	12026
	12038
	12050
	12062
	12074
	12086
	12098
	12110
	12122
	12134
	12146
	12158
	12170
	12182
	12194
	12206
	12218
	12230
	12242
	12254
	12266
	12278
	12290
	12302
	12314
	12326
	12338
	12350
	12362
	12374
	12386
	12398
	12410
	12422
	12434
	12446
	12458
	12470
	12482
	12494
	12506
	12518
	12530
	12542
	12554
	12566
	12578
	12590
	12602
	12614
	12626
	12638
	12650
	12662
	12674
	12686
	12698
	12710
	12722
	12734
	12746
	12758
	12770
	12782
	12794
	12806
	12818
	12830
	12842
	12854
	12866
	12878
	12890
	12896
	12902
	12908
	12914
	12920
	12926
	12932
	12938
	12944
	12950
	12956
	12962
	12968
	12974
	12980
	12986
	12992
	12998
	13004
	13010
	13016
	13022
	13028
	13034
	13040
	13046
	13052
	13058
	13064
	13070
	13076
	13082
	13088
	13094
	13100
	13106
	13112
	13118
	13124
	13130
	13136
	13142
	13148
	13154
	13160
	13166
	13172
	13178
	13184
	13190
	13196
	13202
	13208
	13214
	13220
	13226
	13232
	13238
	13244
	13250
	13256
	13262
	13268
	13274
	13280
	13286
	13292
	13298
	13304
	13310
	13316
	13322
	13328
	13334
	13340
	13346
	13352
	13358
	13364
	13370
	13376
	13382
	13388
	13394
	13400
	13406
	13412
	13418
	13424
	13430
	13436
	13442
	13448
	13454
	13460
	13466
	13472
	13478
	13484
	13490
	13496
	13502
	13508
	13514
	13520
	13526
	13532
	13538
	13544
	13550
	13556
	13562
	13568
	13574
	13580
	13586
	13592
	13598
	13604
	13610
	13616
	13622
	13628
	13634
	13640
	13646
	13652
	13658
	13664
	13670
	13676
	13682
	13688
	13694
	13700
	13706
	13712
	13718
	13724
	13730
	13736
	13742
	13748
	13754
	13757
	13760
	13763
	13766
	13769
	13772
	13775
	13778
	13781
	13784
	13787
	13790
	13793
	13796
	13799
	13802
	13805
	13808
	13811
	13814
	13817
	13820
	13823
	13826
	13829
	13832
	13835
	13838
	13841
	13844
	13847
	13850
	13853
	13856
	13859
	13862
	13865
	13868
	13871
	13874
	13877
	13880
	13883
	13886
	13889
	13892
	13895
	13898
	13901
	13904
	13907
	13910
	13913
	13916
	13919
	13922
	13925
	13928
	13931
	13934
	13937
	13940
	13943
	13946
	13949
	13952
	13955
	13958
	13961
	13964
	13967
	13970
	13973
	13976
	13979
	13982
	13985
	13988
	13991
	13994
	13997
	14000
	14003
	14006
	14009
	14012
	14015
	14018
	14021
	14024
	14027
	14030
	14033
	14036
	14039
	14042
	14045
	14048
	14051
	14054
	14057
	14060
	14063
	14066
	14069
	14072
	14075
	14078
	14081
	14084
	14087
	14090
	14093
	14096
	14099
	14102
	14105
	14108
	14111
	14114
	14117
	14120
	14123
	14126
	14129
	14132
	14135
	14138
	14141
	14144
	14147
	14150
	14153
	14156
	14159
	14162
	14165
	14168
	14171
	14174
	14177
	14180
	14183
	14186
	14189
	14192
	14195
	14198
	14201
	14204
	14207
	14210
	14213
	14216
	14219
	14222
	14225
	14228
	14231
	14234
	14237
	14240
	14243
	14246
	14249
	14252
	14255
	14258
	14261
	14264
	14267
	14270
	14273
	14276
	14279
	14282
	14285
	14288
	14291
	14294
	14297
	14300
	14303
	14306
	14309
	14312
	14315
	14318
	14321
	14324
	14327
	14330
	14333
	14336
	14339
	14342
	14345
	14348
	14351
	14354
	14357
	14360
	14363
	14366
	14369
	14372
	14375
	14378
	14381
	14384
	14387
	14390
	14393
	14396
	14399
	14402
	14404
	14406
	14408
	14410
	14412
	14414
	14416
	14418
	14420
	14422
	14424
	14426
	14428
	14430
	14432
	14434
	14436
	14438
	14440
	14442
	14444
	14446
	14448
	14450
	14452
	14454
	14456
	14458
	14460
	14462
	14464
	14466
	14468
	14470
	14472
	14474
	14476
	14478
	14480
	14482
	14484
	14486
	14488
	14490
	14492
	14494
	14496
	14498
	14500
	14502
	14504
	14506
	14508
	14510
	14512
	14514
	14516
	14518
	14520
	14522
	14524
	14526
	14528
	14530
	14532
	14534
	14536
	14538
	14540
	14542
	14544
	14546
	14549
	14552
	14555
	14558
	14561
	14564
	14567
	14570
	14573
	14576
	14579
	14582
	14585
	14588
	14591
	14594
	14597
	14600
	14603
	14606
	14609
	14612
	14615
	14618
	14621
	14624
	14627
	14630
	14633
	14636
	14639
	14642
	14645
	14648
	14651
	14654
	14657
	14660
	14663
	14666
	14669
	14672
	14675
	14678
	14681
	14684
	14687
	14690
	14693
	14696
	14699
	14702
	14705
	14708
	14711
	14714
	14717
	14720
	14723
	14726
	14729
	14732
	14735
	14738
	14741
	14744
	14747
	14750
	14753
	14756
	14759
	14762
	14764
	14766
	14768
	14770
	14772
	14774
	14776
	14778
	14780
	14782
	14784
	14786
	14788
	14790
	14792
	14794
	14796
	14798
	14800
	14802
	14804
	14806
	14808
	14810
	14812
	14814
	14816
	14818
	14820
	14822
	14824
	14826
	14828
	14830
	14832
	14834
	14836
	14838
	14840
	14842
	14844
	14846
	14848
	14850
	14852
	14854
	14856
	14858
	14860
	14862
	14864
	14866
	14868
	14870
	14872
	14874
	14876
	14878
	14880
	14882
	14884
	14886
	14888
	14890
	14892
	14894
	14896
	14898
	14900
	14902
	14904
	14906
	14909
	14911
	14913
	14915
	14917
	14919
	14922
	14927
	14932
	14937
	14942
	14947
	14952
	14957
	14962
	14967
	14972
	14977
	14982
	14987
	14992
	14997
	15002
	15007
	15012
	15017
	15022
	15027
	15032
	15037
	15042
	15047
	15052
	15057
	15062
	15067
	15072
	15077
	15082
	15087
	15092
	15097
	15102
	15107
	15112
	15117
	15122
	15127
	15132
	15137
	15142
	15147
	15152
	15157
	15162
	15167
	15172
	15177
	15182
	15187
	15192
	15197
	15202
	15207
	15212
	15217
	15222
	15227
	15232
	15237
	15242
	15247
	15252
	15257
	15262
	15267
	15272
	15277
	15282
	15287
	15292
	15297
	15302
	15307
	15312
	15317
	15322
	15327
	15332
	15337
	15342
	15347
	15352
	15357
	15362
	15367
	15372
	15377
	15382
	15387
	15392
	15397
	15402
	15406
	15410
	15414
	15418
	15422
	15426
	15430
	15434
	15438
	15442
	15446
	15450
	15454
	15458
	15462
	15466
	15470
	15474
	15478
	15482
	15486
	15490
	15494
	15498
	15502
	15506
	15510
	15514
	15518
	15522
	15526
	15530
	15534
	15538
	15542
	15546
	15550
	15554
	15558
	15562
	15566
	15570
	15574
	15578
	15582
	15586
	15590
	15594
	15598
	15602
	15606
	15610
	15614
	15618
	15622
	15626
	15630
	15634
	15638
	15642
	15646
	15650
	15654
	15658
	15662
	15666
	15670
	15674
	15678
	15682
	15686
	15690
	15695
	15700
	15705
	15710
	15715
	15720
	15725
	15730
	15735
	15740
	15745
	15750
	15755
	15760
	15765
	15770
	15775
	15780
	15785
	15790
	15795
	15800
	15805
	15810
	15813
	15816
	15819
	15822
	15825
	15828
	15831
	15834
	15837
	15840
	15843
	15846
	15849
	15852
	15855
	15858
	15861
	15864
	15867
	15870
	15873
	15876
	15879
	15882
	15885
	15888
	15891
	15894
	15897
	15900
	15903
	15906
	15909
	15912
	15915
	15918
	15921
	15924
	15927
	15930
	15933
	15936
	15939
	15942
	15945
	15948
	15951
	15954
	15957
	15960
	15963
	15966
	15969
	15972
	15975
	15978
	15981
	15984
	15987
	15990
	15993
	15996
	15999
	16002
	16005
	16008
	16011
	16014
	16017
	16020
	16023
	16026
	16031
	16036
	16041
	16046
	16052
	16057
	16062
	16067
	16072
	16078
	16083
	16088
	16093
	16098
	16104
	16109
	16114
	16119
	16124
	16130
	16135
	16140
	16145
	16150
	16156
	16161
	16166
	16171
	16176
	16182
	16187
	16192
	16197
	16202
	16208
	16213
	16218
	16223
	16228
	16234
	16239
	16244
	16249
	16254
	16260
	16265
	16270
	16275
	16280
	16286
	16291
	16296
	16301
	16306
	16312
	16317
	16322
	16327
	16332
	16338
	16343
	16348
	16353
	16358
	16364
	16369
	16374
	16379
	16384
	16390
	16395
	16400
	16405
	16410
	16416
	16421
	16426
	16431
	16436
	16442
	16447
	16452
	16457
	16462
	16468
	16473
	16478
	16483
	16488
	16494
	16499
	16504
	16509
	16514
	16520
	16525
	16530
	16535
	16540
	16546
	16551
	16556
	16561
	16566
	16572
	16577
	16582
	16587
	16592
	16598
	16603
	16608
	16613
	16618
	16624
	16629
	16634
	16639
	16644
	16649
	16652
	16655
	16658
	16661
	16664
	16667
	16670
	16673
	16676
	16679
	16682
	16685
	16688
	16691
	16694
	16697
	16700
	16703
	16706
	16709
	16712
	16715
	16718
	16721
	16724
	16727
	16730
	16733
	16736
	16739
	16742
	16745
	16748
	16751
	16754
	16757
	16760
	16763
	16766
	16769
	16772
	16775
	16778
	16781
	16784
	16787
	16790
	16793
	16796
	16799
	16802
	16805
	16808
	16811
	16814
	16817
	16820
	16823
	16826
	16829
	16832
	16835
	16838
	16841
	16844
	16847
	16850
	16853
	16856
	16859
	16862
	16865
	16868
	16871
	16874
	16877
	16880
	16883
	16886
	16889
	16892
	16895
	16898
	16901
	16904
	16907
	16910
	16913
	16916
	16919
	16922
	16925
	16928
	16931
	16934
	16937
	16940
	16943
	16946
	16949
	16952
	16955
	16958
	16961
	16964
	16967
	16970
	16973
	16976
	16979
	16982
	16985
	16988
	16991
	16994
	16997
	17000
	17003
	17006
	17009
	17012
	17015
	17018
	17021
	17024
	17027
	17030
	17033
	17036
	17039
	17042
	17045
	17048
	17051
	17054
	17057
	17060
	17063
	17066
	17069
	17072
	17075
	17078
	17081
	17086
	17091
	17096
	17101
	17106
	17111
	17116
	17121
	17126
	17131
	17136
	17141
	17146
	17151
	17156
	17161
	17166
	17171
	17176
	17181
	17186
	17191
	17196
	17201
	17204
	17207
	17210
	17213
	17216
	17219
	17222
	17225
	17228
	17231
	17234
	17237
	17240
	17243
	17246
	17249
	17252
	17255
	17258
	17261
	17264
	17267
	17270
	17273
	17276
	17279
	17282
	17285
	17288
	17291
	17294
	17297
	17300
	17303
	17306
	17309
	17312
	17315
	17318
	17321
	17324
	17327
	17330
	17333
	17336
	17339
	17342
	17345
	17348
	17351
	17354
	17357
	17360
	17363
	17366
	17369
	17372
	17375
	17378
	17381
	17384
	17387
	17390
	17393
	17396
	17399
	17402
	17405
	17408
	17411
	17414
	17417
	17422
	17427
	17432
	17437
	17442
	17447
	17452
	17457
	17462
	17467
	17472
	17477
	17482
	17487
	17492
	17497
	17502
	17507
	17512
	17517
	17522
	17527
	17532
	17537
	17540
	17543
	17546
	17549
	17552
	17555
	17558
	17561
	17564
	17567
	17570
	17573
	17576
	17579
	17582
	17585
	17588
	17591
	17594
	17597
	17600
	17603
	17606
	17609
	17612
	17615
	17618
	17621
	17624
	17627
	17630
	17633
	17636
	17639
	17642
	17645
	17648
	17651
	17654
	17657
	17660
	17663
	17666
	17669
	17672
	17675
	17678
	17681
	17684
	17687
	17690
	17693
	17696
	17699
	17702
	17705
	17708
	17711
	17714
	17717
	17720
	17723
	17726
	17729
	17732
	17735
	17738
	17741
	17744
	17747
	17750
	17753
	17758
	17763
	17768
	17774
	17779
	17784
	17789
	17795
	17800
	17805
	17810
	17816
	17821
	17826
	17831
	17837
	17842
	17847
	17852
	17858
	17863
	17868
	17873
	17879
	17884
	17889
	17894
	17900
	17905
	17910
	17915
	17921
	17926
	17931
	17936
	17942
	17947
	17952
	17957
	17963
	17968
	17973
	17978
	17984
	17989
	17994
	17999
	18005
	18010
	18015
	18020
	18026
	18031
	18036
	18041
	18047
	18052
	18057
	18062
	18068
	18073
	18078
	18083
	18089
	18094
	18099
	18104
	18110
	18115
	18120
	18125
	18131
	18136
	18141
	18146
	18152
	18157
	18162
	18167
	18173
	18178
	18183
	18188
	18194
	18199
	18204
	18209
	18215
	18220
	18225
	18230
	18236
	18241
	18246
	18251
	18256
	18259
	18262
	18265
	18268
	18271
	18274
	18277
	18280
	18283
	18286
	18289
	18292
	18295
	18298
	18301
	18304
	18307
	18310
	18313
	18316
	18319
	18322
	18325
	18328
	18331
	18334
	18337
	18340
	18343
	18346
	18349
	18352
	18355
	18358
	18361
	18364
	18367
	18370
	18373
	18376
	18379
	18382
	18385
	18388
	18391
	18394
	18397
	18400
	18403
	18406
	18409
	18412
	18415
	18418
	18421
	18424
	18427
	18430
	18433
	18436
	18439
	18442
	18445
	18448
	18451
	18454
	18457
	18460
	18463
	18466
	18469
	18472
	18475
	18478
	18481
	18484
	18487
	18490
	18493
	18496
	18499
	18502
	18505
	18508
	18511
	18514
	18517
	18520
	18523
	18526
	18529
	18532
	18535
	18538
	18541
	18544
	18547
	18550
	18553
	18556
	18559
	18562
	18565
	18568
	18571
	18574
	18577
	18580
	18583
	18586
	18589
	18592
	18595
	18598
	18601
	18604
	18607
	18610
	18613
	18616
	18619
	18622
	18625
	18628
	18631
	18634
	18637
	18640
	18643
	18646
	18649
	18652
	18655
	18658
	18661
	18664
	18667
	18670
	18673
	18676
	18679
	18682
	18685
	18688
	18691
	18694
	18697
	18700
	18703
	18706
	18709
	18712
	18715
	18718
	18721
	18724
	18727
	18730
	18733
	18736
	18739
	18742
	18745
	18748
	18751
	18754
	18757
	18760
	18763
	18766
	18769
	18772
	18775
	18778
	18781
	18784
	18787
	18790
	18793
	18796
	18799
	18802
	18805
	18808
	18811
	18814
	18817
	18820
	18823
	18826
	18829
	18832
	18835
	18838
	18841
	18844
	18847
	18850
	18853
	18856
	18859
	18862
	18865
	18868
	18871
	18874
	18877
	18880
	18883
	18886
	18889
	18892
	18895
	18898
	18901
	18904
	18905
	18906
	18907
	18908
	18909
	18910
	18911
	18912
	18913
	18914
	18915
	18916
	18917
	18918
	18919
	18920
	18921
	18922
	18923
	18924
	18925
	18926
	18927
	18928
	18929
	18930
	18931
	18932
	18933
	18934
	18935
	18936
	18937
	18938
	18939
	18940
	18941
	18942
	18943
	18944
	18945
	18946
	18947
	18948
	18949
	18950
	18951
	18952
	18953
	18954
	18955
	18956
	18957
	18958
	18959
	18960
	18961
	18962
	18963
	18964
	18965
	18966
	18967
	18968
	18969
	18970
	18971
	18972
	18973
	18974
	18975
	18976
	18977
	18978
	18979
	18980
	18981
	18982
	18983
	18984
	18985
	18986
	18987
	18988
	18989
	18990
	18991
	18992
	18993
	18994
	18995
	18996
	18997
	18998
	18999
	19000
	19001
	19002
	19003
	19004
	19005
	19006
	19007
	19008
	19009
	19010
	19011
	19012
	19013
	19014
	19015
	19016
	19017
	19018
	19019
	19020
	19021
	19022
	19023
	19024
	19025
	19026
	19027
	19028
	19029
	19030
	19031
	19032
	19033
	19034
	19035
	19036
	19037
	19038
	19039
	19040
	19041
	19042
	19043
	19044
	19045
	19046
	19047
	19048
	19049
	19050
	19051
	19052
	19053
	19054
	19055
	19056
	19057
	19058
	19059
	19060
	19061
	19062
	19063
	19064
	19065
	19066
	19067
	19068
	19069
	19070
	19071
	19072
	19073
	19074
	19075
	19076
	19077
	19078
	19079
	19080
	19081
	19082
	19083
	19084
	19085
	19086
	19087
	19088
	19089
	19090
	19091
	19092
	19093
	19094
	19095
	19096
	19097
	19098
	19099
	19100
	19101
	19102
	19103
	19104
	19105
	19106
	19107
	19108
	19109
	19110
	19111
	19112
	19113
	19114
	19115
	19116
	19117
	19118
	19119
	19120
	19121
	19122
	19123
	19124
	19125
	19126
	19127
	19128
	19129
	19130
	19131
	19132
	19133
	19134
	19135
	19136
	19137
	19138
	19139
	19140
	19141
	19142
	19143
	19144
	19145
	19146
	19147
	19148
	19149
	19150
	19151
	19152
	19153
	19154
	19155
	19156
	19157
	19158
	19159
	19160
	19161
	19162
	19163
	19164
	19165
	19166
	19167
	19168
	19169
	19170
	19171
	19172
	19173
	19174
	19175
	19176
	19177
	19178
	19179
	19180
	19181
	19182
	19183
	19184
	19185
	19186
	19187
	19188
	19189
	19190
	19191
	19192
	19193
	19194
	19195
	19196
	19197
	19198
	19199
	19200
	19201
	19202
	19203
	19204
	19205
	19206
	19207
	19208
	19209
	19210
	19211
	19212
	19213
	19214
	19215
	19216
	19217
	19218
	19219
	19220
	19221
	19222
	19223
	19224
	19225
	19226
	19227
	19228
	19229
	19230
	19231
	19232
	19233
	19234
	19235
	19236
	19237
	19238
	19239
	19240
	19241
	19242
	19243
	19244
	19245
	19246
	19247
	19248
	19249
	19250
	19251
	19252
	19253
	19254
	19255
	19256
	19257
	19258
	19259
	19260
	19261
	19262
	19263
	19264
	19265
	19266
	19267
	19268
	19269
	19270
	19271
	19272
	19273
	19274
	19275
	19276
	19277
	19278
	19279
	19280
	19281
	19282
	19283
	19284
	19285
	19286
	19287
	19288
	19289
	19290
	19291
	19292
	19293
	19294
	19295
	19296
	19297
	19298
	19299
	19300
	19301
	19302
	19303
	19304
	19305
	19306
	19307
	19308
	19309
	19310
	19311
	19312
	19313
	19314
	19315
	19316
	19317
	19318
	19319
	19320
	19321
	19322
	19323
	19324
	19325
	19326
	19327
	19328
	19329
	19330
	19331
	19332
	19333
	19334
	19335
	19336
	19337
	19338
	19339
	19340
	19341
	19342
	19343
	19344
	19345
	19346
	19347
	19348
	19349
	19350
	19351
	19352
	19353
	19354
	19355
	19356
	19357
	19358
	19359
	19360
	19361
	19362
	19363
	19364
	19365
	19366
	19367
	19368
	19369
	19370
	19371
	19372
	19373
	19374
	19375
	19376
	19377
	19378
	19379
	19380
	19381
	19382
	19383
	19384
	19385
	19386
	19387
	19388
	19389
	19390
	19391
	19392
	19393
	19394
	19395
	19396
	19397
	19398
	19399
	19400
	19401
	19402
	19403
	19404
	19405
	19406
	19407
	19408
	19409
	19410
	19411
	19412
	19413
	19414
	19415
	19416
	19417
	19418
	19419
	19420
	19421
	19422
	19423
	19424
	19425
	19426
	19427
	19428
	19429
	19430
	19431
	19432
	19433
	19434
	19435
	19436
	19437
	19438
	19439
	19440
	19441
	19442
	19443
	19444
	19445
	19446
	19447
	19448
	19449
	19450
	19451
	19452
	19453
	19454
	19455
	19456
	19457
	19458
	19459
	19460
	19461
	19462
	19463
	19464
	19465
	19466
	19467
	19468
	19469
	19470
	19471
	19472
	19473
	19474
	19475
	19476
	19477
	19478
	19479
	19480
	19481
	19482
	19483
	19484
	19485
	19486
	19487
	19488
	19489
	19490
	19491
	19492
	19493
	19494
	19495
	19496
	19497
	19498
	19499
	19500
	19501
	19502
	19503
	19504
	19505
	19506
	19507
	19508
	19509
	19510
	19511
	19512
	19513
	19514
	19515
	19516
	19517
	19518
	19519
	19520
	19521
	19522
	19523
	19524
	19525
	19526
	19527
	19528
	19529
	19530
	19531
	19532
	19533
	19534
	19535
	19536
	19537
	19538
	19539
	19540
	19541
	19542
	19543
	19544
	19545
	19546
	19547
	19548
	19549
	19550
	19551
	19552
	19553
	19554
	19555
	19556
	19557
	19558
	19559
	19560
	19561
	19562
	19563
	19564
	19565
	19566
	19567
	19568
	19569
	19570
	19571
	19572
	19573
	19574
	19575
	19576
	19577
	19578
	19579
	19580
	19581
	19582
	19583
	19584
	19585
	19586
	19587
	19588
	19589
	19590
	19591
	19592
	19593
	19594
	19595
	19596
	19597
	19598
	19599
	19600
	19601
	19602
	19603
	19604
	19605
	19606
	19607
	19608
	19609
	19610
	19611
	19612
	19613
	19614
	19615
	19616
	19617
	19618
	19619
	19620
	19621
	19622
	19623
	19624
	19625
	19626
	19627
	19628
	19629
	19630
	19631
	19632
	19633
	19634
	19635
	19636
	19637
	19638
	19639
	19640
	19641
	19642
	19643
	19644
	19645
	19646
	19647
	19648
	19649
	19650
	19651
	19652
	19653
	19654
	19655
	19656
	19657
	19658
	19659
	19660
	19661
	19662
	19663
	19664
	19665
	19666
	19667
	19668
	19669
	19670
	19671
	19672
	19673
	19674
	19675
	19676
	19677
	19678
	19679
	19680
	19681
	19682
	19683
	19684
	19685
	19686
	19687
	19688
	19689
	19690
	19691
	19692
	19693
	19694
	19695
	19696
	19697
	19698
	19699
	19700
	19701
	19702
	19703
	19704
	19705
	19706
	19707
	19708
	19709
	19710
	19711
	19712
	19713
	19714
	19715
	19716
	19717
	19718
	19719
	19720
	19721
	19722
	19723
	19724
	19725
	19726
	19727
	19728
	19729
	19730
	19731
	19732
	19733
	19734
	19735
	19736
	19737
	19738
	19739
	19740
	19741
	19742
	19743
	19744
	19745
	19746
	19747
	19748
	19749
	19750
	19751
	19752
	19753
	19754
	19755
	19756
	19757
	19758
	19759
	19760
	19761
	19762
	19763
	19764
	19765
	19766
	19767
	19768
	19769
	19770
	19771
	19772
	19773
	19774
	19775
	19776
	19777
	19778
	19779
	19780
	19781
	19782
	19783
	19784
	19785
	19786
	19787
	19788
	19789
	19790
	19791
	19792
	19793
	19794
	19795
	19796
	19797
	19798
	19799
	19800
	19801
	19802
	19803
	19804
	19805
	19806
	19807
	19808
	19809
	19810
	19811
	19812
	19813
	19814
	19815
	19816
	19817
	19818
	19819
	19820
	19821
	19822
	19823
	19824
	19825
	19826
	19827
	19828
	19829
	19830
	19831
	19832
	19833
	19834
	19835
	19836
	19837
	19838
	19839
	19840
	19841
	19842
	19843
	19844
	19845
	19846
	19847
	19848
	19849
	19850
	19851
	19852
	19853
	19854
	19855
	19856
	19857
	19858
	19859
	19860
	19861
	19862
	19863
	19864
	19865
	19866
	19867
	19868
	19869
	19870
	19871
	19872
	19873
	19874
	19875
	19876
	19877
	19878
	19879
	19880
	19881
	19882
	19883
	19884
	19885
	19886
	19887
	19888
	19889
	19890
	19891
	19892
	19893
	19894
	19895
	19896
	19897
	19898
	19899
	19900
	19901
	19902
	19903
	19904
	19905
	19906
	19907
	19908
	19909
	19910
	19911
	19912
	19913
	19914
	19915
	19916
	19917
	19918
	19919
	19920
	19921
	19922
	19923
	19924
	19925
	19926
	19927
	19928
	19929
	19930
	19931
	19932
	19933
	19934
	19935
	19936
	19937
	19938
	19939
	19940
	19941
	19942
	19943
	19944
	19945
	19946
	19947
	19948
	19949
	19950
	19951
	19952
	19953
	19954
	19955
	19956
	19957
	19958
	19959
	19960
	19961
	19962
	19963
	19964
	19965
	19966
	19967
	19968
	19969
	19970
	19971
	19972
	19973
	19974
	19975
	19976
	19977
	19978
	19979
	19980
	19981
	19982
	19983
	19984
	19985
	19986
	19987
	19988
	19989
	19990
	19991
	19992
	19993
	19994
	19995
	19996
	19997
	19998
	19999
	20000
	20001
	20002
	20003
	20004
	20005
	20006
	20007
	20008
	20009
	20010
	20011
	20012
	20013
	20014
	20015
	20016
	20017
	20018
	20019
	20020
	20021
	20022
	20023
	20024
	20025
	20026
	20027
	20028
	20029
	20030
	20031
	20032
	20033
	20034
	20035
	20036
	20037
	20038
	20039
	20040
	20041
	20042
	20043
	20044
	20045
	20046
	20047
	20048
	20049
	20050
	20051
	20052
	20053
	20054
	20055
	20056
	20057
	20058
	20059
	20060
	20061
	20062
	20063
	20064
	20065
	20066
	20067
	20068
	20069
	20070
	20071
	20072
	20073
	20074
	20075
	20076
	20077
	20078
	20079
	20080
	20081
	20082
	20083
	20084
	20085
	20086
	20087
	20088
	20089
	20090
	20091
	20092
	20093
	20094
	20095
	20096
	20097
	20098
	20099
	20100
	20101
	20102
	20103
	20104
	20105
	20106
	20107
	20108
	20109
	20110
	20111
	20112
	20113
	20114
	20115
	20116
	20117
	20118
	20119
	20120
	20121
	20122
	20123
	20124
	20125
	20126
	20127
	20128
	20129
	20130
	20131
	20132
	20133
	20134
	20135
	20136
	20137
	20138
	20139
	20140
	20141
	20142
	20143
	20144
	20145
	20146
	20147
	20148
	20149
	20150
	20151
	20152
	20153
	20154
	20155
	20156
	20157
	20158
	20159
	20160
	20161
	20162
	20163
	20164
	20165
	20166
	20167
	20168
	20169
	20170
	20171
	20172
	20173
	20174
	20175
	20176
	20177
	20178
	20179
	20180
	20181
	20182
	20183
	20184
	20185
	20186
	20187
	20188
	20189
	20190
	20191
	20192
	20193
	20194
	20195
	20196
	20197
	20198
	20199
	20200
	20201
	20202
	20203
	20204
	20205
	20206
	20207
	20208
	20209
	20210
	20211
	20212
	20213
	20214
	20215
	20216
	20217
	20218
	20219
	20220
	20221
	20222
	20223
	20224
	20225
	20226
	20227
	20228
	20229
	20230
	20231
	20232
	20233
	20234
	20235
	20236
	20237
	20238
	20239
	20240
	20241
	20242
	20243
	20244
	20245
	20246
	20247
	20248
	20249
	20250
	20251
	20252
	20253
	20254
	20255
	20256
	20257
	20258
	20259
	20260
	20261
	20262
	20263
	20264
	20265
	20266
	20267
	20268
	20269
	20270
	20271
	20272
	20273
	20274
	20275
	20276
	20277
	20278
	20279
	20280
	20281
	20282
	20283
	20284
	20285
	20286
	20287
	20288
	20289
	20290
	20291
	20292
	20293
	20294
	20295
	20296
	20297
	20298
	20299
	20300
	20301
	20302
	20303
	20304
	20305
	20306
	20307
	20308
	20309
	20310
	20311
	20312
	20313
	20314
	20315
	20316
	20317
	20318
	20319
	20320
	20321
	20322
	20323
	20324
	20325
	20326
	20327
	20328
	20329
	20330
	20331
	20332
	20333
	20334
	20335
	20336
	20337
	20338
	20339
	20340
	20341
	20342
	20343
	20344
	20345
	20346
	20347
	20348
	20349
	20350
	20351
	20352
	20353
	20354
	20355
	20356
	20357
	20358
	20359
	20360
	20361
	20362
	20363
	20364
	20365
	20366
	20367
	20368
	20369
	20370
	20371
	20372
	20373
	20374
	20375
	20376
	20377
	20378
	20379
	20380
	20381
	20382
	20383
	20384
	20385
	20386
	20387
	20388
	20389
	20390
	20391
	20392
	20393
	20394
	20395
	20396
	20397
	20398
	20399
	20400
	20401
	20402
	20403
	20404
	20405
	20406
	20407
	20408
	20409
	20410
	20411
	20412
	20413
	20414
	20415
	20416
	20417
	20418
	20419
	20420
	20421
	20422
	20423
	20424
	20425
	20426
	20427
	20428
	20429
	20430
	20431
	20432
	20433
	20434
	20435
	20436
	20437
	20438
	20439
	20440
	20441
	20442
	20443
	20444
	20445
	20446
	20447
	20448
	20449
	20450
	20451
	20452
	20453
	20454
	20455
	20456
	20457
	20458
	20459
	20460
	20461
	20462
	20463
	20464
	20465
	20466
	20467
	20468
	20469
	20470
	20471
	20472
	20473
	20474
	20475
	20476
	20477
	20478
	20479
	20480
	20481
	20482
	20483
	20484
	20485
	20486
	20487
	20488
	20489
	20490
	20491
	20492
	20493
	20494
	20495
	20496
	20497
	20498
	20499
	20500
	20501
	20502
	20503
	20504
	20505
	20506
	20507
	20508
	20509
	20510
	20511
	20512
	20513
	20514
	20515
	20516
	20517
	20518
	20519
	20520
	20521
	20522
	20523
	20524
	20525
	20526
	20527
	20528
	20529
	20530
	20531
	20532
	20533
	20534
	20535
	20536
	20537
	20538
	20539
	20540
	20541
	20542
	20543
	20544
	20545
	20546
	20547
	20548
	20549
	20550
	20551
	20552
	20553
	20554
	20555
	20556
	20557
	20558
	20559
	20560
	20561
	20562
	20563
	20564
	20565
	20566
	20567
	20568
	20569
	20570
	20571
	20572
	20573
	20574
	20575
	20576
	20577
	20578
	20579
	20580
	20581
	20582
	20583
	20584
	20585
	20586
	20587
	20588
	20589
	20590
	20591
	20592
	20593
	20594
	20595
	20596
	20597
	20598
	20599
	20600
	20601
	20602
	20603
	20604
	20605
	20606
	20607
	20608
	20609
	20610
	20611
	20612
	20613
	20614
	20615
	20616
	20617
	20618
	20619
	20620
	20621
	20622
	20623
	20624
	20625
	20626
	20627
	20628
	20629
	20630
	20631
	20632
	20633
	20634
	20635
	20636
	20637
	20638
	20639
	20640
	20641
	20642
	20643
	20644
	20645
	20646
	20647
	20648
	20649
	20650
	20651
	20652
	20653
	20654
	20655
	20656
	20657
	20658
	20659
	20660
	20661
	20662
	20663
	20664
	20665
	20666
	20667
	20668
	20669
	20670
	20671
	20672
	20673
	20674
	20675
	20676
	20677
	20678
	20679
	20680
	20681
	20682
	20683
	20684
	20685
	20686
	20687
	20688
	20689
	20690
	20691
	20692
	20693
	20694
	20695
	20696
	20697
	20698
	20699
	20700
	20701
	20702
	20703
	20704
	20705
	20706
	20707
	20708
	20709
	20710
	20711
	20712
	20713
	20714
	20715
	20716
	20717
	20718
	20719
	20720
	20721
	20722
	20723
	20724
	20725
	20726
	20727
	20728
	20729
	20730
	20731
	20732
	20733
	20734
	20735
	20736
	20737
	20738
	20739
	20740
	20741
	20742
	20743
	20744
	20745
	20746
	20747
	20748
	20749
	20750
	20751
	20752
	20753
	20754
	20755
	20756
	20757
	20758
	20759
	20760
	20761
	20762
	20763
	20764
	20765
	20766
	20767
	20768
	20769
	20770
	20771
	20772
	20773
	20774
	20775
	20776
	20777
	20778
	20779
	20780
	20781
	20782
	20783
	20784
	20785
	20786
	20787
	20788
	20789
	20790
	20791
	20792
	20793
	20794
	20795
	20796
	20797
	20798
	20799
	20800
	20801
	20802
	20803
	20804
	20805
	20806
	20807
	20808
	20809
	20810
	20811
	20812
	20813
	20814
	20815
	20816
	20817
	20818
	20819
	20820
	20821
	20822
	20823
	20824
	20825
	20826
	20827
	20828
	20829
	20830
	20831
	20832
	20833
	20834
	20835
	20836
	20837
	20838
	20839
	20840
	20841
	20842
	20843
	20844
	20845
	20846
	20847
	20848
	20849
	20850
	20851
	20852
	20853
	20854
	20855
	20856
	20857
	20858
	20859
	20860
	20861
	20862
	20863
	20864
	20865
	20866
	20867
	20868
	20869
	20870
	20871
	20872
	20873
	20874
	20875
	20876
	20877
	20878
	20879
	20880
	20881
	20882
	20883
	20884
	20885
	20886
	20887
	20888
	20889
	20890
	20891
	20892
	20893
	20894
	20895
	20896
	20897
	20898
	20899
	20900
	20901
	20902
	20903
	20904
	20905
	20906
	20907
	20908
	20909
	20910
	20911
	20912
	20913
	20914
	20915
	20916
	20917
	20918
	20919
	20920
	20921
	20922
	20923
	20924
	20925
	20926
	20927
	20928
	20929
	20930
	20931
	20932
	20933
	20934
	20935
	20936
	20937
	20938
	20939
	20940
	20941
	20942
	20943
	20944
	20945
	20946
	20947
	20948
	20949
	20950
	20951
	20952
	20953
	20954
	20955
	20956
	20957
	20958
	20959
	20960
	20961
	20962
	20963
	20964
	20965
	20966
	20967
	20968
	20969
	20970
	20971
	20972
	20973
	20974
	20975
	20976
	20977
	20978
	20979
	20980
	20981
	20982
	20983
	20984
	20985
	20986
	20987
	20988
	20989
	20990
	20991
	20992
	20993
	20994
	20995
	20996
	20997
	20998
	20999
	21000
	21001
	21002
	21003
	21004
	21005
	21006
	21007
	21008
	21009
	21010
	21011
	21012
	21013
	21014
	21015
	21016
	21017
	21018
	21019
	21020
	21021
	21022
	21023
	21024
	21025
	21026
	21027
	21028
	21029
	21030
	21031
	21032
	21033
	21034
	21035
	21036
	21037
	21038
	21039
	21040
	21041
	21042
	21043
	21044
	21045
	21046
	21047
	21048
	21049
	21050
	21051
	21052
	21053
	21054
	21055
	21056
	21057
	21058
	21059
	21060
	21061
	21062
	21063
	21064
	21065
	21066
	21067
	21068
	21069
	21070
	21071
	21072
	21073
	21074
	21075
	21076
	21077
	21078
	21079
	21080
	21081
	21082
	21083
	21084
	21085
	21086
	21087
	21088
	21089
	21090
	21091
	21092
	21093
	21094
	21095
	21096
	21097
	21098
	21099
	21100
	21101
	21102
	21103
	21104
	21105
	21106
	21107
	21108
	21109
	21110
	21111
	21112
	21113
	21114
	21115
	21116
	21117
	21118
	21119
	21120
	21121
	21122
	21123
	21124
	21125
	21126
	21127
	21128
	21129
	21130
	21131
	21132
	21133
	21134
	21135
	21136
	21137
	21138
	21139
	21140
	21141
	21142
	21143
	21144
	21145
	21146
	21147
	21148
	21149
	21150
	21151
	21152
	21153
	21154
	21155
	21156
	21157
	21158
	21159
	21160
	21161
	21162
	21163
	21164
	21165
	21166
	21167
	21168
	21169
	21170
	21171
	21172
	21173
	21174
	21175
	21176
	21177
	21178
	21179
	21180
	21181
	21182
	21183
	21184
	21185
	21186
	21187
	21188
	21189
	21190
	21191
	21192
	21193
	21194
	21195
	21196
	21197
	21198
	21199
	21200
	21201
	21202
	21203
	21204
	21205
	21206
	21207
	21208
	21209
	21210
	21211
	21212
	21213
	21214
	21215
	21216
	21217
	21218
	21219
	21220
	21221
	21222
	21223
	21224
	21225
	21226
	21227
	21228
	21229
	21230
	21231
	21232
	21233
	21234
	21235
	21236
	21237
	21238
	21239
	21240
	21241
	21242
	21243
	21244
	21245
	21246
	21247
	21248
	21249
	21250
	21251
	21252
	21253
	21254
	21255
	21256
	21257
	21258
	21259
	21260
	21261
	21262
	21263
	21264
	21265
	21266
	21267
	21268
	21269
	21270
	21271
	21272
	21273
	21274
	21275
	21276
	21277
	21278
	21279
	21280
	21281
	21282
	21283
	21284
	21285
	21286
	21287
	21288
	21289
	21290
	21291
	21292
	21293
	21294
	21295
	21296
	21297
	21298
	21299
	21300
	21301
	21302
	21303
	21304
	21305
	21306
	21307
	21308
	21309
	21310
	21311
	21312
	21313
	21314
	21315
	21316
	21317
	21318
	21319
	21320
	21321
	21322
	21323
	21324
	21325
	21326
	21327
	21328
	21329
	21330
	21331
	21332
	21333
	21334
	21335
	21336
	21337
	21338
	21339
	21340
	21341
	21342
	21343
	21344
	21345
	21346
	21347
	21348
	21349
	21350
	21351
	21352
	21353
	21354
	21355
	21356
	21357
	21358
	21359
	21360
	21361
	21362
	21363
	21364
	21365
	21366
	21367
	21368
	21369
	21370
	21371
	21372
	21373
	21374
	21375
	21376
	21377
	21378
	21379
	21380
	21381
	21382
	21383
	21384
	21385
	21386
	21387
	21388
	21389
	21390
	21391
	21392
	21393
	21394
	21395
	21396
	21397
	21398
	21399
	21400
	21401
	21402
	21403
	21404
	21405
	21406
	21407
	21408
	21409
	21410
	21411
	21412
	21413
	21414
	21415
	21416
	21417
	21418
	21419
	21420
	21421
	21422
	21423
	21424
	21425
	21426
	21427
	21428
	21429
	21430
	21431
	21432
	21433
	21434
	21435
	21436
	21437
	21438
	21439
	21440
	21441
	21442
	21443
	21444
	21445
	21446
	21447
	21448
	21449
	21450
	21451
	21452
	21453
	21454
	21455
	21456
	21457
	21458
	21459
	21460
	21461
	21462
	21463
	21464
	21465
	21466
	21467
	21468
	21469
	21470
	21471
	21472
	21473
	21474
	21475
	21476
	21477
	21478
	21479
	21480
	21481
	21482
	21483
	21484
	21485
	21486
	21487
	21488
	21489
	21490
	21491
	21492
	21493
	21494
	21495
	21496
	21497
	21498
	21499
	21500
	21501
	21502
	21503
	21504
	21505
	21506
	21507
	21508
	21509
	21510
	21511
	21512
	21513
	21514
	21515
	21516
	21517
	21518
	21519
	21520
	21521
	21522
	21523
	21524
	21525
	21526
	21527
	21528
	21529
	21530
	21531
	21532
	21533
	21534
	21535
	21536
	21537
	21538
	21539
	21540
	21541
	21542
	21543
	21544
	21545
	21546
	21547
	21548
	21549
	21550
	21551
	21552
	21553
	21554
	21555
	21556
	21557
	21558
	21559
	21560
	21561
	21562
	21563
	21564
	21565
	21566
	21567
	21568
	21569
	21570
	21571
	21572
	21573
	21574
	21575
	21576
	21577
	21578
	21579
	21580
	21581
	21582
	21583
	21584
	21585
	21586
	21587
	21588
	21589
	21590
	21591
	21592
	21593
	21594
	21595
	21596
	21597
	21598
	21599
	21600
	21601
	21602
	21603
	21604
	21605
	21606
	21607
	21608
	21609
	21610
	21611
	21612
	21613
	21614
	21615
	21616
	21617
	21618
	21619
	21620
	21621
	21622
	21623
	21624
	21625
	21626
	21627
	21628
	21629
	21630
	21631
	21632
	21633
	21634
	21635
	21636
	21637
	21638
	21639
	21640
	21641
	21642
	21643
	21644
	21645
	21646
	21647
	21648
	21649
	21650
	21651
	21652
	21653
	21654
	21655
	21656
	21657
	21658
	21659
	21660
	21661
	21662
	21663
	21664
	21665
	21666
	21667
	21668
	21669
	21670
	21671
	21672
	21673
	21674
	21675
	21676
	21677
	21678
	21679
	21680
	21681
	21682
	21683
	21684
	21685
	21686
	21687
	21688
	21689
	21690
	21691
	21692
	21693
	21694
	21695
	21696
	21697
	21698
	21699
	21700
	21701
	21702
	21703
	21704
	21705
	21706
	21707
	21708
	21709
	21710
	21711
	21712
	21713
	21714
	21715
	21716
	21717
	21718
	21719
	21720
	21721
	21722
	21723
	21724
	21725
	21726
	21727
	21728
	21729
	21730
	21731
	21732
	21733
	21734
	21735
	21736
	21737
	21738
	21739
	21740
	21741
	21742
	21743
	21744
	21745
	21746
	21747
	21748
	21749
	21750
	21751
	21752
	21753
	21754
	21755
	21756
	21757
	21758
	21759
	21760
	21761
	21762
	21763
	21764
	21765
	21766
	21767
	21768
	21769
	21770
	21771
	21772
	21773
	21774
	21775
	21776
	21777
	21778
	21779
	21780
	21781
	21782
	21783
	21784
	21785
	21786
	21787
	21788
	21789
	21790
	21791
	21792
	21793
	21794
	21795
	21796
	21797
	21798
	21799
	21800
	21801
	21802
	21803
	21804
	21805
	21806
	21807
	21808
	21809
	21810
	21811
	21812
	21813
	21814
	21815
	21816
	21817
	21818
	21819
	21820
	21821
	21822
	21823
	21824
	21825
	21826
	21827
	21828
	21829
	21830
	21831
	21832
	21833
	21834
	21835
	21836
	21837
	21838
	21839
	21840
	21841
	21842
	21843
	21844
	21845
	21846
	21847
	21848
	21849
	21850
	21851
	21852
	21853
	21854
	21855
	21856
	21857
	21858
	21859
	21860
	21861
	21862
	21863
	21864
	21865
	21866
	21867
	21868
	21869
	21870
	21871
	21872
	21873
	21874
	21875
	21876
	21877
	21878
	21879
	21880
	21881
	21882
	21883
	21884
	21885
	21886
	21887
	21888
	21889
	21890
	21891
	21892
	21893
	21894
	21895
	21896
	21897
	21898
	21899
	21900
	21901
	21902
	21903
	21904
	21905
	21906
	21907
	21908
	21909
	21910
	21911
	21912
	21913
	21914
	21915
