5.249163
2.931146
6.379690
3.230909
2.966547
2.703542
2.734634
2.810434
2.910417
3.029108
3.168347
3.325238
3.387085
3.480174
3.571194
3.655838
3.745797
3.789525
3.833831
3.920928
3.967639
3.898773
3.887610
4.075590
5.055370
5.266172
5.418487
3.924838
2.843878
2.734042
2.614177
2.528939
2.450332
2.369973
2.284652
2.196020
2.116848
2.053717
1.942679
1.867016
1.769019
1.648521
1.540778
1.458639
1.349501
1.289665
1.246820
2.863031
0.531737
0.276747
0.835320
3.854969
3.686202
4.291269
3.517488
4.119913
3.701156
3.176565
3.923712
3.406036
3.108062
3.781228
3.334161
3.021307
3.632303
3.239280
2.919021
3.473133
3.126987
2.805461
3.302859
3.001089
2.683773
3.121102
2.864874
2.556503
2.927833
2.722122
2.424160
2.719678
2.576466
2.299564
2.491455
2.436723
2.064209
2.208031
2.295418
1.791256
1.878971
2.213010
1.456038
1.512626
2.287633
0.995414
1.041241
1.760171
0.491577
0.536517
1.118775
-0.003328
0.047001
0.593716
-0.488058
-0.430924
0.106553
-0.951300
-0.867959
-0.309510
-1.394473
-1.275785
-0.708934
-1.691066
-1.435182
-0.793770
-2.051283
-1.640491
-0.835059
-2.055474
-1.247276
-0.234439
-1.706024
-1.007590
-0.893376
-0.053264
0.524123
1.313042
1.136022
1.109874
1.381000
1.475887
1.384366
1.656307
1.817304
1.768767
2.059074
2.143615
2.099097
2.409122
2.433962
2.389086
2.723080
2.698462
2.651578
3.014489
2.948706
2.896198
3.292774
3.193915
3.128276
3.563160
3.443995
3.348476
3.828323
3.770100
3.559762
4.094158
3.818301
3.724557
4.341255
3.939710
3.874939
4.666405
4.026144
3.985550
4.858044
4.086592
4.070905
4.947099
4.137024
4.147542
5.064510
4.182423
4.222770
5.231088
4.217997
4.296657
5.267915
4.242816
4.378304
5.172849
4.259227
4.441065
5.112860
4.229501
4.483936
5.048879
4.081065
4.171029
4.643970
3.257767
3.111629
3.395211
1.345016
-0.536794
-0.032983
2.574031
3.055637
3.310233
4.279961
2.900611
2.965923
3.368865
2.949439
3.056142
3.462415
3.075263
3.184501
3.486896
3.139103
3.259970
3.470860
3.170334
3.311999
3.435849
3.187544
3.358188
3.397522
3.202184
3.407521
3.364644
3.219624
3.462963
3.356927
3.258866
3.542549
3.341538
3.296516
3.623075
3.362899
3.334341
3.706424
3.379073
3.375497
3.789184
3.395712
3.415138
3.897975
3.422025
3.462634
4.052251
3.449011
3.509700
4.253723
3.467330
3.546187
4.570004
3.496924
3.599566
4.749808
3.548021
3.673601
4.352245
3.580751
3.719207
4.263637
3.705005
4.002805
4.441658
3.970800
4.265611
4.796262
4.283402
4.575791
5.143241
4.452726
5.428961
5.272952
5.900184
5.754725
6.079125
5.516209
5.170272
5.345776
5.286910
4.872153
5.104205
5.168773
4.794889
5.073757
5.100319
4.735738
5.053772
5.057993
4.691331
5.048204
5.038327
4.658422
5.056291
5.041136
4.633725
5.076767
5.071883
4.614819
5.109991
5.157817
4.600583
5.159235
5.543795
4.597176
5.238844
5.079647
4.561559
5.334313
4.946991
4.539472
5.681828
4.828314
4.494102
5.439064
4.722003
4.449106
5.345062
4.622136
4.409178
5.390946
4.514722
4.371569
5.327406
4.401254
4.345836
5.007902
4.283379
4.369692
4.940962
4.137687
4.332567
4.763552
3.953009
4.193472
4.557805
3.914461
4.233793
4.671943
3.803657
4.292540
4.815367
4.039995
5.105334
5.176780
2.354509
2.773522
3.124712
2.521331
2.581087
2.794501
2.500109
2.487614
2.738414
2.557848
2.568014
2.850503
2.644985
2.660779
2.971961
2.751055
2.765719
3.105650
2.874833
2.879930
3.249157
3.013370
2.997072
3.396771
3.165284
3.109547
3.542846
3.345510
3.213044
3.689058
3.742980
3.331507
3.855672
3.460361
3.344353
3.961035
3.444816
3.403772
4.267021
3.389840
3.399050
4.134003
3.347356
3.399138
4.106500
3.320801
3.414517
4.183105
3.284370
3.427054
4.180984
3.229307
3.433554
3.995575
3.185735
3.489346
3.991391
3.107260
3.487009
3.896204
2.979663
3.388886
3.762452
2.993646
3.452379
3.871530
2.955509
3.530525
4.019784
3.181773
4.144484
4.349770
7.756998
8.186475
8.487832
7.989186
8.011190
8.203423
7.936152
7.877100
8.111144
7.952308
7.918422
8.178201
7.994047
7.967121
8.250346
8.051085
8.024598
8.332376
8.125146
8.091866
8.426192
8.218372
8.168564
8.532472
8.336713
8.254934
8.653346
8.503420
8.354004
8.796794
8.914993
8.492228
8.981109
8.660331
8.546739
9.122980
8.695333
8.663700
9.477074
8.705343
8.727826
9.386442
8.739193
8.806266
9.433168
8.795746
8.905969
9.594437
8.839800
8.999919
9.668230
8.859608
9.082679
9.549649
8.891723
9.216104
9.613530
8.890472
9.292061
9.586459
8.879477
9.301033
9.547453
9.026966
9.492936
9.767847
9.107125
9.684296
10.023628
9.408359
10.395496
10.605355
6.792514
7.074153
7.365614
6.826923
6.823392
7.029699
6.741335
6.669863
6.922334
6.751036
6.710033
6.989121
6.798129
6.767017
7.069188
6.867865
6.838975
7.164585
6.959333
6.924727
7.275260
7.072706
7.022192
7.400367
7.212330
7.130186
7.540781
7.400003
7.250401
7.703301
7.830838
7.407981
7.905058
7.591826
7.478187
8.061067
7.638675
7.607019
8.425850
7.656498
7.678970
8.342263
7.695109
7.762176
8.393281
7.754851
7.865071
8.557422
7.800889
7.961007
8.633004
7.821864
8.044935
8.515473
7.854439
8.178819
8.579768
7.853576
8.255165
8.553057
7.795389
8.217137
8.471827
7.875090
8.340121
8.629074
7.881705
8.450660
8.807583
8.138997
9.121844
9.331814
2.376685
1.923833
3.480889
3.052210
2.027791
2.071268
2.938707
2.682662
2.950216
2.977682
3.701017
3.590101
2.388886
2.496589
2.555938
2.916562
3.635243
1.708860
1.741529
2.659609
2.756544
1.739434
1.604521
3.465358
2.735847
2.692476
3.069263
2.808056
3.952255
1.593026
1.256353
2.637662
3.085836
1.783699
1.247673
3.400610
3.416609
2.603593
2.284816
2.719962
4.505446
1.820903
1.115415
2.554024
3.783008
2.080480
1.179655
3.332358
4.115194
2.690983
1.942085
2.642439
5.108320
2.077605
1.013589
2.482082
4.489700
2.399069
1.137334
3.271916
4.838759
2.851650
1.706956
2.576558
5.741362
2.368222
0.942081
2.421654
5.206087
2.748601
1.121804
3.220618
5.579993
3.057868
1.526000
2.520321
6.387120
2.684865
0.890511
2.369598
5.924306
3.121169
1.126113
3.175936
6.329669
3.290740
1.378032
2.469959
7.031767
3.015605
0.849453
2.321943
6.638711
3.503166
1.142770
3.134423
7.080880
3.532623
1.250694
2.422789
7.665903
3.349183
0.813121
2.276434
7.348950
3.879493
1.167736
3.094341
7.838695
3.782240
1.152872
2.391202
8.291491
3.692030
0.796705
2.246018
8.072635
4.250091
1.217942
3.069059
8.567951
3.987021
1.041936
2.359230
8.870608
4.008168
0.777514
2.215035
8.802696
4.572704
1.272469
3.043149
9.224427
4.184733
0.996625
2.329385
9.373393
4.283353
0.758771
2.186823
9.561903
4.834872
1.336048
3.019896
9.753425
4.313315
0.937812
2.305108
9.777649
4.503491
0.743048
2.163961
10.411894
5.031232
1.402228
3.001650
10.130427
4.385237
0.880125
2.283000
10.088213
4.658432
0.726795
2.142901
11.690806
5.218613
1.536623
2.982989
10.411326
4.425843
0.835710
2.271283
10.347682
4.768508
0.721935
2.131801
11.801780
5.394533
1.714899
2.977196
10.647560
4.441366
0.795843
2.261692
10.582134
4.843555
0.720536
2.122701
11.688309
5.589908
1.990509
2.974255
10.867388
4.433649
0.750843
2.246713
10.807463
4.889392
0.711035
2.108616
11.813822
5.848150
2.642565
2.959148
11.100227
4.431565
0.725097
2.238216
11.049115
4.976127
0.739190
2.101142
12.028051
6.621224
2.194382
2.957689
11.367808
4.445838
0.725175
2.246723
11.335326
5.119702
0.825343
2.115853
12.320394
6.296346
1.756517
2.984149
11.659761
4.433963
0.706560
2.246562
11.659005
5.244848
0.892506
2.124399
12.660153
5.949962
1.641931
2.991683
12.013163
4.369530
0.615247
2.282156
12.101321
5.267008
0.739490
2.208510
13.167879
5.568292
1.357780
3.113070
12.343117
4.323724
0.630240
2.174743
12.647801
5.202858
0.671305
2.263863
13.887755
5.660248
1.414844
3.296429
12.885005
4.357353
0.917969
1.940884
13.980541
5.169308
0.805926
2.326296
15.575219
5.640334
1.582617
3.570658
13.836008
4.608451
1.117127
2.370891
14.646157
5.198801
1.387079
4.723255
14.457138
5.036952
1.243680
5.067295
2.527711
5.464384
5.927498
1.204194
2.005132
4.906441
4.675986
0.581459
3.125119
5.888786
5.416364
1.701095
2.382920
5.209495
4.335175
0.805525
3.384279
4.614409
3.943738
0.415375
2.672176
4.576502
3.615638
0.991975
2.655837
5.127070
4.253686
0.471316
3.928457
4.501853
3.682852
0.504985
3.061194
4.566117
3.244679
0.841928
3.361089
5.060721
3.694130
0.312189
4.532870
4.680793
3.528761
0.359882
3.809108
4.813160
3.136271
0.728833
4.109067
5.148681
3.417942
0.171288
5.198673
4.898071
3.415995
0.219603
4.580777
5.090987
3.063931
0.615546
4.896610
5.307610
3.225859
0.041285
5.906046
5.155617
3.337953
0.088356
5.373198
5.404813
3.023297
0.507604
5.712108
5.513473
3.079515
-0.080292
6.634821
5.443552
3.283403
-0.036339
6.175970
5.746023
3.005126
0.404717
6.543718
5.749413
2.960824
-0.196057
7.369306
5.749458
3.242333
-0.157468
6.981840
6.102496
3.001071
0.305692
7.382578
5.999470
2.857075
-0.307586
8.099150
6.061774
3.208150
-0.275837
7.789018
6.461526
3.005682
0.210841
8.221431
6.247616
2.756581
-0.412950
8.815109
6.370773
3.178963
-0.388249
8.602226
6.810822
3.017683
0.124295
9.042363
6.455928
2.600899
-0.512141
9.497144
6.664331
3.153329
-0.492812
9.428432
7.135977
3.035281
0.048949
9.801367
6.701490
2.630224
-0.604351
10.115274
6.914499
3.120865
-0.592191
10.283518
7.411354
3.045787
-0.017032
10.454794
6.880286
2.595321
-0.684619
10.652833
7.126744
3.094033
-0.677360
11.224110
7.636252
3.018768
-0.063811
10.979248
7.006135
2.549925
-0.756739
11.112111
7.287081
3.064983
-0.753857
12.539070
7.903785
3.150628
-0.088031
11.423506
7.096885
2.503164
-0.822761
11.530313
7.411150
3.039981
-0.824527
12.839007
8.121293
3.248944
-0.129169
11.832966
7.167046
2.459314
-0.882069
11.931979
7.516254
3.024689
-0.887214
12.946427
8.354189
3.368384
-0.157707
12.234151
7.223023
2.417897
-0.937000
12.335126
7.612984
3.011177
-0.940854
13.263612
8.678220
3.734177
-0.206229
12.641428
7.274632
2.384811
-0.989319
12.745995
7.740985
3.090890
-0.989818
13.667757
9.370404
3.602740
-0.230519
13.066837
7.324674
2.363192
-1.035528
13.203117
7.942864
3.396830
-0.996109
14.150747
9.200710
3.515241
-0.226811
13.519601
7.354931
2.338843
-1.083489
13.707541
8.110983
3.768013
-0.989125
14.660557
8.814661
3.751787
-0.260369
14.090131
7.443671
2.320911
-0.921036
14.455988
8.243293
3.042513
-0.675158
15.493950
8.756329
3.419377
0.106077
14.677925
7.681136
2.499882
-0.808631
15.233037
8.473969
3.080610
-0.396954
16.412378
9.119950
3.664293
0.527645
16.300375
8.767405
3.626660
0.311768
17.560554
9.570366
4.048998
0.998028
19.046929
10.301300
4.713583
2.117825
18.730819
10.421730
5.170525
2.475418
19.494054
11.253757
5.678885
4.426551
19.343545
11.202355
5.657107
4.711543
5.444618
5.081572
5.533623
5.409899
4.339655
4.284877
4.574347
3.883370
3.922390
4.302494
3.754652
3.872201
4.162110
3.684972
3.864715
4.083580
3.656216
3.892387
4.046904
3.655289
3.946344
4.041677
3.672445
4.019344
4.062076
3.700519
4.106504
4.112673
3.736083
4.207846
4.260011
3.770422
4.321760
4.128428
3.784059
4.445803
4.082860
3.783748
4.664723
4.019056
3.758569
4.755303
3.947203
3.725197
4.755937
3.872485
3.689726
4.809690
3.794455
3.654274
4.955481
3.722678
3.635940
4.928924
3.656668
3.644292
4.610867
3.582061
3.629072
4.419697
3.424760
3.589895
4.246059
3.375302
3.601730
4.379520
3.377285
3.764214
4.648669
3.708110
4.481893
4.424691
1.832450
1.759493
2.786241
1.891517
1.393374
1.856645
1.878040
1.219110
1.505833
1.836795
1.105231
1.464177
1.780456
0.984114
1.411334
1.731799
0.862993
1.362988
1.702529
0.742677
1.324162
1.704380
0.622593
1.298149
1.761688
0.502543
1.290383
1.955652
0.382203
1.310565
2.962324
0.259759
1.378367
1.655645
0.152781
1.571166
1.248592
0.043207
2.423809
0.965288
-0.051127
1.536588
0.720791
-0.140910
1.132461
0.488439
-0.216903
0.880419
0.249335
-0.264457
0.759089
0.002514
-0.212778
0.848894
-0.291848
0.134713
1.138497
-0.637152
0.307571
0.641138
-0.977306
-0.730927
0.061265
-1.304291
-1.112505
-0.160081
-1.636580
-1.275364
-0.028155
-1.205096
0.341920
-0.084033
5.888561
5.445229
6.396091
6.399602
5.411428
5.197400
5.675064
5.070644
4.955195
5.452870
5.015903
4.941901
5.283740
4.947151
4.916195
5.132460
4.876605
4.891937
4.990504
4.806569
4.872600
4.854821
4.737024
4.859205
4.722637
4.668198
4.853179
4.587478
4.600386
4.856340
4.402436
4.532970
4.870011
4.391782
4.481988
4.908350
4.324372
4.432144
4.930496
4.266665
4.398131
5.113951
4.209672
4.368182
5.341721
4.156021
4.346339
5.825133
4.107941
4.333863
5.845722
4.071549
4.377300
5.392572
4.031761
4.507782
5.161779
3.978662
4.692213
5.148775
3.970146
4.718097
5.033101
4.049562
4.874558
5.343403
4.097276
5.023132
5.468179
4.499279
4.968901
4.758303
1.663685
1.382071
2.370875
1.659125
1.520302
2.700646
1.651982
1.548212
2.709602
1.634910
1.460802
2.603024
1.573201
1.376024
2.501975
1.504268
1.295910
2.405273
1.433812
1.220685
2.311781
1.361647
1.149881
2.220324
1.285275
1.083302
2.129973
1.195596
1.020235
2.038396
1.016689
0.955614
1.937388
1.111033
0.919815
1.845525
1.103692
0.876707
1.670974
1.106510
0.853472
1.661529
1.104783
0.828069
1.629507
1.099996
0.799065
1.544479
1.099889
0.771480
1.463282
1.103557
0.734709
1.549339
1.103583
0.659902
1.584213
1.115727
0.601015
1.593026
1.189061
0.741333
1.775737
1.250661
0.992414
2.135898
1.242334
1.305503
2.669798
1.985345
3.911228
4.590329
8.654138
8.585463
8.585107
8.147332
8.718897
8.680726
8.506394
8.672908
8.577868
8.473019
8.602770
8.494447
8.430281
8.524819
8.405407
8.377708
8.445625
8.320469
8.330974
8.382795
8.257888
8.309469
8.352671
8.230605
8.323042
8.359028
8.237765
8.334914
8.359445
8.234659
8.390373
8.385895
8.253842
8.412887
8.419635
8.279319
8.451410
8.452810
8.314907
8.492102
8.487044
8.326491
8.516526
8.505128
8.299051
8.539715
8.522269
8.254663
8.575825
8.553522
8.175477
8.596878
8.567797
8.129868
8.578142
8.544307
8.289246
8.579783
8.544319
8.333968
8.889391
9.112808
9.036417
9.482676
9.632037
9.457546
9.289202
9.196560
8.857563
8.055440
6.807974
7.051023
9.937866
9.844581
9.842375
9.453176
9.999748
9.948721
9.837272
9.989347
9.876241
9.759004
9.870567
9.743340
9.655274
9.729156
9.590616
9.532922
9.580255
9.437445
9.414089
9.448184
9.308998
9.322970
9.353035
9.220956
9.272849
9.300339
9.172880
9.255073
9.274661
9.146376
9.280260
9.273105
9.139188
9.275781
9.281140
9.139865
9.291911
9.292609
9.154222
9.309413
9.304004
9.143210
9.321259
9.309688
9.103491
9.331986
9.314455
9.046790
9.345755
9.323410
8.945337
9.353315
9.324214
8.886271
9.349711
9.315866
9.060798
9.352533
9.317065
9.106711
9.711688
10.018050
9.970043
10.231440
10.464440
10.317731
9.996840
9.962028
9.637054
8.542530
7.339142
7.581335
9.586499
9.488538
9.491292
9.348314
9.421057
9.376557
9.328051
9.331087
9.256653
9.197305
9.178630
9.098508
9.042419
9.007019
8.923690
8.874240
8.832734
8.753039
8.714105
8.678260
8.609853
8.583972
8.561285
8.507640
8.495244
8.486165
8.445197
8.444318
8.444158
8.411042
8.424693
8.425014
8.395310
8.411668
8.418490
8.389562
8.410551
8.418060
8.391102
8.413497
8.420421
8.389332
8.417228
8.423109
8.380575
8.421553
8.426217
8.367593
8.426782
8.430364
8.343366
8.430998
8.433227
8.330932
8.433256
8.435098
8.379397
8.436842
8.439170
8.394658
8.777256
9.117797
9.204381
9.326564
9.658789
9.723552
9.370290
9.559757
9.538066
8.546131
8.420896
8.481570
5.267452
-2.715678
5.089667
4.808026
-2.124323
-2.513133
-1.580131
3.898578
-2.734890
-2.043440
3.499179
-2.637201
-2.219898
3.129103
-2.577931
-2.336677
2.804239
-2.537627
-2.431965
2.486242
-2.507502
-2.515769
2.148157
-2.482257
-2.590377
1.786637
-2.457889
-2.654258
1.406231
-2.431526
-2.674668
1.013770
-2.397223
-2.811292
0.607303
-2.352601
-2.907396
0.193218
-2.259246
-3.004975
-0.227781
-2.205690
-3.110661
-0.656896
-2.212899
-3.215681
-1.047418
-2.199313
-3.317188
-1.310445
-2.153893
-3.413123
-1.805536
-2.076585
-3.508068
-2.086397
-1.967873
-3.607548
-2.145030
-1.885964
-3.702473
3.947798
4.401269
-3.963390
4.220380
4.657907
-3.789652
4.540385
4.836799
4.399934
3.527210
3.757607
6.533740
-0.213887
6.385888
6.581986
0.710025
0.381783
1.179792
5.815611
0.200854
0.860272
5.550035
0.355278
0.774537
5.300391
0.468457
0.739351
5.089059
0.565711
0.725535
4.886735
0.657607
0.726921
4.672906
0.750923
0.740582
4.443724
0.848020
0.735814
4.170951
0.919220
0.768467
3.887711
0.996853
0.721884
3.614513
1.105017
0.693320
3.317465
1.237313
0.676340
3.027112
1.345169
0.652113
2.729316
1.404486
0.623081
2.458717
1.476810
0.595662
2.294657
1.573743
0.576789
1.937709
1.699655
0.509146
1.711926
1.803456
0.443178
1.679553
1.890931
-0.172844
6.302711
6.676548
6.374296
13.293846
13.646969
7.183473
14.212837
14.436097
13.093113
13.360884
13.355738
2.990612
3.373855
3.017811
2.845496
2.691662
2.517407
2.327666
2.126107
1.915951
1.698968
1.480673
1.219783
0.956394
0.717768
0.307293
-0.259776
-0.812313
-1.329273
-1.805364
-2.251806
-2.537404
-2.873969
-2.760221
-2.873228
4.397485
3.817492
5.106114
4.415719
3.919031
4.038859
3.707234
4.095351
3.752509
3.542874
3.944045
3.665880
3.391623
3.766369
3.543585
3.222698
3.567165
3.395442
3.037511
3.349363
3.229711
2.841706
3.116033
3.052967
2.641395
2.870767
2.870699
2.443453
2.614843
2.687245
2.290845
2.348000
2.509515
1.958322
2.048366
2.330608
1.655417
1.726219
2.213595
1.338480
1.393991
2.090747
0.918392
0.964562
1.680921
0.464980
0.508179
1.237114
0.024108
0.076999
0.864258
-0.405431
-0.347224
0.467136
-0.818857
-0.704542
0.044375
-1.224717
-1.038531
-0.366521
-1.547057
-0.949918
-0.265796
-2.118982
-1.580459
-0.912265
-2.039354
-1.621150
-1.048267
-1.804894
-3.645227
-2.943332
-0.064157
0.662185
0.928787
1.301395
1.656215
1.962738
2.236061
2.488804
2.729693
2.964677
3.218663
3.374757
3.570760
3.724778
3.806980
3.872256
3.957562
4.012712
4.004588
3.973551
3.941042
3.643079
2.577866
-0.606723
1.238918
1.207560
2.129667
1.654116
1.586893
2.016010
1.744084
1.682547
2.083833
1.892175
1.868414
2.294221
2.038440
2.022369
2.470219
2.160245
2.145303
2.615436
2.263199
2.245788
2.739926
2.355154
2.331352
2.852287
2.443370
2.407714
2.959342
2.537152
2.478820
3.067159
2.695265
2.558167
3.193777
2.636987
2.577454
3.280702
2.653237
2.613542
3.450967
2.636620
2.614355
3.526356
2.584595
2.580872
3.497238
2.530746
2.547630
3.484809
2.487573
2.528921
3.508566
2.421537
2.506429
3.476511
2.331417
2.514242
3.388127
2.241406
2.522942
3.280017
2.269040
2.459308
3.235597
1.854310
1.943394
2.702945
1.369855
1.322619
1.999996
-0.342676
-1.587026
-0.841847
1.246197
-0.921147
-1.320277
-0.611385
-0.106051
1.387161
-0.753390
-1.299502
-0.590609
-0.090470
1.267443
-0.763534
-1.313026
-0.604134
-0.100613
1.303340
-0.763740
-1.313302
-0.604409
-0.100820
1.371308
-0.764321
-1.314076
-0.605183
-0.101400
1.446032
-0.766174
-1.316547
-0.607654
-0.103253
1.527428
-0.768908
-1.320192
-0.611300
-0.105988
1.612305
-0.772050
-1.324381
-0.615489
-0.109130
1.696664
-0.775155
-1.328522
-0.619629
-0.112235
1.781934
-0.777466
-1.331602
-0.622710
-0.114545
1.924560
-0.773057
-1.325724
-0.616831
-0.110136
1.867826
-0.789657
-1.347857
-0.638964
-0.126736
1.926331
-0.793870
-1.353474
-0.644582
-0.130949
1.886766
-0.812935
-1.378895
-0.670002
-0.150014
1.804527
-0.830574
-1.402413
-0.693521
-0.167653
1.769623
-0.846213
-1.423265
-0.714373
-0.183293
1.734886
-0.858584
-1.439761
-0.730868
-0.195664
1.649561
-0.871196
-1.456576
-0.747684
-0.208276
1.579640
-0.885133
-1.475159
-0.766267
-0.222213
1.490313
-0.905172
-1.501877
-0.792985
-0.242251
1.328305
-0.966131
-1.583156
-0.874264
-0.303211
1.292106
-1.022640
-1.658501
-0.949609
-0.359720
1.310947
-1.088966
-1.746936
-1.038044
-0.426913
1.465405
-1.345984
-2.088470
-1.379578
-0.861599
2.243067
-0.094178
2.259793
-0.055720
3.229580
0.958555
2.386325
0.085843
2.054440
-0.101057
2.663259
0.577219
2.203105
0.085960
1.848171
-0.155459
2.452778
0.502347
2.112268
0.025727
1.795637
-0.157035
2.420515
0.515478
2.037872
-0.007119
1.725570
-0.171107
2.368624
0.516284
1.955382
-0.039427
1.639256
-0.193276
2.303072
0.510672
1.865031
-0.072754
1.540474
-0.221167
2.229380
0.501684
1.770492
-0.105176
1.431470
-0.253094
2.150305
0.491312
1.677363
-0.133483
1.312980
-0.287980
2.066927
0.480873
1.604032
-0.149297
1.187635
-0.325350
1.983240
0.471550
1.709294
-0.086612
1.085392
-0.366511
1.933722
0.464405
1.247322
-0.262316
0.857958
-0.414912
1.784717
0.463934
1.009536
-0.355485
0.684121
-0.470611
1.825367
0.528893
0.709248
-0.446634
0.428635
-0.534505
1.482396
0.428054
0.415729
-0.540385
0.174188
-0.603842
1.193806
0.348337
0.138849
-0.636147
-0.062940
-0.674118
0.962188
0.286091
-0.153985
-0.734443
-0.308438
-0.742508
0.779519
0.293181
-0.476938
-0.833474
-0.560184
-0.788804
0.617851
0.308080
-0.777893
-0.936732
-0.721286
-0.776173
0.319272
0.204811
-1.113478
-1.047596
-0.944570
-0.781555
-0.137809
0.039813
-1.489091
-1.169011
-1.408401
-1.046489
-0.605013
-0.192651
-1.772499
-1.298116
-1.811565
-1.310138
-1.017852
-0.482962
-1.905704
-1.303021
-2.141103
-1.524429
-1.419688
-0.787443
-2.117722
-1.573175
-3.482944
-2.862714
-2.675493
-1.993112
5.912756
6.607689
6.473216
6.484359
6.520813
6.560048
6.605710
6.660233
6.727123
6.815072
6.980029
6.986945
7.116765
7.175431
7.200570
7.284807
7.365501
7.386672
7.423500
7.451305
7.513882
7.726053
7.976789
8.300507
5.414879
5.517441
6.546090
5.892532
5.592966
6.180971
5.705775
5.473168
6.068885
5.652104
5.479585
6.087008
5.612075
5.464333
6.084042
5.563567
5.433590
6.068100
5.508141
5.394343
6.047086
5.450841
5.352689
6.027417
5.397852
5.315279
6.015953
5.358902
5.292365
6.023588
5.375353
5.322891
6.090638
5.284282
5.260582
6.073325
5.288410
5.290275
6.163055
5.241671
5.267594
6.217338
5.224013
5.271034
6.279657
5.239420
5.305482
6.418888
5.249674
5.334863
6.512876
5.235506
5.349793
6.529715
5.253098
5.420594
6.452703
5.244273
5.470379
6.375340
5.578958
5.747400
6.502589
6.002814
6.092268
6.837432
6.657797
6.561019
7.182951
6.968073
5.588831
6.451436
4.602966
5.203894
5.076560
5.114888
5.187632
5.269651
5.362561
5.466835
5.583948
5.720271
5.929177
5.971605
6.128230
6.204548
6.240434
6.331864
6.417032
6.440832
6.478696
6.507376
6.463621
6.523563
6.621700
6.871844
3.194991
3.759071
4.914605
4.265535
4.023484
4.623169
4.232697
4.016995
4.640522
4.322073
4.174860
4.809580
4.426301
4.310660
4.959804
4.524956
4.433938
5.101124
4.620427
4.551742
5.240593
4.716750
4.668381
5.382175
4.817512
4.787101
5.528663
4.928322
4.912973
5.685099
5.085090
5.077571
5.884293
5.108443
5.123379
5.972807
5.202160
5.233680
6.144921
5.214775
5.263231
6.260519
5.233393
5.299345
6.360581
5.269996
5.354518
6.537572
5.292255
5.397429
6.661832
5.285868
5.424707
6.688159
5.309660
5.507294
6.581720
5.304242
5.565802
6.487939
5.266508
5.551899
6.353588
5.305685
5.473879
6.235180
5.458475
5.437117
6.055018
5.482573
3.971206
4.813064
-0.755870
0.060489
0.797906
0.890629
-0.363128
0.302027
0.700462
0.774423
-0.412707
0.118211
0.685271
0.765591
-0.418319
0.142758
0.713668
0.788220
-0.422516
0.151015
0.727805
0.800631
-0.428180
0.149346
0.733856
0.808000
-0.433646
0.143470
0.736897
0.814446
-0.437555
0.137718
0.740398
0.822466
-0.439281
0.134417
0.745962
0.832946
-0.439022
0.136811
0.756611
0.848062
-0.437357
0.138952
0.767894
0.864196
-0.434806
0.147660
0.779754
0.881268
-0.431646
0.155842
0.792382
0.898551
-0.427886
0.164485
0.805084
0.919455
-0.423205
0.175147
0.819484
0.948053
-0.416375
0.187436
0.835354
0.985380
-0.404339
0.202438
0.853647
1.043666
-0.394937
0.214035
0.869804
1.077123
-0.399687
0.217812
0.878721
1.011679
-0.407213
0.227079
0.891390
1.000418
-0.243328
0.426287
1.118885
1.173877
-0.169827
0.555045
1.242493
1.291885
-0.120423
0.636914
1.315953
1.344077
0.045609
0.791420
1.555798
1.999859
0.859163
0.900910
1.705630
0.405089
0.446835
1.251555
0.333433
0.375180
1.179900
0.288439
0.330186
1.134905
0.257357
0.299104
1.103823
0.229407
0.271153
1.075873
0.201975
0.243721
1.048441
0.174479
0.216226
1.020946
0.147653
0.189400
0.994119
0.122764
0.164511
0.969230
0.105517
0.147264
0.951983
0.072040
0.113787
0.918507
0.051864
0.093611
0.898330
0.023658
0.065405
0.870124
-0.009275
0.032472
0.837191
-0.035640
0.006107
0.810827
-0.049485
-0.007738
0.796981
-0.078692
-0.036945
0.767775
-0.101099
-0.059352
0.745367
-0.109446
-0.067699
0.737021
0.590846
0.632592
1.437312
-0.265470
-0.223724
0.580996
-0.380317
-0.338570
0.466149
0.056679
0.098426
0.903146
-3.746717
-3.398411
-4.287637
-3.733312
-3.493801
-3.229224
-3.133530
-3.303941
-2.814775
-2.859394
-3.016504
-2.584441
-2.556273
-2.670852
-2.285928
-2.208135
-2.279886
-1.940628
-1.825071
-1.854421
-1.563996
-1.420088
-1.403884
-1.168136
-1.004427
-0.935106
-0.762028
-0.589211
-0.450743
-0.353311
-0.221243
0.056593
0.053410
0.360725
0.598184
0.445412
0.926436
1.184180
0.758722
1.534454
1.801096
1.041041
2.217006
2.480115
1.735319
2.923918
3.175530
2.472059
3.628770
3.859337
3.103018
4.327034
4.531644
3.778984
5.016778
5.153420
4.518183
5.698174
5.760747
5.221779
6.357959
6.197965
5.660773
7.045831
6.957446
6.406362
7.191308
7.216492
6.749606
7.638407
10.054769
9.461501
-1.626263
-1.481487
-2.359708
-1.751717
-1.522869
-1.541191
-1.599745
-1.486393
-1.412193
-1.535434
-1.488355
-1.457564
-1.503296
-1.469627
-1.477491
-1.465591
-1.434140
-1.480412
-1.420190
-1.384820
-1.472062
-1.370801
-1.324854
-1.457610
-1.323324
-1.257822
-1.442453
-1.289924
-1.187728
-1.433950
-1.340955
-1.115027
-1.439940
-1.135757
-1.027772
-1.463683
-1.014233
-0.935055
-1.587292
-0.885576
-0.831758
-1.614208
-0.738608
-0.711964
-1.506071
-0.590489
-0.594427
-1.426240
-0.447816
-0.489246
-1.397804
-0.305138
-0.411125
-1.312673
-0.165299
-0.419950
-1.160298
-0.023564
-0.429507
-0.982215
-0.057636
-0.386177
-0.955773
0.356736
0.194614
-0.339337
0.333935
0.403794
0.015458
0.797694
2.941101
2.417323
-2.476721
0.288818
-2.360951
0.294277
-3.218570
-0.651918
-2.602844
-0.016661
-2.001459
0.359572
-2.215096
0.028226
-2.270388
0.014334
-1.688712
0.425415
-1.882103
0.137623
-2.023323
0.105272
-1.512362
0.414467
-1.740509
0.097134
-1.788691
0.148652
-1.288870
0.424094
-1.547727
0.077757
-1.527600
0.190303
-1.025170
0.446968
-1.318364
0.069380
-1.241680
0.233375
-0.729654
0.479478
-1.063847
0.067028
-0.940767
0.275097
-0.410463
0.519158
-0.793211
0.067538
-0.637369
0.310731
-0.073351
0.564539
-0.512644
0.068907
-0.357132
0.327486
0.277859
0.615018
-0.227874
0.069173
-0.281328
0.225581
0.639746
0.675201
0.050914
0.068564
0.447155
0.489434
1.044498
0.742504
0.334934
0.052034
0.951535
0.631455
1.460239
0.827206
0.436993
-0.063736
1.466892
0.769368
1.912502
0.922956
0.981468
0.067299
1.985567
0.913039
2.375196
1.028276
1.477732
0.177121
2.507680
1.061526
2.839604
1.136251
1.912163
0.250814
3.040553
1.214040
3.303406
1.240740
2.269940
0.231852
3.580605
1.366124
3.737488
1.308908
2.580291
0.227815
4.126240
1.526250
4.071411
1.284671
3.142183
0.402844
4.696059
1.697530
4.463719
1.284608
3.885373
0.658118
5.312246
1.898742
5.189351
1.678316
4.617815
1.016179
5.873195
2.113789
5.927134
2.109907
5.359512
1.493109
6.163326
2.155699
6.518097
2.491718
6.069256
2.035114
6.929848
2.775548
9.105372
4.968870
8.541368
4.312095
-4.265573
-4.321306
-5.352275
-4.848707
-4.304524
-4.532522
-4.584241
-4.211894
-4.403155
-4.470148
-4.192257
-4.410245
-4.367481
-4.124332
-4.368672
-4.242396
-4.022317
-4.296461
-4.096849
-3.896677
-4.206211
-3.939484
-3.757323
-4.108832
-3.780275
-3.614315
-4.015114
-3.632752
-3.479754
-3.938768
-3.535658
-3.368670
-3.898258
-3.352923
-3.264537
-3.883278
-3.243848
-3.203069
-3.958081
-3.154524
-3.156474
-4.030799
-3.096762
-3.135917
-4.093342
-3.061766
-3.134938
-4.243992
-3.035183
-3.143936
-4.361289
-3.014088
-3.176916
-4.411768
-3.001337
-3.271196
-4.270197
-2.976198
-3.359979
-4.139424
-3.599337
-3.877992
-4.434234
-4.276208
-4.433989
-4.987798
-5.308657
-5.183410
-5.553673
-5.308919
-3.122469
-3.772600
-0.431644
-1.345970
-2.546638
-2.204969
-1.814445
-2.080703
-2.296868
-1.960857
-2.229514
-2.464880
-2.228690
-2.519007
-2.631129
-2.438032
-2.754993
-2.773310
-2.613019
-2.962252
-2.897917
-2.766629
-3.153975
-3.013441
-2.907119
-3.338058
-3.126217
-3.039360
-3.518823
-3.242763
-3.166336
-3.699529
-3.394435
-3.291091
-3.886083
-3.410398
-3.376622
-4.049839
-3.458856
-3.457187
-4.261124
-3.474560
-3.502773
-4.423304
-3.481498
-3.539953
-4.545098
-3.484759
-3.575590
-4.751262
-3.480300
-3.608235
-4.911465
-3.472686
-3.661330
-4.978742
-3.469432
-3.771641
-4.799266
-3.449330
-3.870043
-4.644497
-3.392693
-3.834606
-4.451329
-3.360350
-3.616492
-4.173792
-3.544256
-3.518635
-3.860814
-3.131932
-0.798853
-1.402475
-9.426419
-10.143097
-9.807883
-9.613596
-9.269661
-10.172491
-9.605211
-9.447980
-9.722585
-10.455083
-9.858880
-9.872269
-9.281566
-10.195436
-9.368709
-9.383754
-9.945434
-9.945260
-9.107770
-9.269282
-9.496677
-9.948900
-9.061279
-9.680022
-9.341188
-10.170087
-9.435306
-9.200718
-9.973648
-9.811026
-8.850317
-9.111729
-9.540656
-9.874867
-8.846947
-9.510082
-9.718069
-10.150497
-9.182227
-9.169223
-10.283240
-9.894740
-8.807304
-9.079678
-9.923589
-9.980937
-8.826733
-9.483694
-10.128282
-10.204785
-9.088378
-9.165382
-10.644122
-10.005008
-8.793022
-9.077927
-10.337193
-10.111307
-8.831250
-9.485911
-10.564982
-10.292530
-9.038329
-9.179839
-11.034380
-10.135918
-8.797321
-9.094888
-10.769614
-10.261312
-8.853369
-9.505770
-11.021341
-10.402618
-9.012741
-9.208924
-11.441843
-10.282746
-8.814909
-9.126134
-11.213527
-10.426165
-8.888820
-9.539006
-11.493265
-10.529180
-9.005221
-9.251685
-11.860107
-10.441908
-8.843266
-9.170631
-11.666692
-10.601723
-8.935668
-9.584733
-11.975375
-10.665133
-9.010654
-9.305135
-12.282625
-10.608450
-8.879467
-9.225674
-12.127197
-10.781788
-8.991539
-9.640431
-12.411921
-10.772087
-8.994261
-9.317418
-12.652352
-10.746640
-8.890890
-9.239960
-12.546023
-10.928509
-9.024346
-9.654903
-12.845637
-10.872458
-8.982540
-9.341126
-13.013101
-10.885668
-8.911306
-9.268778
-12.982762
-11.068956
-9.068348
-9.683338
-13.252970
-10.976813
-8.996735
-9.377190
-13.337079
-11.012662
-8.933758
-9.301462
-13.436419
-11.190598
-9.116874
-9.714565
-13.585652
-11.052966
-9.002277
-9.407040
-13.604642
-11.117758
-8.953909
-9.331152
-13.928372
-11.285075
-9.161850
-9.739137
-13.845492
-11.113955
-9.012247
-9.443499
-13.829739
-11.205100
-8.978001
-9.367488
-14.652462
-11.382074
-9.233526
-9.773340
-14.028824
-11.146981
-9.009414
-9.458292
-14.001573
-11.260261
-8.988782
-9.381926
-14.747228
-11.459865
-9.304364
-9.789057
-14.188711
-11.171284
-9.007966
-9.473659
-14.159950
-11.303662
-9.000812
-9.396701
-14.724302
-11.543524
-9.406840
-9.803743
-14.364493
-11.203511
-9.020637
-9.510506
-14.337614
-11.353218
-9.025889
-9.432748
-14.848848
-11.663275
-9.645775
-9.837111
-14.525050
-11.223192
-9.025491
-9.528674
-14.501074
-11.402019
-9.052818
-9.449225
-14.998753
-11.941844
-9.516287
-9.857218
-14.640569
-11.207431
-8.998247
-9.492622
-14.621530
-11.428928
-9.066612
-9.410283
-15.126163
-11.816475
-9.355068
-9.829324
-14.801648
-11.204017
-8.986038
-9.485099
-14.794023
-11.469508
-9.097857
-9.400650
-15.312526
-11.695392
-9.325669
-9.826626
-15.133507
-11.277173
-9.045036
-9.628277
-15.167951
-11.567041
-9.098240
-9.566461
-15.717512
-11.663580
-9.303752
-10.010274
-15.887784
-11.644292
-9.428873
-10.135872
-16.035596
-11.931543
-9.452345
-10.159427
-16.673815
-12.081230
-9.706210
-10.667998
-16.337555
-11.781435
-9.644364
-10.174120
-16.897870
-12.054358
-9.617841
-10.351740
-17.721381
-12.215229
-9.887814
-10.971057
-16.940078
-11.977295
-9.810516
-10.496537
-17.394533
-12.239670
-9.941197
-11.726730
-17.289081
-12.169722
-9.891904
-11.891237
-2.616721
-5.141486
-5.555629
-0.536812
-2.122120
-4.904483
-4.630297
0.040367
-3.217112
-5.908207
-5.411519
-1.077124
-2.470442
-5.239809
-4.254828
-0.175932
-3.519298
-4.532033
-3.653961
0.200142
-2.743907
-4.539992
-3.426277
-0.463264
-2.737065
-5.277817
-4.449219
0.077900
-3.965412
-4.440596
-3.341591
0.130766
-3.088858
-4.559135
-3.094870
-0.361985
-3.403636
-5.198572
-3.813256
0.201565
-4.525858
-4.641268
-3.213904
0.235231
-3.794483
-4.830723
-3.030477
-0.289327
-4.102069
-5.282810
-3.530984
0.305935
-5.138466
-4.872259
-3.126676
0.333037
-4.513389
-5.124929
-2.996324
-0.217867
-4.832623
-5.437392
-3.343825
0.396897
-5.785822
-5.138527
-3.072880
0.420002
-5.246363
-5.450687
-2.991592
-0.153666
-5.586153
-5.637156
-3.206895
0.477081
-6.449843
-5.431770
-3.041443
0.498842
-5.985186
-5.800605
-3.008203
-0.095893
-6.352524
-5.864905
-3.100587
0.549862
-7.116130
-5.740271
-3.022221
0.573255
-6.723888
-6.162521
-3.038029
-0.042390
-7.124147
-6.104541
-3.012141
0.617499
-7.774997
-6.053015
-3.008580
0.644966
-7.461581
-6.523212
-3.075976
0.007485
-7.899163
-6.348049
-2.939524
0.673981
-8.421495
-6.368226
-3.006169
0.707579
-8.208024
-6.876829
-3.129005
0.046330
-8.657379
-6.554414
-2.833260
0.721655
-9.027689
-6.660644
-3.001248
0.767728
-8.964090
-7.194630
-3.184528
0.079514
-9.333187
-6.764285
-2.845599
0.780170
-9.567001
-6.917331
-2.995910
0.820697
-9.752382
-7.466645
-3.244603
0.100579
-9.899234
-6.909763
-2.816680
0.826339
-10.015924
-7.124294
-2.989313
0.867335
-10.632006
-7.685550
-3.286002
0.103828
-10.328583
-7.005097
-2.783431
0.865719
-10.381127
-7.277431
-2.982007
0.907309
-11.895608
-7.918663
-3.440395
0.101740
-10.671638
-7.066802
-2.753568
0.897189
-10.701420
-7.390186
-2.980219
0.939400
-12.086691
-8.111013
-3.585926
0.109493
-10.975490
-7.105434
-2.725726
0.924585
-11.001612
-7.476298
-2.983590
0.966150
-12.076553
-8.321917
-3.784033
0.103080
-11.268040
-7.127170
-2.697223
0.951231
-11.299913
-7.546061
-2.985404
0.988316
-12.289212
-8.614752
-4.292353
0.115094
-11.568748
-7.149824
-2.681443
0.974294
-11.610507
-7.653095
-3.048143
1.002682
-12.582603
-9.317500
-4.040948
0.115984
-11.891204
-7.176050
-2.680327
0.990866
-11.969850
-7.827051
-3.244645
0.977588
-12.946840
-9.069572
-3.794527
0.097274
-12.240335
-7.182125
-2.671061
1.011005
-12.373335
-7.979129
-3.465186
0.945014
-13.346299
-8.716834
-3.855204
0.108674
-12.667966
-7.186686
-2.624940
0.902725
-12.948539
-8.046407
-3.088988
0.724606
-14.004197
-8.503908
-3.601846
-0.163353
-13.179046
-7.357277
-2.789914
0.775454
-13.665632
-8.205655
-3.152090
0.426157
-14.884900
-8.812590
-3.827131
-0.610932
-14.766539
-8.426601
-3.941654
-0.382343
-16.002102
-9.255744
-4.167100
-1.035108
-17.553838
-9.918139
-4.903308
-2.284171
-17.104684
-9.977657
-5.380838
-2.584499
-17.970164
-10.692794
-5.812054
-4.822438
-17.788591
-10.598565
-5.724936
-5.106173
-8.353496
-8.428088
-8.729195
-8.821856
-8.092945
-8.145989
-8.216072
-7.905284
-7.989411
-8.183236
-7.926225
-8.034045
-8.181373
-7.957317
-8.087203
-8.191276
-7.996322
-8.149761
-8.212503
-8.043983
-8.223416
-8.248078
-8.102069
-8.309895
-8.298508
-8.169423
-8.407929
-8.334405
-8.213551
-8.485770
-8.409298
-8.264670
-8.576006
-8.403203
-8.313412
-8.674732
-8.419770
-8.352637
-8.799617
-8.435852
-8.388308
-8.890428
-8.436009
-8.407381
-8.953335
-8.434568
-8.424904
-9.048624
-8.444195
-8.454344
-9.221500
-8.445831
-8.481663
-9.286412
-8.415367
-8.486078
-9.040767
-8.397068
-8.494883
-8.945812
-8.477251
-8.664370
-9.042149
-8.907242
-9.105861
-9.548186
-9.048653
-9.285661
-9.768676
-9.179588
-9.676124
-9.631079
-4.835066
-5.145306
-5.514811
-4.959324
-4.730408
-4.814141
-4.712055
-4.383920
-4.450349
-4.464115
-4.130279
-4.220198
-4.194280
-3.838013
-3.949496
-3.900807
-3.517647
-3.654471
-3.593427
-3.177448
-3.345260
-3.283048
-2.823522
-3.029072
-2.984016
-2.460166
-2.712056
-2.732040
-2.091376
-2.402019
-2.800289
-1.731195
-2.120621
-1.931225
-1.322650
-1.841553
-1.428392
-0.936413
-1.836019
-0.934695
-0.519067
-1.175864
-0.462831
-0.110952
-0.691734
-0.001070
0.287275
-0.325940
0.471710
0.684348
0.093136
0.955962
1.063018
0.652255
1.441811
1.350798
1.020751
1.960729
1.710941
1.581838
2.507605
2.323301
2.139115
2.917996
2.653370
2.347026
3.300205
2.877695
2.433447
3.254319
2.135726
2.050420
0.531677
-0.406935
-1.001197
-0.658945
-0.576454
-0.700314
-0.726230
-0.584567
-0.714524
-0.809225
-0.689165
-0.837657
-0.872465
-0.757572
-0.927985
-0.923004
-0.810066
-1.006726
-0.971475
-0.855748
-1.082970
-1.025315
-0.898495
-1.160992
-1.092225
-0.939978
-1.243807
-1.192593
-0.982093
-1.336107
-1.491726
-1.037432
-1.455431
-1.222052
-1.048059
-1.565603
-1.181176
-1.083892
-1.852369
-1.135044
-1.090719
-1.764998
-1.106700
-1.107969
-1.790369
-1.088222
-1.135101
-1.950103
-1.061275
-1.161188
-1.969145
-1.026182
-1.199415
-1.749155
-0.996130
-1.297258
-1.722510
-0.938693
-1.356163
-1.649866
-0.862950
-1.305516
-1.541991
-0.894291
-1.405855
-1.717083
-0.908811
-1.596856
-1.972902
-1.241954
-2.257594
-2.369833
-3.624455
-4.552080
-5.080574
-4.637174
-4.669209
-4.973289
-4.757805
-4.632111
-4.938236
-4.782583
-4.636951
-4.947068
-4.762182
-4.599655
-4.918429
-4.717727
-4.541441
-4.874372
-4.665862
-4.476271
-4.829288
-4.620988
-4.416044
-4.796113
-4.600304
-4.372819
-4.788063
-4.634281
-4.357333
-4.816029
-4.890424
-4.383253
-4.894330
-4.616521
-4.387852
-4.978492
-4.582760
-4.429386
-5.238431
-4.553226
-4.448663
-5.124106
-4.544523
-4.479523
-5.121879
-4.545946
-4.518904
-5.208216
-4.538755
-4.555487
-5.220856
-4.521506
-4.594555
-5.096770
-4.508154
-4.673621
-5.125062
-4.470332
-4.706160
-5.063372
-4.407069
-4.653378
-4.984477
-4.440890
-4.766179
-5.161906
-4.413413
-4.910274
-5.400253
-4.699497
-5.956035
-6.187219
-10.648582
-10.643201
-10.655652
-10.281291
-10.570556
-10.557000
-10.321733
-10.402943
-10.364273
-10.326650
-10.390250
-10.344389
-10.351326
-10.397357
-10.345561
-10.383393
-10.416184
-10.361368
-10.427929
-10.452853
-10.398231
-10.495979
-10.516831
-10.463857
-10.591096
-10.608547
-10.556311
-10.633409
-10.645221
-10.591687
-10.712949
-10.710086
-10.653654
-10.778410
-10.781287
-10.722000
-10.844797
-10.845081
-10.789428
-10.917432
-10.914781
-10.852744
-10.954565
-10.949183
-10.864399
-10.990422
-10.982449
-10.866811
-11.057428
-11.047349
-10.879952
-11.094802
-11.081489
-10.883244
-11.045996
-11.029280
-10.916638
-11.041208
-11.022360
-10.931614
-11.309567
-11.422779
-11.394812
-12.142475
-12.212456
-12.132333
-12.148038
-12.087370
-11.919808
-11.555749
-10.858345
-11.000349
-14.581323
-14.511826
-14.513722
-14.269323
-14.562438
-14.516254
-14.442504
-14.512519
-14.423258
-14.336583
-14.375145
-14.274787
-14.201821
-14.213023
-14.104608
-14.048287
-14.043588
-13.934649
-13.899161
-13.891779
-13.790679
-13.778943
-13.777708
-13.688262
-13.700874
-13.706894
-13.626856
-13.659930
-13.668247
-13.592373
-13.655155
-13.653418
-13.576998
-13.644911
-13.651035
-13.571831
-13.649187
-13.653325
-13.576246
-13.656286
-13.657286
-13.571063
-13.662422
-13.660080
-13.546956
-13.668278
-13.662531
-13.512057
-13.675106
-13.666379
-13.452080
-13.679537
-13.666358
-13.416169
-13.679745
-13.661818
-13.517752
-13.682850
-13.661908
-13.546021
-14.038073
-14.371979
-14.401710
-14.570285
-14.855505
-14.821627
-14.466583
-14.537119
-14.367750
-13.276163
-12.581508
-12.743573
-17.734905
-18.234341
-18.581496
-18.656553
-18.771539
-18.917659
-18.972953
-19.038889
-19.146265
-19.229217
-19.273002
-19.361887
-19.417897
-19.440181
-19.519464
-19.554309
-19.563849
-19.642330
-19.660927
-19.666445
-19.752151
-19.758750
-19.765497
-19.863600
-19.860960
-19.869098
-19.981497
-19.965616
-19.970085
-20.097315
-20.095639
-20.073229
-20.217014
-20.160616
-20.168683
-20.334972
-20.241266
-20.256763
-20.469259
-20.313844
-20.335144
-20.570341
-20.375160
-20.402293
-20.641005
-20.431428
-20.464726
-20.717925
-20.486984
-20.527447
-20.812242
-20.536131
-20.586071
-20.864897
-20.572010
-20.636308
-20.855012
-20.608268
-20.684062
-20.866651
-20.763674
-20.980970
-21.162288
-20.930820
-20.972006
-21.031049
-20.403400
-20.101360
-19.934711
-18.679551
-16.653954
-17.056580
-4.819227
-3.749976
-5.385592
-4.866187
-3.857510
-3.790733
-3.939545
-4.518068
-3.624926
-3.812127
-4.449920
-3.652845
-3.745886
-4.369404
-3.656216
-3.683557
-4.282138
-3.644905
-3.618651
-4.185608
-3.624389
-3.552832
-4.078906
-3.599303
-3.490282
-3.964105
-3.574153
-3.437863
-3.841691
-3.552136
-3.457436
-3.713488
-3.541400
-3.259831
-3.576802
-3.552928
-3.128460
-3.428475
-3.648057
-2.993496
-3.273980
-3.670605
-2.836227
-3.099349
-3.554433
-2.675139
-2.928515
-3.458443
-2.519145
-2.783404
-3.412804
-2.367052
-2.635022
-3.326624
-2.215768
-2.580001
-3.186667
-2.063947
-2.553854
-3.027576
-1.988759
-3.162925
-3.669208
-1.123147
-2.211490
-2.675500
-1.193563
-2.084779
-2.393758
-1.851697
0.358269
-0.141467
-11.202295
-7.913576
-11.167763
-11.061031
-8.197061
-8.031051
-8.285485
-10.524895
-7.791584
-8.140979
-10.411978
-7.886117
-8.139603
-10.332872
-7.986259
-8.177948
-10.286599
-8.092829
-8.238156
-10.255500
-8.207705
-8.317898
-10.230229
-8.334936
-8.414095
-10.207056
-8.473979
-8.451294
-10.110917
-8.549359
-8.529543
-10.023875
-8.643359
-8.549650
-9.945838
-8.758954
-8.578703
-9.847412
-8.887024
-8.619696
-9.758055
-8.997352
-8.630605
-9.638667
-9.051424
-8.638434
-9.532051
-9.114441
-8.671603
-9.502236
-9.216608
-8.687196
-9.359680
-9.304504
-8.613301
-9.222058
-9.314230
-8.573608
-9.211611
-9.347688
-8.411799
-11.581642
-11.801461
-12.140551
-15.522309
-15.736974
-12.712304
-16.149381
-16.303632
-15.582202
-15.714262
-15.711725
-9.991744
-10.594274
-10.744458
-11.065616
-10.516830
-10.547974
-10.515267
-10.548346
-10.604888
-10.580913
-10.633138
-10.687599
-10.602581
-10.678457
-10.738380
-10.598160
-10.702961
-10.775095
-10.581773
-10.718930
-10.808752
-10.563933
-10.734123
-10.845090
-10.550449
-10.752028
-10.885856
-10.551721
-10.782435
-10.939991
-10.548906
-10.812194
-10.994981
-10.569285
-10.842702
-11.052530
-10.585338
-10.874073
-11.109489
-10.601572
-10.904579
-11.183264
-10.622602
-10.938927
-11.279181
-10.643623
-10.972655
-11.402324
-10.659903
-11.000435
-11.595299
-10.682276
-11.038187
-11.706403
-10.715364
-11.086576
-11.472681
-10.738319
-11.118582
-11.422841
-10.825745
-11.309254
-11.542759
-11.016205
-11.496117
-11.774140
-11.200162
-11.675475
-11.970608
-11.241151
-12.126920
-12.252060
-5.019907
-5.030822
-5.411455
-4.865616
-4.892377
-4.817530
-4.664190
-4.721775
-4.631758
-4.609159
-4.677007
-4.638448
-4.577411
-4.636124
-4.640126
-4.556634
-4.600054
-4.644074
-4.546321
-4.566713
-4.650915
-4.546516
-4.532797
-4.659610
-4.559719
-4.494881
-4.669643
-4.601545
-4.449657
-4.682880
-4.829669
-4.398105
-4.710184
-4.480849
-4.307782
-4.744606
-4.326824
-4.207637
-4.946937
-4.164277
-4.082722
-4.837888
-3.966333
-3.920882
-4.635467
-3.760086
-3.753169
-4.486013
-3.552122
-3.592467
-4.308419
-3.343543
-3.445420
-3.984738
-3.139683
-3.351688
-3.828180
-2.924273
-3.229702
-3.609186
-2.723316
-3.094279
-3.465614
-2.593459
-3.058720
-3.528810
-2.542829
-3.234745
-3.824510
-2.807052
-3.847095
-3.989764
-4.025853
-3.897491
-5.205145
-4.063673
-3.975775
-4.926880
-3.651936
-3.830150
-4.646208
-3.534572
-3.715860
-4.552415
-3.415465
-3.588752
-4.442503
-3.280294
-3.444471
-4.313803
-3.131458
-3.285667
-4.170632
-2.971991
-3.114585
-4.016362
-2.805095
-2.933733
-3.854158
-2.633217
-2.744039
-3.685994
-2.469453
-2.547040
-3.515789
-2.223007
-2.306412
-3.312029
-1.973047
-2.048756
-3.116865
-1.738643
-1.808617
-2.947686
-1.288618
-1.355173
-2.498930
-0.753339
-0.818562
-1.962746
-0.247820
-0.315419
-1.477001
0.231916
0.163674
-1.005555
0.670561
0.588158
-0.561682
1.089002
0.987654
-0.142684
1.333209
1.104469
-0.030069
1.634042
1.410145
0.272311
1.392325
1.175704
0.050344
1.220182
1.555830
0.459051
-3.440619
-2.961355
-2.760103
-2.672559
-2.558800
-2.426879
-2.280882
-2.124067
-1.958646
-1.782520
-1.603474
-1.417088
-1.286376
-1.115679
-0.569612
0.015927
0.523447
0.998311
1.417640
1.777027
1.956321
1.888489
1.672549
-1.923583
-0.991980
-1.039471
-2.224092
-1.588814
-1.627869
-2.674315
-1.848810
-1.863242
-2.917881
-2.182566
-2.209625
-3.271764
-2.491396
-2.522144
-3.590909
-2.764021
-2.796259
-3.871730
-3.011685
-3.044050
-4.126693
-3.244540
-3.275579
-4.366157
-3.469792
-3.497536
-4.597197
-3.694085
-3.714685
-4.825308
-3.954752
-3.948513
-5.073533
-4.064094
-4.085478
-5.231669
-4.228100
-4.256844
-5.447056
-4.337253
-4.372481
-5.584311
-4.394500
-4.436643
-5.648285
-4.446890
-4.496608
-5.714159
-4.513862
-4.572160
-5.802775
-4.543216
-4.616980
-5.840554
-4.523577
-4.629959
-5.820499
-4.502152
-4.640646
-5.793370
-4.497541
-4.593677
-5.754289
-4.192106
-4.265119
-5.428559
-3.258964
-3.310071
-4.462106
-0.495163
-0.303322
-1.417779
-0.763706
-0.946880
-1.312093
-1.726873
-2.086268
-2.408402
-2.707171
-2.992010
-3.268483
-3.548770
-3.782539
-4.026486
-4.291643
-4.443816
-4.535920
-4.655305
-4.783328
-4.811785
-4.754937
-4.692176
-4.477881
-3.665181
-1.276517
1.153909
-1.170653
-1.194901
-1.662308
-0.350523
-0.374771
-0.842178
-0.268567
-0.292815
-0.760222
-0.176620
-0.200868
-0.668275
-0.112160
-0.136408
-0.603815
-0.053801
-0.078049
-0.545456
0.005132
-0.019116
-0.486523
0.067180
0.042933
-0.424475
0.131297
0.107049
-0.360358
0.191564
0.167316
-0.300091
0.240546
0.216298
-0.251109
0.319372
0.295125
-0.172283
0.374789
0.350541
-0.116866
0.444668
0.420420
-0.046987
0.525819
0.501571
0.034164
0.597044
0.572797
0.105389
0.649395
0.625147
0.157740
0.723259
0.699011
0.231604
0.761801
0.737554
0.270146
0.784830
0.760582
0.293175
-0.470704
-0.494952
-0.962359
1.040842
1.016594
0.549187
1.216827
1.192579
0.725172
0.601551
0.577303
0.109896
-0.542204
-0.599470
-1.703328
-0.501143
-0.558409
-1.662267
-0.446506
-0.503772
-1.607630
-0.447324
-0.504589
-1.608448
-0.441083
-0.498348
-1.602207
-0.429909
-0.487174
-1.591033
-0.416694
-0.473959
-1.577818
-0.403743
-0.461008
-1.564867
-0.392339
-0.449604
-1.553463
-0.384102
-0.441367
-1.545226
-0.376398
-0.433663
-1.537522
-0.372004
-0.429269
-1.533128
-0.367856
-0.425121
-1.528980
-0.365657
-0.422923
-1.526781
-0.366873
-0.424138
-1.527997
-0.371323
-0.428588
-1.532447
-0.382634
-0.439899
-1.543758
-0.385842
-0.443107
-1.546966
-0.368198
-0.425463
-1.529322
-0.366038
-0.423304
-1.527162
-0.627462
-0.684727
-1.788586
-0.581242
-0.638508
-1.742366
-0.593249
-0.650515
-1.754373
-0.813841
-0.871107
-1.974965
0.288237
0.328446
0.321231
0.309327
0.304039
0.301569
0.299323
0.295854
0.290799
0.283378
0.275256
0.266425
0.257797
0.245997
0.228940
0.206536
0.171036
0.150972
0.196946
0.207797
0.168220
0.111509
0.107521
1.747676
-2.548843
0.414666
-2.603045
0.361369
-3.791945
-0.863187
-2.549552
0.300522
-2.505610
0.312687
-3.597138
-0.816503
-2.465368
0.291554
-2.394585
0.338576
-3.495433
-0.795215
-2.495109
0.311912
-2.436601
0.338842
-3.544166
-0.800002
-2.544470
0.325332
-2.488426
0.344890
-3.601990
-0.798988
-2.602472
0.339688
-2.546235
0.354884
-3.666512
-0.794567
-2.667770
0.354983
-2.609555
0.367674
-3.737726
-0.788046
-2.737662
0.370238
-2.675196
0.382390
-3.812603
-0.780382
-2.810017
0.384103
-2.739446
0.398472
-3.887614
-0.772276
-2.892711
0.393297
-2.804869
0.415651
-3.965848
-0.764324
-3.091523
0.372402
-2.933441
0.434345
-4.110822
-0.757027
-2.916460
0.442320
-2.838399
0.455124
-4.040616
-0.752712
-2.929963
0.480248
-2.873808
0.478467
-4.146637
-0.773186
-2.812355
0.516609
-2.771529
0.504241
-4.010690
-0.729115
-2.715246
0.553308
-2.687808
0.531473
-3.913517
-0.696600
-2.658317
0.590629
-2.644459
0.559012
-3.869728
-0.671672
-2.576794
0.629002
-2.578866
0.586212
-3.822428
-0.668272
-2.437290
0.667438
-2.463714
0.604807
-3.733267
-0.663582
-2.357624
0.707437
-2.431230
0.602530
-3.658171
-0.626057
-2.232459
0.750371
-2.343519
0.607336
-3.494783
-0.567098
-2.038576
0.812310
-2.109145
0.729886
-3.264383
-0.460356
-1.984597
0.891889
-2.027517
0.841909
-3.188202
-0.350924
-1.972661
0.957268
-1.978278
0.950202
-3.133838
-0.232445
-2.184715
1.291285
-1.991542
1.469712
-3.103447
0.318533
-1.741722
0.729710
-1.523375
0.711531
-1.527211
0.708758
-1.623804
0.711329
-1.725806
0.717657
-1.836188
0.726909
-1.951988
0.738248
-2.067953
0.750950
-2.181316
0.764488
-2.316382
0.778521
-2.374804
0.792845
-2.466805
0.807344
-2.623419
0.821949
-2.528917
0.836620
-2.516694
0.851332
-2.556903
0.866071
-2.529436
0.880826
-2.415746
0.895590
-2.394985
0.910359
-2.301559
0.930444
-2.213657
0.969285
-2.257359
1.032012
-2.343729
1.195082
0.078076
1.221914
-7.267981
-7.343315
-8.538895
-7.591869
-7.553276
-8.636698
-7.471345
-7.432199
-8.534283
-7.473745
-7.454895
-8.560240
-7.491839
-7.482703
-8.591430
-7.515567
-7.513792
-8.626618
-7.546622
-7.551486
-8.669296
-7.586958
-7.598135
-8.721848
-7.640122
-7.657511
-8.788100
-7.716178
-7.739994
-8.878608
-7.883441
-7.914510
-9.062657
-7.843658
-7.881486
-9.041288
-7.960925
-8.006228
-9.180758
-7.949156
-8.001708
-9.199050
-7.976063
-8.035169
-9.250863
-8.053103
-8.118204
-9.367383
-8.107186
-8.178059
-9.446987
-8.101613
-8.181671
-9.446502
-8.159674
-8.254919
-9.472255
-8.172976
-8.284861
-9.464628
-8.236667
-8.326129
-9.462352
-8.453936
-8.528404
-9.669103
-8.720281
-8.758021
-9.875551
-9.184029
-8.969250
-10.104871
-7.414869
-7.166375
-7.130598
-7.177578
-7.225559
-7.280649
-7.345199
-7.421410
-7.514779
-7.657210
-7.738324
-7.868228
-8.069604
-8.019897
-8.079058
-8.195533
-8.239236
-8.195531
-8.239983
-8.241064
-8.264307
-8.418864
-8.646582
-5.337678
-5.935019
-6.124836
-7.361113
-6.300735
-6.272737
-7.351935
-6.198409
-6.164260
-7.264175
-6.233431
-6.223194
-7.327007
-6.292976
-6.294840
-7.403300
-6.364177
-6.375592
-7.489661
-6.447060
-6.466976
-7.587579
-6.541916
-6.569470
-7.697430
-6.650493
-6.684826
-7.820871
-6.780779
-6.821003
-7.965890
-6.999145
-7.043826
-8.198702
-6.999683
-7.050523
-8.217707
-7.148360
-7.204503
-8.389129
-7.157689
-7.219362
-8.430527
-7.197444
-7.264931
-8.496697
-7.281973
-7.355639
-8.627350
-7.340462
-7.420768
-8.717350
-7.337932
-7.429594
-8.720384
-7.398234
-7.509106
-8.739240
-7.412969
-7.544720
-8.727493
-7.347947
-7.479273
-8.627410
-7.416538
-7.522600
-8.668077
-7.503608
-7.572823
-8.689920
-7.877863
-7.630080
-8.754668
-6.184643
-5.892852
-5.846779
-5.896207
-5.954410
-6.024758
-6.107589
-6.203489
-6.316527
-6.477190
-6.573725
-6.715296
-6.924490
-6.879469
-6.941199
-7.059000
-7.103361
-7.059977
-7.104582
-7.072496
-7.034520
-7.121371
-7.300501
-4.109914
-3.227857
-2.925905
-2.657217
-2.678709
-2.746234
-2.838491
-2.949928
-3.082425
-3.233078
-3.289271
-3.374775
-3.464879
-3.544676
-3.634691
-3.676052
-3.716977
-3.802550
-3.848099
-3.777702
-3.768135
-4.045902
-5.147644
-5.358608
-5.467995
-4.035196
-2.986122
-2.858633
-2.747714
-2.672281
-2.604720
-2.536707
-2.465107
-2.391571
-2.326692
-2.284051
-2.180294
-2.121222
-2.030875
-1.915651
-1.814974
-1.739961
-1.637933
-1.586007
-1.547032
-3.012669
-0.580355
-0.372699
-0.985377
-3.725129
-6.206532
-7.618455
