	1	1	0
	2	2	0
	3	3	0
	4	4	0
	5	5	0
	6	6	0
	7	7	0
	8	8	0
	9	9	0
	10	10	0
	11	11	0
	12	12	0
	13	13	0
	14	14	0
	15	15	0
	16	16	0
	17	17	0
	18	18	0
	19	19	0
	20	20	0
	21	21	0
	22	22	0
	23	23	0
	24	24	0
	25	25	0
	26	26	0
	27	27	0
	28	28	0
	29	29	0
	30	30	0
	1	31	0
	31	31	0
	1	32	0
	32	32	0
	1	33	0
	33	33	0
	2	34	0
	34	34	0
	2	35	0
	35	35	0
	2	36	0
	36	36	0
	3	37	0
	37	37	0
	3	38	0
	38	38	0
	3	39	0
	39	39	0
	4	40	0
	40	40	0
	4	41	0
	41	41	0
	4	42	0
	42	42	0
	5	43	0
	43	43	0
	5	44	0
	44	44	0
	5	45	0
	45	45	0
	6	46	0
	46	46	0
	6	47	0
	47	47	0
	6	48	0
	48	48	0
	7	49	0
	49	49	0
	7	50	0
	50	50	0
	7	51	0
	51	51	0
	8	52	0
	52	52	0
	8	53	0
	53	53	0
	8	54	0
	54	54	0
	9	55	0
	55	55	0
	9	56	0
	56	56	0
	9	57	0
	57	57	0
	10	58	0
	58	58	0
	10	59	0
	59	59	0
	10	60	0
	60	60	0
	11	61	0
	61	61	0
	11	62	0
	62	62	0
	11	63	0
	63	63	0
	12	64	0
	64	64	0
	12	65	0
	65	65	0
	12	66	0
	66	66	0
	13	67	0
	67	67	0
	13	68	0
	68	68	0
	13	69	0
	69	69	0
	14	70	0
	70	70	0
	14	71	0
	71	71	0
	14	72	0
	72	72	0
	15	73	0
	73	73	0
	15	74	0
	74	74	0
	15	75	0
	75	75	0
	16	76	0
	76	76	0
	16	77	0
	77	77	0
	16	78	0
	78	78	0
	17	79	0
	79	79	0
	17	80	0
	80	80	0
	17	81	0
	81	81	0
	18	82	0
	82	82	0
	18	83	0
	83	83	0
	18	84	0
	84	84	0
	19	85	0
	85	85	0
	19	86	0
	86	86	0
	19	87	0
	87	87	0
	20	88	0
	88	88	0
	20	89	0
	89	89	0
	20	90	0
	90	90	0
	21	91	0
	91	91	0
	21	92	0
	92	92	0
	21	93	0
	93	93	0
	22	94	0
	94	94	0
	22	95	0
	95	95	0
	22	96	0
	96	96	0
	23	97	0
	97	97	0
	23	98	0
	98	98	0
	23	99	0
	99	99	0
	24	100	0
	100	100	0
	24	101	0
	101	101	0
	24	102	0
	102	102	0
	25	103	0
	103	103	0
	25	104	0
	104	104	0
	25	105	0
	105	105	0
	26	106	0
	106	106	0
	26	107	0
	107	107	0
	26	108	0
	108	108	0
	27	109	0
	109	109	0
	27	110	0
	110	110	0
	27	111	0
	111	111	0
	28	112	0
	112	112	0
	28	113	0
	113	113	0
	28	114	0
	114	114	0
	29	115	0
	115	115	0
	29	116	0
	116	116	0
	29	117	0
	117	117	0
	30	118	0
	118	118	0
	30	119	0
	119	119	0
	30	120	0
	120	120	0
	1	121	0
	31	121	0
	121	121	0
	1	122	0
	31	122	0
	122	122	0
	1	123	0
	123	123	0
	1	124	0
	124	124	0
	1	125	0
	125	125	0
	1	126	0
	126	126	0
	1	127	0
	127	127	0
	1	128	0
	32	128	0
	128	128	0
	1	129	0
	32	129	0
	129	129	0
	1	130	0
	130	130	0
	1	131	0
	131	131	0
	1	132	0
	132	132	0
	1	133	0
	133	133	0
	1	134	0
	134	134	0
	1	135	0
	33	135	0
	135	135	0
	1	136	0
	33	136	0
	136	136	0
	1	137	0
	137	137	0
	1	138	0
	138	138	0
	1	139	0
	139	139	0
	1	140	0
	140	140	0
	1	141	0
	141	141	0
	2	142	0
	34	142	0
	142	142	0
	2	143	0
	34	143	0
	143	143	0
	2	144	0
	144	144	0
	2	145	0
	145	145	0
	2	146	0
	146	146	0
	2	147	0
	147	147	0
	2	148	0
	148	148	0
	2	149	0
	35	149	0
	149	149	0
	2	150	0
	35	150	0
	150	150	0
	2	151	0
	151	151	0
	2	152	0
	152	152	0
	2	153	0
	153	153	0
	2	154	0
	154	154	0
	2	155	0
	155	155	0
	2	156	0
	36	156	0
	156	156	0
	2	157	0
	36	157	0
	157	157	0
	2	158	0
	158	158	0
	2	159	0
	159	159	0
	2	160	0
	160	160	0
	2	161	0
	161	161	0
	2	162	0
	162	162	0
	3	163	0
	37	163	0
	163	163	0
	3	164	0
	37	164	0
	164	164	0
	3	165	0
	165	165	0
	3	166	0
	166	166	0
	3	167	0
	167	167	0
	3	168	0
	168	168	0
	3	169	0
	169	169	0
	3	170	0
	38	170	0
	170	170	0
	3	171	0
	38	171	0
	171	171	0
	3	172	0
	172	172	0
	3	173	0
	173	173	0
	3	174	0
	174	174	0
	3	175	0
	175	175	0
	3	176	0
	176	176	0
	3	177	0
	39	177	0
	177	177	0
	3	178	0
	39	178	0
	178	178	0
	3	179	0
	179	179	0
	3	180	0
	180	180	0
	3	181	0
	181	181	0
	3	182	0
	182	182	0
	3	183	0
	183	183	0
	4	184	0
	40	184	0
	184	184	0
	4	185	0
	40	185	0
	185	185	0
	4	186	0
	186	186	0
	4	187	0
	187	187	0
	4	188	0
	188	188	0
	4	189	0
	189	189	0
	4	190	0
	190	190	0
	4	191	0
	41	191	0
	191	191	0
	4	192	0
	41	192	0
	192	192	0
	4	193	0
	193	193	0
	4	194	0
	194	194	0
	4	195	0
	195	195	0
	4	196	0
	196	196	0
	4	197	0
	197	197	0
	4	198	0
	42	198	0
	198	198	0
	4	199	0
	42	199	0
	199	199	0
	4	200	0
	200	200	0
	4	201	0
	201	201	0
	4	202	0
	202	202	0
	4	203	0
	203	203	0
	4	204	0
	204	204	0
	5	205	0
	43	205	0
	205	205	0
	5	206	0
	43	206	0
	206	206	0
	5	207	0
	207	207	0
	5	208	0
	208	208	0
	5	209	0
	209	209	0
	5	210	0
	210	210	0
	5	211	0
	211	211	0
	5	212	0
	44	212	0
	212	212	0
	5	213	0
	44	213	0
	213	213	0
	5	214	0
	214	214	0
	5	215	0
	215	215	0
	5	216	0
	216	216	0
	5	217	0
	217	217	0
	5	218	0
	218	218	0
	5	219	0
	45	219	0
	219	219	0
	5	220	0
	45	220	0
	220	220	0
	5	221	0
	221	221	0
	5	222	0
	222	222	0
	5	223	0
	223	223	0
	5	224	0
	224	224	0
	5	225	0
	225	225	0
	6	226	0
	46	226	0
	226	226	0
	6	227	0
	46	227	0
	227	227	0
	6	228	0
	228	228	0
	6	229	0
	229	229	0
	6	230	0
	230	230	0
	6	231	0
	231	231	0
	6	232	0
	232	232	0
	6	233	0
	47	233	0
	233	233	0
	6	234	0
	47	234	0
	234	234	0
	6	235	0
	235	235	0
	6	236	0
	236	236	0
	6	237	0
	237	237	0
	6	238	0
	238	238	0
	6	239	0
	239	239	0
	6	240	0
	48	240	0
	240	240	0
	6	241	0
	48	241	0
	241	241	0
	6	242	0
	242	242	0
	6	243	0
	243	243	0
	6	244	0
	244	244	0
	6	245	0
	245	245	0
	6	246	0
	246	246	0
	7	247	0
	49	247	0
	247	247	0
	7	248	0
	49	248	0
	248	248	0
	7	249	0
	249	249	0
	7	250	0
	250	250	0
	7	251	0
	251	251	0
	7	252	0
	252	252	0
	7	253	0
	253	253	0
	7	254	0
	50	254	0
	254	254	0
	7	255	0
	50	255	0
	255	255	0
	7	256	0
	256	256	0
	7	257	0
	257	257	0
	7	258	0
	258	258	0
	7	259	0
	259	259	0
	7	260	0
	260	260	0
	7	261	0
	51	261	0
	261	261	0
	7	262	0
	51	262	0
	262	262	0
	7	263	0
	263	263	0
	7	264	0
	264	264	0
	7	265	0
	265	265	0
	7	266	0
	266	266	0
	7	267	0
	267	267	0
	8	268	0
	52	268	0
	268	268	0
	8	269	0
	52	269	0
	269	269	0
	8	270	0
	270	270	0
	8	271	0
	271	271	0
	8	272	0
	272	272	0
	8	273	0
	273	273	0
	8	274	0
	274	274	0
	8	275	0
	53	275	0
	275	275	0
	8	276	0
	53	276	0
	276	276	0
	8	277	0
	277	277	0
	8	278	0
	278	278	0
	8	279	0
	279	279	0
	8	280	0
	280	280	0
	8	281	0
	281	281	0
	8	282	0
	54	282	0
	282	282	0
	8	283	0
	54	283	0
	283	283	0
	8	284	0
	284	284	0
	8	285	0
	285	285	0
	8	286	0
	286	286	0
	8	287	0
	287	287	0
	8	288	0
	288	288	0
	9	289	0
	55	289	0
	289	289	0
	9	290	0
	55	290	0
	290	290	0
	9	291	0
	291	291	0
	9	292	0
	292	292	0
	9	293	0
	293	293	0
	9	294	0
	294	294	0
	9	295	0
	295	295	0
	9	296	0
	56	296	0
	296	296	0
	9	297	0
	56	297	0
	297	297	0
	9	298	0
	298	298	0
	9	299	0
	299	299	0
	9	300	0
	300	300	0
	9	301	0
	301	301	0
	9	302	0
	302	302	0
	9	303	0
	57	303	0
	303	303	0
	9	304	0
	57	304	0
	304	304	0
	9	305	0
	305	305	0
	9	306	0
	306	306	0
	9	307	0
	307	307	0
	9	308	0
	308	308	0
	9	309	0
	309	309	0
	10	310	0
	58	310	0
	310	310	0
	10	311	0
	58	311	0
	311	311	0
	10	312	0
	312	312	0
	10	313	0
	313	313	0
	10	314	0
	314	314	0
	10	315	0
	315	315	0
	10	316	0
	316	316	0
	10	317	0
	59	317	0
	317	317	0
	10	318	0
	59	318	0
	318	318	0
	10	319	0
	319	319	0
	10	320	0
	320	320	0
	10	321	0
	321	321	0
	10	322	0
	322	322	0
	10	323	0
	323	323	0
	10	324	0
	60	324	0
	324	324	0
	10	325	0
	60	325	0
	325	325	0
	10	326	0
	326	326	0
	10	327	0
	327	327	0
	10	328	0
	328	328	0
	10	329	0
	329	329	0
	10	330	0
	330	330	0
	11	331	0
	61	331	0
	331	331	0
	11	332	0
	61	332	0
	332	332	0
	11	333	0
	333	333	0
	11	334	0
	334	334	0
	11	335	0
	335	335	0
	11	336	0
	336	336	0
	11	337	0
	337	337	0
	11	338	0
	62	338	0
	338	338	0
	11	339	0
	62	339	0
	339	339	0
	11	340	0
	340	340	0
	11	341	0
	341	341	0
	11	342	0
	342	342	0
	11	343	0
	343	343	0
	11	344	0
	344	344	0
	11	345	0
	63	345	0
	345	345	0
	11	346	0
	63	346	0
	346	346	0
	11	347	0
	347	347	0
	11	348	0
	348	348	0
	11	349	0
	349	349	0
	11	350	0
	350	350	0
	11	351	0
	351	351	0
	12	352	0
	64	352	0
	352	352	0
	12	353	0
	64	353	0
	353	353	0
	12	354	0
	354	354	0
	12	355	0
	355	355	0
	12	356	0
	356	356	0
	12	357	0
	357	357	0
	12	358	0
	358	358	0
	12	359	0
	65	359	0
	359	359	0
	12	360	0
	65	360	0
	360	360	0
	12	361	0
	361	361	0
	12	362	0
	362	362	0
	12	363	0
	363	363	0
	12	364	0
	364	364	0
	12	365	0
	365	365	0
	12	366	0
	66	366	0
	366	366	0
	12	367	0
	66	367	0
	367	367	0
	12	368	0
	368	368	0
	12	369	0
	369	369	0
	12	370	0
	370	370	0
	12	371	0
	371	371	0
	12	372	0
	372	372	0
	13	373	0
	67	373	0
	373	373	0
	13	374	0
	67	374	0
	374	374	0
	13	375	0
	375	375	0
	13	376	0
	376	376	0
	13	377	0
	377	377	0
	13	378	0
	378	378	0
	13	379	0
	379	379	0
	13	380	0
	68	380	0
	380	380	0
	13	381	0
	68	381	0
	381	381	0
	13	382	0
	382	382	0
	13	383	0
	383	383	0
	13	384	0
	384	384	0
	13	385	0
	385	385	0
	13	386	0
	386	386	0
	13	387	0
	69	387	0
	387	387	0
	13	388	0
	69	388	0
	388	388	0
	13	389	0
	389	389	0
	13	390	0
	390	390	0
	13	391	0
	391	391	0
	13	392	0
	392	392	0
	13	393	0
	393	393	0
	14	394	0
	70	394	0
	394	394	0
	14	395	0
	70	395	0
	395	395	0
	14	396	0
	396	396	0
	14	397	0
	397	397	0
	14	398	0
	398	398	0
	14	399	0
	399	399	0
	14	400	0
	400	400	0
	14	401	0
	71	401	0
	401	401	0
	14	402	0
	71	402	0
	402	402	0
	14	403	0
	403	403	0
	14	404	0
	404	404	0
	14	405	0
	405	405	0
	14	406	0
	406	406	0
	14	407	0
	407	407	0
	14	408	0
	72	408	0
	408	408	0
	14	409	0
	72	409	0
	409	409	0
	14	410	0
	410	410	0
	14	411	0
	411	411	0
	14	412	0
	412	412	0
	14	413	0
	413	413	0
	14	414	0
	414	414	0
	15	415	0
	73	415	0
	415	415	0
	15	416	0
	73	416	0
	416	416	0
	15	417	0
	417	417	0
	15	418	0
	418	418	0
	15	419	0
	419	419	0
	15	420	0
	420	420	0
	15	421	0
	421	421	0
	15	422	0
	74	422	0
	422	422	0
	15	423	0
	74	423	0
	423	423	0
	15	424	0
	424	424	0
	15	425	0
	425	425	0
	15	426	0
	426	426	0
	15	427	0
	427	427	0
	15	428	0
	428	428	0
	15	429	0
	75	429	0
	429	429	0
	15	430	0
	75	430	0
	430	430	0
	15	431	0
	431	431	0
	15	432	0
	432	432	0
	15	433	0
	433	433	0
	15	434	0
	434	434	0
	15	435	0
	435	435	0
	16	436	0
	76	436	0
	436	436	0
	16	437	0
	76	437	0
	437	437	0
	16	438	0
	438	438	0
	16	439	0
	439	439	0
	16	440	0
	440	440	0
	16	441	0
	441	441	0
	16	442	0
	442	442	0
	16	443	0
	77	443	0
	443	443	0
	16	444	0
	77	444	0
	444	444	0
	16	445	0
	445	445	0
	16	446	0
	446	446	0
	16	447	0
	447	447	0
	16	448	0
	448	448	0
	16	449	0
	449	449	0
	16	450	0
	78	450	0
	450	450	0
	16	451	0
	78	451	0
	451	451	0
	16	452	0
	452	452	0
	16	453	0
	453	453	0
	16	454	0
	454	454	0
	16	455	0
	455	455	0
	16	456	0
	456	456	0
	17	457	0
	79	457	0
	457	457	0
	17	458	0
	79	458	0
	458	458	0
	17	459	0
	459	459	0
	17	460	0
	460	460	0
	17	461	0
	461	461	0
	17	462	0
	462	462	0
	17	463	0
	463	463	0
	17	464	0
	80	464	0
	464	464	0
	17	465	0
	80	465	0
	465	465	0
	17	466	0
	466	466	0
	17	467	0
	467	467	0
	17	468	0
	468	468	0
	17	469	0
	469	469	0
	17	470	0
	470	470	0
	17	471	0
	81	471	0
	471	471	0
	17	472	0
	81	472	0
	472	472	0
	17	473	0
	473	473	0
	17	474	0
	474	474	0
	17	475	0
	475	475	0
	17	476	0
	476	476	0
	17	477	0
	477	477	0
	18	478	0
	82	478	0
	478	478	0
	18	479	0
	82	479	0
	479	479	0
	18	480	0
	480	480	0
	18	481	0
	481	481	0
	18	482	0
	482	482	0
	18	483	0
	483	483	0
	18	484	0
	484	484	0
	18	485	0
	83	485	0
	485	485	0
	18	486	0
	83	486	0
	486	486	0
	18	487	0
	487	487	0
	18	488	0
	488	488	0
	18	489	0
	489	489	0
	18	490	0
	490	490	0
	18	491	0
	491	491	0
	18	492	0
	84	492	0
	492	492	0
	18	493	0
	84	493	0
	493	493	0
	18	494	0
	494	494	0
	18	495	0
	495	495	0
	18	496	0
	496	496	0
	18	497	0
	497	497	0
	18	498	0
	498	498	0
	19	499	0
	85	499	0
	499	499	0
	19	500	0
	85	500	0
	500	500	0
	19	501	0
	501	501	0
	19	502	0
	502	502	0
	19	503	0
	503	503	0
	19	504	0
	504	504	0
	19	505	0
	505	505	0
	19	506	0
	86	506	0
	506	506	0
	19	507	0
	86	507	0
	507	507	0
	19	508	0
	508	508	0
	19	509	0
	509	509	0
	19	510	0
	510	510	0
	19	511	0
	511	511	0
	19	512	0
	512	512	0
	19	513	0
	87	513	0
	513	513	0
	19	514	0
	87	514	0
	514	514	0
	19	515	0
	515	515	0
	19	516	0
	516	516	0
	19	517	0
	517	517	0
	19	518	0
	518	518	0
	19	519	0
	519	519	0
	20	520	0
	88	520	0
	520	520	0
	20	521	0
	88	521	0
	521	521	0
	20	522	0
	522	522	0
	20	523	0
	523	523	0
	20	524	0
	524	524	0
	20	525	0
	525	525	0
	20	526	0
	526	526	0
	20	527	0
	89	527	0
	527	527	0
	20	528	0
	89	528	0
	528	528	0
	20	529	0
	529	529	0
	20	530	0
	530	530	0
	20	531	0
	531	531	0
	20	532	0
	532	532	0
	20	533	0
	533	533	0
	20	534	0
	90	534	0
	534	534	0
	20	535	0
	90	535	0
	535	535	0
	20	536	0
	536	536	0
	20	537	0
	537	537	0
	20	538	0
	538	538	0
	20	539	0
	539	539	0
	20	540	0
	540	540	0
	21	541	0
	91	541	0
	541	541	0
	21	542	0
	91	542	0
	542	542	0
	21	543	0
	543	543	0
	21	544	0
	544	544	0
	21	545	0
	545	545	0
	21	546	0
	546	546	0
	21	547	0
	547	547	0
	21	548	0
	92	548	0
	548	548	0
	21	549	0
	92	549	0
	549	549	0
	21	550	0
	550	550	0
	21	551	0
	551	551	0
	21	552	0
	552	552	0
	21	553	0
	553	553	0
	21	554	0
	554	554	0
	21	555	0
	93	555	0
	555	555	0
	21	556	0
	93	556	0
	556	556	0
	21	557	0
	557	557	0
	21	558	0
	558	558	0
	21	559	0
	559	559	0
	21	560	0
	560	560	0
	21	561	0
	561	561	0
	22	562	0
	94	562	0
	562	562	0
	22	563	0
	94	563	0
	563	563	0
	22	564	0
	564	564	0
	22	565	0
	565	565	0
	22	566	0
	566	566	0
	22	567	0
	567	567	0
	22	568	0
	568	568	0
	22	569	0
	95	569	0
	569	569	0
	22	570	0
	95	570	0
	570	570	0
	22	571	0
	571	571	0
	22	572	0
	572	572	0
	22	573	0
	573	573	0
	22	574	0
	574	574	0
	22	575	0
	575	575	0
	22	576	0
	96	576	0
	576	576	0
	22	577	0
	96	577	0
	577	577	0
	22	578	0
	578	578	0
	22	579	0
	579	579	0
	22	580	0
	580	580	0
	22	581	0
	581	581	0
	22	582	0
	582	582	0
	23	583	0
	97	583	0
	583	583	0
	23	584	0
	97	584	0
	584	584	0
	23	585	0
	585	585	0
	23	586	0
	586	586	0
	23	587	0
	587	587	0
	23	588	0
	588	588	0
	23	589	0
	589	589	0
	23	590	0
	98	590	0
	590	590	0
	23	591	0
	98	591	0
	591	591	0
	23	592	0
	592	592	0
	23	593	0
	593	593	0
	23	594	0
	594	594	0
	23	595	0
	595	595	0
	23	596	0
	596	596	0
	23	597	0
	99	597	0
	597	597	0
	23	598	0
	99	598	0
	598	598	0
	23	599	0
	599	599	0
	23	600	0
	600	600	0
	23	601	0
	601	601	0
	23	602	0
	602	602	0
	23	603	0
	603	603	0
	24	604	0
	100	604	0
	604	604	0
	24	605	0
	100	605	0
	605	605	0
	24	606	0
	606	606	0
	24	607	0
	607	607	0
	24	608	0
	608	608	0
	24	609	0
	609	609	0
	24	610	0
	610	610	0
	24	611	0
	101	611	0
	611	611	0
	24	612	0
	101	612	0
	612	612	0
	24	613	0
	613	613	0
	24	614	0
	614	614	0
	24	615	0
	615	615	0
	24	616	0
	616	616	0
	24	617	0
	617	617	0
	24	618	0
	102	618	0
	618	618	0
	24	619	0
	102	619	0
	619	619	0
	24	620	0
	620	620	0
	24	621	0
	621	621	0
	24	622	0
	622	622	0
	24	623	0
	623	623	0
	24	624	0
	624	624	0
	25	625	0
	103	625	0
	625	625	0
	25	626	0
	103	626	0
	626	626	0
	25	627	0
	627	627	0
	25	628	0
	628	628	0
	25	629	0
	629	629	0
	25	630	0
	630	630	0
	25	631	0
	631	631	0
	25	632	0
	104	632	0
	632	632	0
	25	633	0
	104	633	0
	633	633	0
	25	634	0
	634	634	0
	25	635	0
	635	635	0
	25	636	0
	636	636	0
	25	637	0
	637	637	0
	25	638	0
	638	638	0
	25	639	0
	105	639	0
	639	639	0
	25	640	0
	105	640	0
	640	640	0
	25	641	0
	641	641	0
	25	642	0
	642	642	0
	25	643	0
	643	643	0
	25	644	0
	644	644	0
	25	645	0
	645	645	0
	26	646	0
	106	646	0
	646	646	0
	26	647	0
	106	647	0
	647	647	0
	26	648	0
	648	648	0
	26	649	0
	649	649	0
	26	650	0
	650	650	0
	26	651	0
	651	651	0
	26	652	0
	652	652	0
	26	653	0
	107	653	0
	653	653	0
	26	654	0
	107	654	0
	654	654	0
	26	655	0
	655	655	0
	26	656	0
	656	656	0
	26	657	0
	657	657	0
	26	658	0
	658	658	0
	26	659	0
	659	659	0
	26	660	0
	108	660	0
	660	660	0
	26	661	0
	108	661	0
	661	661	0
	26	662	0
	662	662	0
	26	663	0
	663	663	0
	26	664	0
	664	664	0
	26	665	0
	665	665	0
	26	666	0
	666	666	0
	27	667	0
	109	667	0
	667	667	0
	27	668	0
	109	668	0
	668	668	0
	27	669	0
	669	669	0
	27	670	0
	670	670	0
	27	671	0
	671	671	0
	27	672	0
	672	672	0
	27	673	0
	673	673	0
	27	674	0
	110	674	0
	674	674	0
	27	675	0
	110	675	0
	675	675	0
	27	676	0
	676	676	0
	27	677	0
	677	677	0
	27	678	0
	678	678	0
	27	679	0
	679	679	0
	27	680	0
	680	680	0
	27	681	0
	111	681	0
	681	681	0
	27	682	0
	111	682	0
	682	682	0
	27	683	0
	683	683	0
	27	684	0
	684	684	0
	27	685	0
	685	685	0
	27	686	0
	686	686	0
	27	687	0
	687	687	0
	28	688	0
	112	688	0
	688	688	0
	28	689	0
	112	689	0
	689	689	0
	28	690	0
	690	690	0
	28	691	0
	691	691	0
	28	692	0
	692	692	0
	28	693	0
	693	693	0
	28	694	0
	694	694	0
	28	695	0
	113	695	0
	695	695	0
	28	696	0
	113	696	0
	696	696	0
	28	697	0
	697	697	0
	28	698	0
	698	698	0
	28	699	0
	699	699	0
	28	700	0
	700	700	0
	28	701	0
	701	701	0
	28	702	0
	114	702	0
	702	702	0
	28	703	0
	114	703	0
	703	703	0
	28	704	0
	704	704	0
	28	705	0
	705	705	0
	28	706	0
	706	706	0
	28	707	0
	707	707	0
	28	708	0
	708	708	0
	29	709	0
	115	709	0
	709	709	0
	29	710	0
	115	710	0
	710	710	0
	29	711	0
	711	711	0
	29	712	0
	712	712	0
	29	713	0
	713	713	0
	29	714	0
	714	714	0
	29	715	0
	715	715	0
	29	716	0
	116	716	0
	716	716	0
	29	717	0
	116	717	0
	717	717	0
	29	718	0
	718	718	0
	29	719	0
	719	719	0
	29	720	0
	720	720	0
	29	721	0
	721	721	0
	29	722	0
	722	722	0
	29	723	0
	117	723	0
	723	723	0
	29	724	0
	117	724	0
	724	724	0
	29	725	0
	725	725	0
	29	726	0
	726	726	0
	29	727	0
	727	727	0
	29	728	0
	728	728	0
	29	729	0
	729	729	0
	30	730	0
	118	730	0
	730	730	0
	30	731	0
	118	731	0
	731	731	0
	30	732	0
	732	732	0
	30	733	0
	733	733	0
	30	734	0
	734	734	0
	30	735	0
	735	735	0
	30	736	0
	736	736	0
	30	737	0
	119	737	0
	737	737	0
	30	738	0
	119	738	0
	738	738	0
	30	739	0
	739	739	0
	30	740	0
	740	740	0
	30	741	0
	741	741	0
	30	742	0
	742	742	0
	30	743	0
	743	743	0
	30	744	0
	120	744	0
	744	744	0
	30	745	0
	120	745	0
	745	745	0
	30	746	0
	746	746	0
	30	747	0
	747	747	0
	30	748	0
	748	748	0
	30	749	0
	749	749	0
	30	750	0
	750	750	0
	31	751	0
	121	751	0
	751	751	0
	122	752	0
	752	752	0
	123	753	0
	753	753	0
	124	754	0
	754	754	0
	125	755	0
	755	755	0
	126	756	0
	756	756	0
	127	757	0
	757	757	0
	32	758	0
	128	758	0
	758	758	0
	129	759	0
	759	759	0
	130	760	0
	760	760	0
	131	761	0
	761	761	0
	132	762	0
	762	762	0
	133	763	0
	763	763	0
	134	764	0
	764	764	0
	33	765	0
	135	765	0
	765	765	0
	136	766	0
	766	766	0
	137	767	0
	767	767	0
	138	768	0
	768	768	0
	139	769	0
	769	769	0
	140	770	0
	770	770	0
	141	771	0
	771	771	0
	34	772	0
	142	772	0
	772	772	0
	143	773	0
	773	773	0
	144	774	0
	774	774	0
	145	775	0
	775	775	0
	146	776	0
	776	776	0
	147	777	0
	777	777	0
	148	778	0
	778	778	0
	35	779	0
	149	779	0
	779	779	0
	150	780	0
	780	780	0
	151	781	0
	781	781	0
	152	782	0
	782	782	0
	153	783	0
	783	783	0
	154	784	0
	784	784	0
	155	785	0
	785	785	0
	36	786	0
	156	786	0
	786	786	0
	157	787	0
	787	787	0
	158	788	0
	788	788	0
	159	789	0
	789	789	0
	160	790	0
	790	790	0
	161	791	0
	791	791	0
	162	792	0
	792	792	0
	37	793	0
	163	793	0
	793	793	0
	164	794	0
	794	794	0
	165	795	0
	795	795	0
	166	796	0
	796	796	0
	167	797	0
	797	797	0
	168	798	0
	798	798	0
	169	799	0
	799	799	0
	38	800	0
	170	800	0
	800	800	0
	171	801	0
	801	801	0
	172	802	0
	802	802	0
	173	803	0
	803	803	0
	174	804	0
	804	804	0
	175	805	0
	805	805	0
	176	806	0
	806	806	0
	39	807	0
	177	807	0
	807	807	0
	178	808	0
	808	808	0
	179	809	0
	809	809	0
	180	810	0
	810	810	0
	181	811	0
	811	811	0
	182	812	0
	812	812	0
	183	813	0
	813	813	0
	40	814	0
	184	814	0
	814	814	0
	185	815	0
	815	815	0
	186	816	0
	816	816	0
	187	817	0
	817	817	0
	188	818	0
	818	818	0
	189	819	0
	819	819	0
	190	820	0
	820	820	0
	41	821	0
	191	821	0
	821	821	0
	192	822	0
	822	822	0
	193	823	0
	823	823	0
	194	824	0
	824	824	0
	195	825	0
	825	825	0
	196	826	0
	826	826	0
	197	827	0
	827	827	0
	42	828	0
	198	828	0
	828	828	0
	199	829	0
	829	829	0
	200	830	0
	830	830	0
	201	831	0
	831	831	0
	202	832	0
	832	832	0
	203	833	0
	833	833	0
	204	834	0
	834	834	0
	43	835	0
	205	835	0
	835	835	0
	206	836	0
	836	836	0
	207	837	0
	837	837	0
	208	838	0
	838	838	0
	209	839	0
	839	839	0
	210	840	0
	840	840	0
	211	841	0
	841	841	0
	44	842	0
	212	842	0
	842	842	0
	213	843	0
	843	843	0
	214	844	0
	844	844	0
	215	845	0
	845	845	0
	216	846	0
	846	846	0
	217	847	0
	847	847	0
	218	848	0
	848	848	0
	45	849	0
	219	849	0
	849	849	0
	220	850	0
	850	850	0
	221	851	0
	851	851	0
	222	852	0
	852	852	0
	223	853	0
	853	853	0
	224	854	0
	854	854	0
	225	855	0
	855	855	0
	46	856	0
	226	856	0
	856	856	0
	227	857	0
	857	857	0
	228	858	0
	858	858	0
	229	859	0
	859	859	0
	230	860	0
	860	860	0
	231	861	0
	861	861	0
	232	862	0
	862	862	0
	47	863	0
	233	863	0
	863	863	0
	234	864	0
	864	864	0
	235	865	0
	865	865	0
	236	866	0
	866	866	0
	237	867	0
	867	867	0
	238	868	0
	868	868	0
	239	869	0
	869	869	0
	48	870	0
	240	870	0
	870	870	0
	241	871	0
	871	871	0
	242	872	0
	872	872	0
	243	873	0
	873	873	0
	244	874	0
	874	874	0
	245	875	0
	875	875	0
	246	876	0
	876	876	0
	49	877	0
	247	877	0
	877	877	0
	248	878	0
	878	878	0
	249	879	0
	879	879	0
	250	880	0
	880	880	0
	251	881	0
	881	881	0
	252	882	0
	882	882	0
	253	883	0
	883	883	0
	50	884	0
	254	884	0
	884	884	0
	255	885	0
	885	885	0
	256	886	0
	886	886	0
	257	887	0
	887	887	0
	258	888	0
	888	888	0
	259	889	0
	889	889	0
	260	890	0
	890	890	0
	51	891	0
	261	891	0
	891	891	0
	262	892	0
	892	892	0
	263	893	0
	893	893	0
	264	894	0
	894	894	0
	265	895	0
	895	895	0
	266	896	0
	896	896	0
	267	897	0
	897	897	0
	52	898	0
	268	898	0
	898	898	0
	269	899	0
	899	899	0
	270	900	0
	900	900	0
	271	901	0
	901	901	0
	272	902	0
	902	902	0
	273	903	0
	903	903	0
	274	904	0
	904	904	0
	53	905	0
	275	905	0
	905	905	0
	276	906	0
	906	906	0
	277	907	0
	907	907	0
	278	908	0
	908	908	0
	279	909	0
	909	909	0
	280	910	0
	910	910	0
	281	911	0
	911	911	0
	54	912	0
	282	912	0
	912	912	0
	283	913	0
	913	913	0
	284	914	0
	914	914	0
	285	915	0
	915	915	0
	286	916	0
	916	916	0
	287	917	0
	917	917	0
	288	918	0
	918	918	0
	55	919	0
	289	919	0
	919	919	0
	290	920	0
	920	920	0
	291	921	0
	921	921	0
	292	922	0
	922	922	0
	293	923	0
	923	923	0
	294	924	0
	924	924	0
	295	925	0
	925	925	0
	56	926	0
	296	926	0
	926	926	0
	297	927	0
	927	927	0
	298	928	0
	928	928	0
	299	929	0
	929	929	0
	300	930	0
	930	930	0
	301	931	0
	931	931	0
	302	932	0
	932	932	0
	57	933	0
	303	933	0
	933	933	0
	304	934	0
	934	934	0
	305	935	0
	935	935	0
	306	936	0
	936	936	0
	307	937	0
	937	937	0
	308	938	0
	938	938	0
	309	939	0
	939	939	0
	58	940	0
	310	940	0
	940	940	0
	311	941	0
	941	941	0
	312	942	0
	942	942	0
	313	943	0
	943	943	0
	314	944	0
	944	944	0
	315	945	0
	945	945	0
	316	946	0
	946	946	0
	59	947	0
	317	947	0
	947	947	0
	318	948	0
	948	948	0
	319	949	0
	949	949	0
	320	950	0
	950	950	0
	321	951	0
	951	951	0
	322	952	0
	952	952	0
	323	953	0
	953	953	0
	60	954	0
	324	954	0
	954	954	0
	325	955	0
	955	955	0
	326	956	0
	956	956	0
	327	957	0
	957	957	0
	328	958	0
	958	958	0
	329	959	0
	959	959	0
	330	960	0
	960	960	0
	61	961	0
	331	961	0
	961	961	0
	332	962	0
	962	962	0
	333	963	0
	963	963	0
	334	964	0
	964	964	0
	335	965	0
	965	965	0
	336	966	0
	966	966	0
	337	967	0
	967	967	0
	62	968	0
	338	968	0
	968	968	0
	339	969	0
	969	969	0
	340	970	0
	970	970	0
	341	971	0
	971	971	0
	342	972	0
	972	972	0
	343	973	0
	973	973	0
	344	974	0
	974	974	0
	63	975	0
	345	975	0
	975	975	0
	346	976	0
	976	976	0
	347	977	0
	977	977	0
	348	978	0
	978	978	0
	349	979	0
	979	979	0
	350	980	0
	980	980	0
	351	981	0
	981	981	0
	64	982	0
	352	982	0
	982	982	0
	353	983	0
	983	983	0
	354	984	0
	984	984	0
	355	985	0
	985	985	0
	356	986	0
	986	986	0
	357	987	0
	987	987	0
	358	988	0
	988	988	0
	65	989	0
	359	989	0
	989	989	0
	360	990	0
	990	990	0
	361	991	0
	991	991	0
	362	992	0
	992	992	0
	363	993	0
	993	993	0
	364	994	0
	994	994	0
	365	995	0
	995	995	0
	66	996	0
	366	996	0
	996	996	0
	367	997	0
	997	997	0
	368	998	0
	998	998	0
	369	999	0
	999	999	0
	370	1000	0
	1000	1000	0
	371	1001	0
	1001	1001	0
	372	1002	0
	1002	1002	0
	67	1003	0
	373	1003	0
	1003	1003	0
	374	1004	0
	1004	1004	0
	375	1005	0
	1005	1005	0
	376	1006	0
	1006	1006	0
	377	1007	0
	1007	1007	0
	378	1008	0
	1008	1008	0
	379	1009	0
	1009	1009	0
	68	1010	0
	380	1010	0
	1010	1010	0
	381	1011	0
	1011	1011	0
	382	1012	0
	1012	1012	0
	383	1013	0
	1013	1013	0
	384	1014	0
	1014	1014	0
	385	1015	0
	1015	1015	0
	386	1016	0
	1016	1016	0
	69	1017	0
	387	1017	0
	1017	1017	0
	388	1018	0
	1018	1018	0
	389	1019	0
	1019	1019	0
	390	1020	0
	1020	1020	0
	391	1021	0
	1021	1021	0
	392	1022	0
	1022	1022	0
	393	1023	0
	1023	1023	0
	70	1024	0
	394	1024	0
	1024	1024	0
	395	1025	0
	1025	1025	0
	396	1026	0
	1026	1026	0
	397	1027	0
	1027	1027	0
	398	1028	0
	1028	1028	0
	399	1029	0
	1029	1029	0
	400	1030	0
	1030	1030	0
	71	1031	0
	401	1031	0
	1031	1031	0
	402	1032	0
	1032	1032	0
	403	1033	0
	1033	1033	0
	404	1034	0
	1034	1034	0
	405	1035	0
	1035	1035	0
	406	1036	0
	1036	1036	0
	407	1037	0
	1037	1037	0
	72	1038	0
	408	1038	0
	1038	1038	0
	409	1039	0
	1039	1039	0
	410	1040	0
	1040	1040	0
	411	1041	0
	1041	1041	0
	412	1042	0
	1042	1042	0
	413	1043	0
	1043	1043	0
	414	1044	0
	1044	1044	0
	73	1045	0
	415	1045	0
	1045	1045	0
	416	1046	0
	1046	1046	0
	417	1047	0
	1047	1047	0
	418	1048	0
	1048	1048	0
	419	1049	0
	1049	1049	0
	420	1050	0
	1050	1050	0
	421	1051	0
	1051	1051	0
	74	1052	0
	422	1052	0
	1052	1052	0
	423	1053	0
	1053	1053	0
	424	1054	0
	1054	1054	0
	425	1055	0
	1055	1055	0
	426	1056	0
	1056	1056	0
	427	1057	0
	1057	1057	0
	428	1058	0
	1058	1058	0
	75	1059	0
	429	1059	0
	1059	1059	0
	430	1060	0
	1060	1060	0
	431	1061	0
	1061	1061	0
	432	1062	0
	1062	1062	0
	433	1063	0
	1063	1063	0
	434	1064	0
	1064	1064	0
	435	1065	0
	1065	1065	0
	76	1066	0
	436	1066	0
	1066	1066	0
	437	1067	0
	1067	1067	0
	438	1068	0
	1068	1068	0
	439	1069	0
	1069	1069	0
	440	1070	0
	1070	1070	0
	441	1071	0
	1071	1071	0
	442	1072	0
	1072	1072	0
	77	1073	0
	443	1073	0
	1073	1073	0
	444	1074	0
	1074	1074	0
	445	1075	0
	1075	1075	0
	446	1076	0
	1076	1076	0
	447	1077	0
	1077	1077	0
	448	1078	0
	1078	1078	0
	449	1079	0
	1079	1079	0
	78	1080	0
	450	1080	0
	1080	1080	0
	451	1081	0
	1081	1081	0
	452	1082	0
	1082	1082	0
	453	1083	0
	1083	1083	0
	454	1084	0
	1084	1084	0
	455	1085	0
	1085	1085	0
	456	1086	0
	1086	1086	0
	79	1087	0
	457	1087	0
	1087	1087	0
	458	1088	0
	1088	1088	0
	459	1089	0
	1089	1089	0
	460	1090	0
	1090	1090	0
	461	1091	0
	1091	1091	0
	462	1092	0
	1092	1092	0
	463	1093	0
	1093	1093	0
	80	1094	0
	464	1094	0
	1094	1094	0
	465	1095	0
	1095	1095	0
	466	1096	0
	1096	1096	0
	467	1097	0
	1097	1097	0
	468	1098	0
	1098	1098	0
	469	1099	0
	1099	1099	0
	470	1100	0
	1100	1100	0
	81	1101	0
	471	1101	0
	1101	1101	0
	472	1102	0
	1102	1102	0
	473	1103	0
	1103	1103	0
	474	1104	0
	1104	1104	0
	475	1105	0
	1105	1105	0
	476	1106	0
	1106	1106	0
	477	1107	0
	1107	1107	0
	82	1108	0
	478	1108	0
	1108	1108	0
	479	1109	0
	1109	1109	0
	480	1110	0
	1110	1110	0
	481	1111	0
	1111	1111	0
	482	1112	0
	1112	1112	0
	483	1113	0
	1113	1113	0
	484	1114	0
	1114	1114	0
	83	1115	0
	485	1115	0
	1115	1115	0
	486	1116	0
	1116	1116	0
	487	1117	0
	1117	1117	0
	488	1118	0
	1118	1118	0
	489	1119	0
	1119	1119	0
	490	1120	0
	1120	1120	0
	491	1121	0
	1121	1121	0
	84	1122	0
	492	1122	0
	1122	1122	0
	493	1123	0
	1123	1123	0
	494	1124	0
	1124	1124	0
	495	1125	0
	1125	1125	0
	496	1126	0
	1126	1126	0
	497	1127	0
	1127	1127	0
	498	1128	0
	1128	1128	0
	85	1129	0
	499	1129	0
	1129	1129	0
	500	1130	0
	1130	1130	0
	501	1131	0
	1131	1131	0
	502	1132	0
	1132	1132	0
	503	1133	0
	1133	1133	0
	504	1134	0
	1134	1134	0
	505	1135	0
	1135	1135	0
	86	1136	0
	506	1136	0
	1136	1136	0
	507	1137	0
	1137	1137	0
	508	1138	0
	1138	1138	0
	509	1139	0
	1139	1139	0
	510	1140	0
	1140	1140	0
	511	1141	0
	1141	1141	0
	512	1142	0
	1142	1142	0
	87	1143	0
	513	1143	0
	1143	1143	0
	514	1144	0
	1144	1144	0
	515	1145	0
	1145	1145	0
	516	1146	0
	1146	1146	0
	517	1147	0
	1147	1147	0
	518	1148	0
	1148	1148	0
	519	1149	0
	1149	1149	0
	88	1150	0
	520	1150	0
	1150	1150	0
	521	1151	0
	1151	1151	0
	522	1152	0
	1152	1152	0
	523	1153	0
	1153	1153	0
	524	1154	0
	1154	1154	0
	525	1155	0
	1155	1155	0
	526	1156	0
	1156	1156	0
	89	1157	0
	527	1157	0
	1157	1157	0
	528	1158	0
	1158	1158	0
	529	1159	0
	1159	1159	0
	530	1160	0
	1160	1160	0
	531	1161	0
	1161	1161	0
	532	1162	0
	1162	1162	0
	533	1163	0
	1163	1163	0
	90	1164	0
	534	1164	0
	1164	1164	0
	535	1165	0
	1165	1165	0
	536	1166	0
	1166	1166	0
	537	1167	0
	1167	1167	0
	538	1168	0
	1168	1168	0
	539	1169	0
	1169	1169	0
	540	1170	0
	1170	1170	0
	91	1171	0
	541	1171	0
	1171	1171	0
	542	1172	0
	1172	1172	0
	543	1173	0
	1173	1173	0
	544	1174	0
	1174	1174	0
	545	1175	0
	1175	1175	0
	546	1176	0
	1176	1176	0
	547	1177	0
	1177	1177	0
	92	1178	0
	548	1178	0
	1178	1178	0
	549	1179	0
	1179	1179	0
	550	1180	0
	1180	1180	0
	551	1181	0
	1181	1181	0
	552	1182	0
	1182	1182	0
	553	1183	0
	1183	1183	0
	554	1184	0
	1184	1184	0
	93	1185	0
	555	1185	0
	1185	1185	0
	556	1186	0
	1186	1186	0
	557	1187	0
	1187	1187	0
	558	1188	0
	1188	1188	0
	559	1189	0
	1189	1189	0
	560	1190	0
	1190	1190	0
	561	1191	0
	1191	1191	0
	94	1192	0
	562	1192	0
	1192	1192	0
	563	1193	0
	1193	1193	0
	564	1194	0
	1194	1194	0
	565	1195	0
	1195	1195	0
	566	1196	0
	1196	1196	0
	567	1197	0
	1197	1197	0
	568	1198	0
	1198	1198	0
	95	1199	0
	569	1199	0
	1199	1199	0
	570	1200	0
	1200	1200	0
	571	1201	0
	1201	1201	0
	572	1202	0
	1202	1202	0
	573	1203	0
	1203	1203	0
	574	1204	0
	1204	1204	0
	575	1205	0
	1205	1205	0
	96	1206	0
	576	1206	0
	1206	1206	0
	577	1207	0
	1207	1207	0
	578	1208	0
	1208	1208	0
	579	1209	0
	1209	1209	0
	580	1210	0
	1210	1210	0
	581	1211	0
	1211	1211	0
	582	1212	0
	1212	1212	0
	97	1213	0
	583	1213	0
	1213	1213	0
	584	1214	0
	1214	1214	0
	585	1215	0
	1215	1215	0
	586	1216	0
	1216	1216	0
	587	1217	0
	1217	1217	0
	588	1218	0
	1218	1218	0
	589	1219	0
	1219	1219	0
	98	1220	0
	590	1220	0
	1220	1220	0
	591	1221	0
	1221	1221	0
	592	1222	0
	1222	1222	0
	593	1223	0
	1223	1223	0
	594	1224	0
	1224	1224	0
	595	1225	0
	1225	1225	0
	596	1226	0
	1226	1226	0
	99	1227	0
	597	1227	0
	1227	1227	0
	598	1228	0
	1228	1228	0
	599	1229	0
	1229	1229	0
	600	1230	0
	1230	1230	0
	601	1231	0
	1231	1231	0
	602	1232	0
	1232	1232	0
	603	1233	0
	1233	1233	0
	100	1234	0
	604	1234	0
	1234	1234	0
	605	1235	0
	1235	1235	0
	606	1236	0
	1236	1236	0
	607	1237	0
	1237	1237	0
	608	1238	0
	1238	1238	0
	609	1239	0
	1239	1239	0
	610	1240	0
	1240	1240	0
	101	1241	0
	611	1241	0
	1241	1241	0
	612	1242	0
	1242	1242	0
	613	1243	0
	1243	1243	0
	614	1244	0
	1244	1244	0
	615	1245	0
	1245	1245	0
	616	1246	0
	1246	1246	0
	617	1247	0
	1247	1247	0
	102	1248	0
	618	1248	0
	1248	1248	0
	619	1249	0
	1249	1249	0
	620	1250	0
	1250	1250	0
	621	1251	0
	1251	1251	0
	622	1252	0
	1252	1252	0
	623	1253	0
	1253	1253	0
	624	1254	0
	1254	1254	0
	103	1255	0
	625	1255	0
	1255	1255	0
	626	1256	0
	1256	1256	0
	627	1257	0
	1257	1257	0
	628	1258	0
	1258	1258	0
	629	1259	0
	1259	1259	0
	630	1260	0
	1260	1260	0
	631	1261	0
	1261	1261	0
	104	1262	0
	632	1262	0
	1262	1262	0
	633	1263	0
	1263	1263	0
	634	1264	0
	1264	1264	0
	635	1265	0
	1265	1265	0
	636	1266	0
	1266	1266	0
	637	1267	0
	1267	1267	0
	638	1268	0
	1268	1268	0
	105	1269	0
	639	1269	0
	1269	1269	0
	640	1270	0
	1270	1270	0
	641	1271	0
	1271	1271	0
	642	1272	0
	1272	1272	0
	643	1273	0
	1273	1273	0
	644	1274	0
	1274	1274	0
	645	1275	0
	1275	1275	0
	106	1276	0
	646	1276	0
	1276	1276	0
	647	1277	0
	1277	1277	0
	648	1278	0
	1278	1278	0
	649	1279	0
	1279	1279	0
	650	1280	0
	1280	1280	0
	651	1281	0
	1281	1281	0
	652	1282	0
	1282	1282	0
	107	1283	0
	653	1283	0
	1283	1283	0
	654	1284	0
	1284	1284	0
	655	1285	0
	1285	1285	0
	656	1286	0
	1286	1286	0
	657	1287	0
	1287	1287	0
	658	1288	0
	1288	1288	0
	659	1289	0
	1289	1289	0
	108	1290	0
	660	1290	0
	1290	1290	0
	661	1291	0
	1291	1291	0
	662	1292	0
	1292	1292	0
	663	1293	0
	1293	1293	0
	664	1294	0
	1294	1294	0
	665	1295	0
	1295	1295	0
	666	1296	0
	1296	1296	0
	109	1297	0
	667	1297	0
	1297	1297	0
	668	1298	0
	1298	1298	0
	669	1299	0
	1299	1299	0
	670	1300	0
	1300	1300	0
	671	1301	0
	1301	1301	0
	672	1302	0
	1302	1302	0
	673	1303	0
	1303	1303	0
	110	1304	0
	674	1304	0
	1304	1304	0
	675	1305	0
	1305	1305	0
	676	1306	0
	1306	1306	0
	677	1307	0
	1307	1307	0
	678	1308	0
	1308	1308	0
	679	1309	0
	1309	1309	0
	680	1310	0
	1310	1310	0
	111	1311	0
	681	1311	0
	1311	1311	0
	682	1312	0
	1312	1312	0
	683	1313	0
	1313	1313	0
	684	1314	0
	1314	1314	0
	685	1315	0
	1315	1315	0
	686	1316	0
	1316	1316	0
	687	1317	0
	1317	1317	0
	112	1318	0
	688	1318	0
	1318	1318	0
	689	1319	0
	1319	1319	0
	690	1320	0
	1320	1320	0
	691	1321	0
	1321	1321	0
	692	1322	0
	1322	1322	0
	693	1323	0
	1323	1323	0
	694	1324	0
	1324	1324	0
	113	1325	0
	695	1325	0
	1325	1325	0
	696	1326	0
	1326	1326	0
	697	1327	0
	1327	1327	0
	698	1328	0
	1328	1328	0
	699	1329	0
	1329	1329	0
	700	1330	0
	1330	1330	0
	701	1331	0
	1331	1331	0
	114	1332	0
	702	1332	0
	1332	1332	0
	703	1333	0
	1333	1333	0
	704	1334	0
	1334	1334	0
	705	1335	0
	1335	1335	0
	706	1336	0
	1336	1336	0
	707	1337	0
	1337	1337	0
	708	1338	0
	1338	1338	0
	115	1339	0
	709	1339	0
	1339	1339	0
	710	1340	0
	1340	1340	0
	711	1341	0
	1341	1341	0
	712	1342	0
	1342	1342	0
	713	1343	0
	1343	1343	0
	714	1344	0
	1344	1344	0
	715	1345	0
	1345	1345	0
	116	1346	0
	716	1346	0
	1346	1346	0
	717	1347	0
	1347	1347	0
	718	1348	0
	1348	1348	0
	719	1349	0
	1349	1349	0
	720	1350	0
	1350	1350	0
	721	1351	0
	1351	1351	0
	722	1352	0
	1352	1352	0
	117	1353	0
	723	1353	0
	1353	1353	0
	724	1354	0
	1354	1354	0
	725	1355	0
	1355	1355	0
	726	1356	0
	1356	1356	0
	727	1357	0
	1357	1357	0
	728	1358	0
	1358	1358	0
	729	1359	0
	1359	1359	0
	118	1360	0
	730	1360	0
	1360	1360	0
	731	1361	0
	1361	1361	0
	732	1362	0
	1362	1362	0
	733	1363	0
	1363	1363	0
	734	1364	0
	1364	1364	0
	735	1365	0
	1365	1365	0
	736	1366	0
	1366	1366	0
	119	1367	0
	737	1367	0
	1367	1367	0
	738	1368	0
	1368	1368	0
	739	1369	0
	1369	1369	0
	740	1370	0
	1370	1370	0
	741	1371	0
	1371	1371	0
	742	1372	0
	1372	1372	0
	743	1373	0
	1373	1373	0
	120	1374	0
	744	1374	0
	1374	1374	0
	745	1375	0
	1375	1375	0
	746	1376	0
	1376	1376	0
	747	1377	0
	1377	1377	0
	748	1378	0
	1378	1378	0
	749	1379	0
	1379	1379	0
	750	1380	0
	1380	1380	0
	1	1381	0
	127	1381	0
	1381	1381	0
	1	1382	0
	134	1382	0
	1382	1382	0
	1	1383	0
	141	1383	0
	1383	1383	0
	2	1384	0
	148	1384	0
	1384	1384	0
	2	1385	0
	155	1385	0
	1385	1385	0
	2	1386	0
	162	1386	0
	1386	1386	0
	3	1387	0
	169	1387	0
	1387	1387	0
	3	1388	0
	176	1388	0
	1388	1388	0
	3	1389	0
	183	1389	0
	1389	1389	0
	4	1390	0
	190	1390	0
	1390	1390	0
	4	1391	0
	197	1391	0
	1391	1391	0
	4	1392	0
	204	1392	0
	1392	1392	0
	5	1393	0
	211	1393	0
	1393	1393	0
	5	1394	0
	218	1394	0
	1394	1394	0
	5	1395	0
	225	1395	0
	1395	1395	0
	6	1396	0
	232	1396	0
	1396	1396	0
	6	1397	0
	239	1397	0
	1397	1397	0
	6	1398	0
	246	1398	0
	1398	1398	0
	7	1399	0
	253	1399	0
	1399	1399	0
	7	1400	0
	260	1400	0
	1400	1400	0
	7	1401	0
	267	1401	0
	1401	1401	0
	8	1402	0
	274	1402	0
	1402	1402	0
	8	1403	0
	281	1403	0
	1403	1403	0
	8	1404	0
	288	1404	0
	1404	1404	0
	9	1405	0
	295	1405	0
	1405	1405	0
	9	1406	0
	302	1406	0
	1406	1406	0
	9	1407	0
	309	1407	0
	1407	1407	0
	10	1408	0
	316	1408	0
	1408	1408	0
	10	1409	0
	323	1409	0
	1409	1409	0
	10	1410	0
	330	1410	0
	1410	1410	0
	11	1411	0
	337	1411	0
	1411	1411	0
	11	1412	0
	344	1412	0
	1412	1412	0
	11	1413	0
	351	1413	0
	1413	1413	0
	12	1414	0
	358	1414	0
	1414	1414	0
	12	1415	0
	365	1415	0
	1415	1415	0
	12	1416	0
	372	1416	0
	1416	1416	0
	13	1417	0
	379	1417	0
	1417	1417	0
	13	1418	0
	386	1418	0
	1418	1418	0
	13	1419	0
	393	1419	0
	1419	1419	0
	14	1420	0
	400	1420	0
	1420	1420	0
	14	1421	0
	407	1421	0
	1421	1421	0
	14	1422	0
	414	1422	0
	1422	1422	0
	15	1423	0
	421	1423	0
	1423	1423	0
	15	1424	0
	428	1424	0
	1424	1424	0
	15	1425	0
	435	1425	0
	1425	1425	0
	16	1426	0
	442	1426	0
	1426	1426	0
	16	1427	0
	449	1427	0
	1427	1427	0
	16	1428	0
	456	1428	0
	1428	1428	0
	17	1429	0
	463	1429	0
	1429	1429	0
	17	1430	0
	470	1430	0
	1430	1430	0
	17	1431	0
	477	1431	0
	1431	1431	0
	18	1432	0
	484	1432	0
	1432	1432	0
	18	1433	0
	491	1433	0
	1433	1433	0
	18	1434	0
	498	1434	0
	1434	1434	0
	19	1435	0
	505	1435	0
	1435	1435	0
	19	1436	0
	512	1436	0
	1436	1436	0
	19	1437	0
	519	1437	0
	1437	1437	0
	20	1438	0
	526	1438	0
	1438	1438	0
	20	1439	0
	533	1439	0
	1439	1439	0
	20	1440	0
	540	1440	0
	1440	1440	0
	21	1441	0
	547	1441	0
	1441	1441	0
	21	1442	0
	554	1442	0
	1442	1442	0
	21	1443	0
	561	1443	0
	1443	1443	0
	22	1444	0
	568	1444	0
	1444	1444	0
	22	1445	0
	575	1445	0
	1445	1445	0
	22	1446	0
	582	1446	0
	1446	1446	0
	23	1447	0
	589	1447	0
	1447	1447	0
	23	1448	0
	596	1448	0
	1448	1448	0
	23	1449	0
	603	1449	0
	1449	1449	0
	24	1450	0
	610	1450	0
	1450	1450	0
	24	1451	0
	617	1451	0
	1451	1451	0
	24	1452	0
	624	1452	0
	1452	1452	0
	25	1453	0
	631	1453	0
	1453	1453	0
	25	1454	0
	638	1454	0
	1454	1454	0
	25	1455	0
	645	1455	0
	1455	1455	0
	26	1456	0
	652	1456	0
	1456	1456	0
	26	1457	0
	659	1457	0
	1457	1457	0
	26	1458	0
	666	1458	0
	1458	1458	0
	27	1459	0
	673	1459	0
	1459	1459	0
	27	1460	0
	680	1460	0
	1460	1460	0
	27	1461	0
	687	1461	0
	1461	1461	0
	28	1462	0
	694	1462	0
	1462	1462	0
	28	1463	0
	701	1463	0
	1463	1463	0
	28	1464	0
	708	1464	0
	1464	1464	0
	29	1465	0
	715	1465	0
	1465	1465	0
	29	1466	0
	722	1466	0
	1466	1466	0
	29	1467	0
	729	1467	0
	1467	1467	0
	30	1468	0
	736	1468	0
	1468	1468	0
	30	1469	0
	743	1469	0
	1469	1469	0
	30	1470	0
	750	1470	0
	1470	1470	0
	1	1471	0
	1381	1471	0
	1471	1471	0
	1	1472	0
	1382	1472	0
	1472	1472	0
	1	1473	0
	1383	1473	0
	1473	1473	0
	2	1474	0
	1384	1474	0
	1474	1474	0
	2	1475	0
	1385	1475	0
	1475	1475	0
	2	1476	0
	1386	1476	0
	1476	1476	0
	3	1477	0
	1387	1477	0
	1477	1477	0
	3	1478	0
	1388	1478	0
	1478	1478	0
	3	1479	0
	1389	1479	0
	1479	1479	0
	4	1480	0
	1390	1480	0
	1480	1480	0
	4	1481	0
	1391	1481	0
	1481	1481	0
	4	1482	0
	1392	1482	0
	1482	1482	0
	5	1483	0
	1393	1483	0
	1483	1483	0
	5	1484	0
	1394	1484	0
	1484	1484	0
	5	1485	0
	1395	1485	0
	1485	1485	0
	6	1486	0
	1396	1486	0
	1486	1486	0
	6	1487	0
	1397	1487	0
	1487	1487	0
	6	1488	0
	1398	1488	0
	1488	1488	0
	7	1489	0
	1399	1489	0
	1489	1489	0
	7	1490	0
	1400	1490	0
	1490	1490	0
	7	1491	0
	1401	1491	0
	1491	1491	0
	8	1492	0
	1402	1492	0
	1492	1492	0
	8	1493	0
	1403	1493	0
	1493	1493	0
	8	1494	0
	1404	1494	0
	1494	1494	0
	9	1495	0
	1405	1495	0
	1495	1495	0
	9	1496	0
	1406	1496	0
	1496	1496	0
	9	1497	0
	1407	1497	0
	1497	1497	0
	10	1498	0
	1408	1498	0
	1498	1498	0
	10	1499	0
	1409	1499	0
	1499	1499	0
	10	1500	0
	1410	1500	0
	1500	1500	0
	11	1501	0
	1411	1501	0
	1501	1501	0
	11	1502	0
	1412	1502	0
	1502	1502	0
	11	1503	0
	1413	1503	0
	1503	1503	0
	12	1504	0
	1414	1504	0
	1504	1504	0
	12	1505	0
	1415	1505	0
	1505	1505	0
	12	1506	0
	1416	1506	0
	1506	1506	0
	13	1507	0
	1417	1507	0
	1507	1507	0
	13	1508	0
	1418	1508	0
	1508	1508	0
	13	1509	0
	1419	1509	0
	1509	1509	0
	14	1510	0
	1420	1510	0
	1510	1510	0
	14	1511	0
	1421	1511	0
	1511	1511	0
	14	1512	0
	1422	1512	0
	1512	1512	0
	15	1513	0
	1423	1513	0
	1513	1513	0
	15	1514	0
	1424	1514	0
	1514	1514	0
	15	1515	0
	1425	1515	0
	1515	1515	0
	16	1516	0
	1426	1516	0
	1516	1516	0
	16	1517	0
	1427	1517	0
	1517	1517	0
	16	1518	0
	1428	1518	0
	1518	1518	0
	17	1519	0
	1429	1519	0
	1519	1519	0
	17	1520	0
	1430	1520	0
	1520	1520	0
	17	1521	0
	1431	1521	0
	1521	1521	0
	18	1522	0
	1432	1522	0
	1522	1522	0
	18	1523	0
	1433	1523	0
	1523	1523	0
	18	1524	0
	1434	1524	0
	1524	1524	0
	19	1525	0
	1435	1525	0
	1525	1525	0
	19	1526	0
	1436	1526	0
	1526	1526	0
	19	1527	0
	1437	1527	0
	1527	1527	0
	20	1528	0
	1438	1528	0
	1528	1528	0
	20	1529	0
	1439	1529	0
	1529	1529	0
	20	1530	0
	1440	1530	0
	1530	1530	0
	21	1531	0
	1441	1531	0
	1531	1531	0
	21	1532	0
	1442	1532	0
	1532	1532	0
	21	1533	0
	1443	1533	0
	1533	1533	0
	22	1534	0
	1444	1534	0
	1534	1534	0
	22	1535	0
	1445	1535	0
	1535	1535	0
	22	1536	0
	1446	1536	0
	1536	1536	0
	23	1537	0
	1447	1537	0
	1537	1537	0
	23	1538	0
	1448	1538	0
	1538	1538	0
	23	1539	0
	1449	1539	0
	1539	1539	0
	24	1540	0
	1450	1540	0
	1540	1540	0
	24	1541	0
	1451	1541	0
	1541	1541	0
	24	1542	0
	1452	1542	0
	1542	1542	0
	25	1543	0
	1453	1543	0
	1543	1543	0
	25	1544	0
	1454	1544	0
	1544	1544	0
	25	1545	0
	1455	1545	0
	1545	1545	0
	26	1546	0
	1456	1546	0
	1546	1546	0
	26	1547	0
	1457	1547	0
	1547	1547	0
	26	1548	0
	1458	1548	0
	1548	1548	0
	27	1549	0
	1459	1549	0
	1549	1549	0
	27	1550	0
	1460	1550	0
	1550	1550	0
	27	1551	0
	1461	1551	0
	1551	1551	0
	28	1552	0
	1462	1552	0
	1552	1552	0
	28	1553	0
	1463	1553	0
	1553	1553	0
	28	1554	0
	1464	1554	0
	1554	1554	0
	29	1555	0
	1465	1555	0
	1555	1555	0
	29	1556	0
	1466	1556	0
	1556	1556	0
	29	1557	0
	1467	1557	0
	1557	1557	0
	30	1558	0
	1468	1558	0
	1558	1558	0
	30	1559	0
	1469	1559	0
	1559	1559	0
	30	1560	0
	1470	1560	0
	1560	1560	0
	121	1561	0
	122	1561	0
	123	1561	0
	124	1561	0
	125	1561	0
	126	1561	0
	127	1561	0
	128	1561	0
	129	1561	0
	130	1561	0
	131	1561	0
	132	1561	0
	133	1561	0
	134	1561	0
	135	1561	0
	136	1561	0
	137	1561	0
	138	1561	0
	139	1561	0
	140	1561	0
	141	1561	0
	142	1561	0
	143	1561	0
	144	1561	0
	145	1561	0
	146	1561	0
	147	1561	0
	148	1561	0
	149	1561	0
	150	1561	0
	151	1561	0
	152	1561	0
	153	1561	0
	154	1561	0
	155	1561	0
	156	1561	0
	157	1561	0
	158	1561	0
	159	1561	0
	160	1561	0
	161	1561	0
	162	1561	0
	163	1561	0
	164	1561	0
	165	1561	0
	166	1561	0
	167	1561	0
	168	1561	0
	169	1561	0
	170	1561	0
	171	1561	0
	172	1561	0
	173	1561	0
	174	1561	0
	175	1561	0
	176	1561	0
	177	1561	0
	178	1561	0
	179	1561	0
	180	1561	0
	181	1561	0
	182	1561	0
	183	1561	0
	184	1561	0
	185	1561	0
	186	1561	0
	187	1561	0
	188	1561	0
	189	1561	0
	190	1561	0
	191	1561	0
	192	1561	0
	193	1561	0
	194	1561	0
	195	1561	0
	196	1561	0
	197	1561	0
	198	1561	0
	199	1561	0
	200	1561	0
	201	1561	0
	202	1561	0
	203	1561	0
	204	1561	0
	205	1561	0
	206	1561	0
	207	1561	0
	208	1561	0
	209	1561	0
	210	1561	0
	211	1561	0
	212	1561	0
	213	1561	0
	214	1561	0
	215	1561	0
	216	1561	0
	217	1561	0
	218	1561	0
	219	1561	0
	220	1561	0
	221	1561	0
	222	1561	0
	223	1561	0
	224	1561	0
	225	1561	0
	226	1561	0
	227	1561	0
	228	1561	0
	229	1561	0
	230	1561	0
	231	1561	0
	232	1561	0
	233	1561	0
	234	1561	0
	235	1561	0
	236	1561	0
	237	1561	0
	238	1561	0
	239	1561	0
	240	1561	0
	241	1561	0
	242	1561	0
	243	1561	0
	244	1561	0
	245	1561	0
	246	1561	0
	247	1561	0
	248	1561	0
	249	1561	0
	250	1561	0
	251	1561	0
	252	1561	0
	253	1561	0
	254	1561	0
	255	1561	0
	256	1561	0
	257	1561	0
	258	1561	0
	259	1561	0
	260	1561	0
	261	1561	0
	262	1561	0
	263	1561	0
	264	1561	0
	265	1561	0
	266	1561	0
	267	1561	0
	268	1561	0
	269	1561	0
	270	1561	0
	271	1561	0
	272	1561	0
	273	1561	0
	274	1561	0
	275	1561	0
	276	1561	0
	277	1561	0
	278	1561	0
	279	1561	0
	280	1561	0
	281	1561	0
	282	1561	0
	283	1561	0
	284	1561	0
	285	1561	0
	286	1561	0
	287	1561	0
	288	1561	0
	289	1561	0
	290	1561	0
	291	1561	0
	292	1561	0
	293	1561	0
	294	1561	0
	295	1561	0
	296	1561	0
	297	1561	0
	298	1561	0
	299	1561	0
	300	1561	0
	301	1561	0
	302	1561	0
	303	1561	0
	304	1561	0
	305	1561	0
	306	1561	0
	307	1561	0
	308	1561	0
	309	1561	0
	310	1561	0
	311	1561	0
	312	1561	0
	313	1561	0
	314	1561	0
	315	1561	0
	316	1561	0
	317	1561	0
	318	1561	0
	319	1561	0
	320	1561	0
	321	1561	0
	322	1561	0
	323	1561	0
	324	1561	0
	325	1561	0
	326	1561	0
	327	1561	0
	328	1561	0
	329	1561	0
	330	1561	0
	331	1561	0
	332	1561	0
	333	1561	0
	334	1561	0
	335	1561	0
	336	1561	0
	337	1561	0
	338	1561	0
	339	1561	0
	340	1561	0
	341	1561	0
	342	1561	0
	343	1561	0
	344	1561	0
	345	1561	0
	346	1561	0
	347	1561	0
	348	1561	0
	349	1561	0
	350	1561	0
	351	1561	0
	352	1561	0
	353	1561	0
	354	1561	0
	355	1561	0
	356	1561	0
	357	1561	0
	358	1561	0
	359	1561	0
	360	1561	0
	361	1561	0
	362	1561	0
	363	1561	0
	364	1561	0
	365	1561	0
	366	1561	0
	367	1561	0
	368	1561	0
	369	1561	0
	370	1561	0
	371	1561	0
	372	1561	0
	373	1561	0
	374	1561	0
	375	1561	0
	376	1561	0
	377	1561	0
	378	1561	0
	379	1561	0
	380	1561	0
	381	1561	0
	382	1561	0
	383	1561	0
	384	1561	0
	385	1561	0
	386	1561	0
	387	1561	0
	388	1561	0
	389	1561	0
	390	1561	0
	391	1561	0
	392	1561	0
	393	1561	0
	394	1561	0
	395	1561	0
	396	1561	0
	397	1561	0
	398	1561	0
	399	1561	0
	400	1561	0
	401	1561	0
	402	1561	0
	403	1561	0
	404	1561	0
	405	1561	0
	406	1561	0
	407	1561	0
	408	1561	0
	409	1561	0
	410	1561	0
	411	1561	0
	412	1561	0
	413	1561	0
	414	1561	0
	415	1561	0
	416	1561	0
	417	1561	0
	418	1561	0
	419	1561	0
	420	1561	0
	421	1561	0
	422	1561	0
	423	1561	0
	424	1561	0
	425	1561	0
	426	1561	0
	427	1561	0
	428	1561	0
	429	1561	0
	430	1561	0
	431	1561	0
	432	1561	0
	433	1561	0
	434	1561	0
	435	1561	0
	436	1561	0
	437	1561	0
	438	1561	0
	439	1561	0
	440	1561	0
	441	1561	0
	442	1561	0
	443	1561	0
	444	1561	0
	445	1561	0
	446	1561	0
	447	1561	0
	448	1561	0
	449	1561	0
	450	1561	0
	451	1561	0
	452	1561	0
	453	1561	0
	454	1561	0
	455	1561	0
	456	1561	0
	457	1561	0
	458	1561	0
	459	1561	0
	460	1561	0
	461	1561	0
	462	1561	0
	463	1561	0
	464	1561	0
	465	1561	0
	466	1561	0
	467	1561	0
	468	1561	0
	469	1561	0
	470	1561	0
	471	1561	0
	472	1561	0
	473	1561	0
	474	1561	0
	475	1561	0
	476	1561	0
	477	1561	0
	478	1561	0
	479	1561	0
	480	1561	0
	481	1561	0
	482	1561	0
	483	1561	0
	484	1561	0
	485	1561	0
	486	1561	0
	487	1561	0
	488	1561	0
	489	1561	0
	490	1561	0
	491	1561	0
	492	1561	0
	493	1561	0
	494	1561	0
	495	1561	0
	496	1561	0
	497	1561	0
	498	1561	0
	499	1561	0
	500	1561	0
	501	1561	0
	502	1561	0
	503	1561	0
	504	1561	0
	505	1561	0
	506	1561	0
	507	1561	0
	508	1561	0
	509	1561	0
	510	1561	0
	511	1561	0
	512	1561	0
	513	1561	0
	514	1561	0
	515	1561	0
	516	1561	0
	517	1561	0
	518	1561	0
	519	1561	0
	520	1561	0
	521	1561	0
	522	1561	0
	523	1561	0
	524	1561	0
	525	1561	0
	526	1561	0
	527	1561	0
	528	1561	0
	529	1561	0
	530	1561	0
	531	1561	0
	532	1561	0
	533	1561	0
	534	1561	0
	535	1561	0
	536	1561	0
	537	1561	0
	538	1561	0
	539	1561	0
	540	1561	0
	541	1561	0
	542	1561	0
	543	1561	0
	544	1561	0
	545	1561	0
	546	1561	0
	547	1561	0
	548	1561	0
	549	1561	0
	550	1561	0
	551	1561	0
	552	1561	0
	553	1561	0
	554	1561	0
	555	1561	0
	556	1561	0
	557	1561	0
	558	1561	0
	559	1561	0
	560	1561	0
	561	1561	0
	562	1561	0
	563	1561	0
	564	1561	0
	565	1561	0
	566	1561	0
	567	1561	0
	568	1561	0
	569	1561	0
	570	1561	0
	571	1561	0
	572	1561	0
	573	1561	0
	574	1561	0
	575	1561	0
	576	1561	0
	577	1561	0
	578	1561	0
	579	1561	0
	580	1561	0
	581	1561	0
	582	1561	0
	583	1561	0
	584	1561	0
	585	1561	0
	586	1561	0
	587	1561	0
	588	1561	0
	589	1561	0
	590	1561	0
	591	1561	0
	592	1561	0
	593	1561	0
	594	1561	0
	595	1561	0
	596	1561	0
	597	1561	0
	598	1561	0
	599	1561	0
	600	1561	0
	601	1561	0
	602	1561	0
	603	1561	0
	604	1561	0
	605	1561	0
	606	1561	0
	607	1561	0
	608	1561	0
	609	1561	0
	610	1561	0
	611	1561	0
	612	1561	0
	613	1561	0
	614	1561	0
	615	1561	0
	616	1561	0
	617	1561	0
	618	1561	0
	619	1561	0
	620	1561	0
	621	1561	0
	622	1561	0
	623	1561	0
	624	1561	0
	625	1561	0
	626	1561	0
	627	1561	0
	628	1561	0
	629	1561	0
	630	1561	0
	631	1561	0
	632	1561	0
	633	1561	0
	634	1561	0
	635	1561	0
	636	1561	0
	637	1561	0
	638	1561	0
	639	1561	0
	640	1561	0
	641	1561	0
	642	1561	0
	643	1561	0
	644	1561	0
	645	1561	0
	646	1561	0
	647	1561	0
	648	1561	0
	649	1561	0
	650	1561	0
	651	1561	0
	652	1561	0
	653	1561	0
	654	1561	0
	655	1561	0
	656	1561	0
	657	1561	0
	658	1561	0
	659	1561	0
	660	1561	0
	661	1561	0
	662	1561	0
	663	1561	0
	664	1561	0
	665	1561	0
	666	1561	0
	667	1561	0
	668	1561	0
	669	1561	0
	670	1561	0
	671	1561	0
	672	1561	0
	673	1561	0
	674	1561	0
	675	1561	0
	676	1561	0
	677	1561	0
	678	1561	0
	679	1561	0
	680	1561	0
	681	1561	0
	682	1561	0
	683	1561	0
	684	1561	0
	685	1561	0
	686	1561	0
	687	1561	0
	688	1561	0
	689	1561	0
	690	1561	0
	691	1561	0
	692	1561	0
	693	1561	0
	694	1561	0
	695	1561	0
	696	1561	0
	697	1561	0
	698	1561	0
	699	1561	0
	700	1561	0
	701	1561	0
	702	1561	0
	703	1561	0
	704	1561	0
	705	1561	0
	706	1561	0
	707	1561	0
	708	1561	0
	709	1561	0
	710	1561	0
	711	1561	0
	712	1561	0
	713	1561	0
	714	1561	0
	715	1561	0
	716	1561	0
	717	1561	0
	718	1561	0
	719	1561	0
	720	1561	0
	721	1561	0
	722	1561	0
	723	1561	0
	724	1561	0
	725	1561	0
	726	1561	0
	727	1561	0
	728	1561	0
	729	1561	0
	730	1561	0
	731	1561	0
	732	1561	0
	733	1561	0
	734	1561	0
	735	1561	0
	736	1561	0
	737	1561	0
	738	1561	0
	739	1561	0
	740	1561	0
	741	1561	0
	742	1561	0
	743	1561	0
	744	1561	0
	745	1561	0
	746	1561	0
	747	1561	0
	748	1561	0
	749	1561	0
	750	1561	0
	751	1561	0
	752	1561	0
	753	1561	0
	754	1561	0
	755	1561	0
	756	1561	0
	757	1561	0
	758	1561	0
	759	1561	0
	760	1561	0
	761	1561	0
	762	1561	0
	763	1561	0
	764	1561	0
	765	1561	0
	766	1561	0
	767	1561	0
	768	1561	0
	769	1561	0
	770	1561	0
	771	1561	0
	772	1561	0
	773	1561	0
	774	1561	0
	775	1561	0
	776	1561	0
	777	1561	0
	778	1561	0
	779	1561	0
	780	1561	0
	781	1561	0
	782	1561	0
	783	1561	0
	784	1561	0
	785	1561	0
	786	1561	0
	787	1561	0
	788	1561	0
	789	1561	0
	790	1561	0
	791	1561	0
	792	1561	0
	793	1561	0
	794	1561	0
	795	1561	0
	796	1561	0
	797	1561	0
	798	1561	0
	799	1561	0
	800	1561	0
	801	1561	0
	802	1561	0
	803	1561	0
	804	1561	0
	805	1561	0
	806	1561	0
	807	1561	0
	808	1561	0
	809	1561	0
	810	1561	0
	811	1561	0
	812	1561	0
	813	1561	0
	814	1561	0
	815	1561	0
	816	1561	0
	817	1561	0
	818	1561	0
	819	1561	0
	820	1561	0
	821	1561	0
	822	1561	0
	823	1561	0
	824	1561	0
	825	1561	0
	826	1561	0
	827	1561	0
	828	1561	0
	829	1561	0
	830	1561	0
	831	1561	0
	832	1561	0
	833	1561	0
	834	1561	0
	835	1561	0
	836	1561	0
	837	1561	0
	838	1561	0
	839	1561	0
	840	1561	0
	841	1561	0
	842	1561	0
	843	1561	0
	844	1561	0
	845	1561	0
	846	1561	0
	847	1561	0
	848	1561	0
	849	1561	0
	850	1561	0
	851	1561	0
	852	1561	0
	853	1561	0
	854	1561	0
	855	1561	0
	856	1561	0
	857	1561	0
	858	1561	0
	859	1561	0
	860	1561	0
	861	1561	0
	862	1561	0
	863	1561	0
	864	1561	0
	865	1561	0
	866	1561	0
	867	1561	0
	868	1561	0
	869	1561	0
	870	1561	0
	871	1561	0
	872	1561	0
	873	1561	0
	874	1561	0
	875	1561	0
	876	1561	0
	877	1561	0
	878	1561	0
	879	1561	0
	880	1561	0
	881	1561	0
	882	1561	0
	883	1561	0
	884	1561	0
	885	1561	0
	886	1561	0
	887	1561	0
	888	1561	0
	889	1561	0
	890	1561	0
	891	1561	0
	892	1561	0
	893	1561	0
	894	1561	0
	895	1561	0
	896	1561	0
	897	1561	0
	898	1561	0
	899	1561	0
	900	1561	0
	901	1561	0
	902	1561	0
	903	1561	0
	904	1561	0
	905	1561	0
	906	1561	0
	907	1561	0
	908	1561	0
	909	1561	0
	910	1561	0
	911	1561	0
	912	1561	0
	913	1561	0
	914	1561	0
	915	1561	0
	916	1561	0
	917	1561	0
	918	1561	0
	919	1561	0
	920	1561	0
	921	1561	0
	922	1561	0
	923	1561	0
	924	1561	0
	925	1561	0
	926	1561	0
	927	1561	0
	928	1561	0
	929	1561	0
	930	1561	0
	931	1561	0
	932	1561	0
	933	1561	0
	934	1561	0
	935	1561	0
	936	1561	0
	937	1561	0
	938	1561	0
	939	1561	0
	940	1561	0
	941	1561	0
	942	1561	0
	943	1561	0
	944	1561	0
	945	1561	0
	946	1561	0
	947	1561	0
	948	1561	0
	949	1561	0
	950	1561	0
	951	1561	0
	952	1561	0
	953	1561	0
	954	1561	0
	955	1561	0
	956	1561	0
	957	1561	0
	958	1561	0
	959	1561	0
	960	1561	0
	961	1561	0
	962	1561	0
	963	1561	0
	964	1561	0
	965	1561	0
	966	1561	0
	967	1561	0
	968	1561	0
	969	1561	0
	970	1561	0
	971	1561	0
	972	1561	0
	973	1561	0
	974	1561	0
	975	1561	0
	976	1561	0
	977	1561	0
	978	1561	0
	979	1561	0
	980	1561	0
	981	1561	0
	982	1561	0
	983	1561	0
	984	1561	0
	985	1561	0
	986	1561	0
	987	1561	0
	988	1561	0
	989	1561	0
	990	1561	0
	991	1561	0
	992	1561	0
	993	1561	0
	994	1561	0
	995	1561	0
	996	1561	0
	997	1561	0
	998	1561	0
	999	1561	0
	1000	1561	0
	1001	1561	0
	1002	1561	0
	1003	1561	0
	1004	1561	0
	1005	1561	0
	1006	1561	0
	1007	1561	0
	1008	1561	0
	1009	1561	0
	1010	1561	0
	1011	1561	0
	1012	1561	0
	1013	1561	0
	1014	1561	0
	1015	1561	0
	1016	1561	0
	1017	1561	0
	1018	1561	0
	1019	1561	0
	1020	1561	0
	1021	1561	0
	1022	1561	0
	1023	1561	0
	1024	1561	0
	1025	1561	0
	1026	1561	0
	1027	1561	0
	1028	1561	0
	1029	1561	0
	1030	1561	0
	1031	1561	0
	1032	1561	0
	1033	1561	0
	1034	1561	0
	1035	1561	0
	1036	1561	0
	1037	1561	0
	1038	1561	0
	1039	1561	0
	1040	1561	0
	1041	1561	0
	1042	1561	0
	1043	1561	0
	1044	1561	0
	1045	1561	0
	1046	1561	0
	1047	1561	0
	1048	1561	0
	1049	1561	0
	1050	1561	0
	1051	1561	0
	1052	1561	0
	1053	1561	0
	1054	1561	0
	1055	1561	0
	1056	1561	0
	1057	1561	0
	1058	1561	0
	1059	1561	0
	1060	1561	0
	1061	1561	0
	1062	1561	0
	1063	1561	0
	1064	1561	0
	1065	1561	0
	1066	1561	0
	1067	1561	0
	1068	1561	0
	1069	1561	0
	1070	1561	0
	1071	1561	0
	1072	1561	0
	1073	1561	0
	1074	1561	0
	1075	1561	0
	1076	1561	0
	1077	1561	0
	1078	1561	0
	1079	1561	0
	1080	1561	0
	1081	1561	0
	1082	1561	0
	1083	1561	0
	1084	1561	0
	1085	1561	0
	1086	1561	0
	1087	1561	0
	1088	1561	0
	1089	1561	0
	1090	1561	0
	1091	1561	0
	1092	1561	0
	1093	1561	0
	1094	1561	0
	1095	1561	0
	1096	1561	0
	1097	1561	0
	1098	1561	0
	1099	1561	0
	1100	1561	0
	1101	1561	0
	1102	1561	0
	1103	1561	0
	1104	1561	0
	1105	1561	0
	1106	1561	0
	1107	1561	0
	1108	1561	0
	1109	1561	0
	1110	1561	0
	1111	1561	0
	1112	1561	0
	1113	1561	0
	1114	1561	0
	1115	1561	0
	1116	1561	0
	1117	1561	0
	1118	1561	0
	1119	1561	0
	1120	1561	0
	1121	1561	0
	1122	1561	0
	1123	1561	0
	1124	1561	0
	1125	1561	0
	1126	1561	0
	1127	1561	0
	1128	1561	0
	1129	1561	0
	1130	1561	0
	1131	1561	0
	1132	1561	0
	1133	1561	0
	1134	1561	0
	1135	1561	0
	1136	1561	0
	1137	1561	0
	1138	1561	0
	1139	1561	0
	1140	1561	0
	1141	1561	0
	1142	1561	0
	1143	1561	0
	1144	1561	0
	1145	1561	0
	1146	1561	0
	1147	1561	0
	1148	1561	0
	1149	1561	0
	1150	1561	0
	1151	1561	0
	1152	1561	0
	1153	1561	0
	1154	1561	0
	1155	1561	0
	1156	1561	0
	1157	1561	0
	1158	1561	0
	1159	1561	0
	1160	1561	0
	1161	1561	0
	1162	1561	0
	1163	1561	0
	1164	1561	0
	1165	1561	0
	1166	1561	0
	1167	1561	0
	1168	1561	0
	1169	1561	0
	1170	1561	0
	1171	1561	0
	1172	1561	0
	1173	1561	0
	1174	1561	0
	1175	1561	0
	1176	1561	0
	1177	1561	0
	1178	1561	0
	1179	1561	0
	1180	1561	0
	1181	1561	0
	1182	1561	0
	1183	1561	0
	1184	1561	0
	1185	1561	0
	1186	1561	0
	1187	1561	0
	1188	1561	0
	1189	1561	0
	1190	1561	0
	1191	1561	0
	1192	1561	0
	1193	1561	0
	1194	1561	0
	1195	1561	0
	1196	1561	0
	1197	1561	0
	1198	1561	0
	1199	1561	0
	1200	1561	0
	1201	1561	0
	1202	1561	0
	1203	1561	0
	1204	1561	0
	1205	1561	0
	1206	1561	0
	1207	1561	0
	1208	1561	0
	1209	1561	0
	1210	1561	0
	1211	1561	0
	1212	1561	0
	1213	1561	0
	1214	1561	0
	1215	1561	0
	1216	1561	0
	1217	1561	0
	1218	1561	0
	1219	1561	0
	1220	1561	0
	1221	1561	0
	1222	1561	0
	1223	1561	0
	1224	1561	0
	1225	1561	0
	1226	1561	0
	1227	1561	0
	1228	1561	0
	1229	1561	0
	1230	1561	0
	1231	1561	0
	1232	1561	0
	1233	1561	0
	1234	1561	0
	1235	1561	0
	1236	1561	0
	1237	1561	0
	1238	1561	0
	1239	1561	0
	1240	1561	0
	1241	1561	0
	1242	1561	0
	1243	1561	0
	1244	1561	0
	1245	1561	0
	1246	1561	0
	1247	1561	0
	1248	1561	0
	1249	1561	0
	1250	1561	0
	1251	1561	0
	1252	1561	0
	1253	1561	0
	1254	1561	0
	1255	1561	0
	1256	1561	0
	1257	1561	0
	1258	1561	0
	1259	1561	0
	1260	1561	0
	1261	1561	0
	1262	1561	0
	1263	1561	0
	1264	1561	0
	1265	1561	0
	1266	1561	0
	1267	1561	0
	1268	1561	0
	1269	1561	0
	1270	1561	0
	1271	1561	0
	1272	1561	0
	1273	1561	0
	1274	1561	0
	1275	1561	0
	1276	1561	0
	1277	1561	0
	1278	1561	0
	1279	1561	0
	1280	1561	0
	1281	1561	0
	1282	1561	0
	1283	1561	0
	1284	1561	0
	1285	1561	0
	1286	1561	0
	1287	1561	0
	1288	1561	0
	1289	1561	0
	1290	1561	0
	1291	1561	0
	1292	1561	0
	1293	1561	0
	1294	1561	0
	1295	1561	0
	1296	1561	0
	1297	1561	0
	1298	1561	0
	1299	1561	0
	1300	1561	0
	1301	1561	0
	1302	1561	0
	1303	1561	0
	1304	1561	0
	1305	1561	0
	1306	1561	0
	1307	1561	0
	1308	1561	0
	1309	1561	0
	1310	1561	0
	1311	1561	0
	1312	1561	0
	1313	1561	0
	1314	1561	0
	1315	1561	0
	1316	1561	0
	1317	1561	0
	1318	1561	0
	1319	1561	0
	1320	1561	0
	1321	1561	0
	1322	1561	0
	1323	1561	0
	1324	1561	0
	1325	1561	0
	1326	1561	0
	1327	1561	0
	1328	1561	0
	1329	1561	0
	1330	1561	0
	1331	1561	0
	1332	1561	0
	1333	1561	0
	1334	1561	0
	1335	1561	0
	1336	1561	0
	1337	1561	0
	1338	1561	0
	1339	1561	0
	1340	1561	0
	1341	1561	0
	1342	1561	0
	1343	1561	0
	1344	1561	0
	1345	1561	0
	1346	1561	0
	1347	1561	0
	1348	1561	0
	1349	1561	0
	1350	1561	0
	1351	1561	0
	1352	1561	0
	1353	1561	0
	1354	1561	0
	1355	1561	0
	1356	1561	0
	1357	1561	0
	1358	1561	0
	1359	1561	0
	1360	1561	0
	1361	1561	0
	1362	1561	0
	1363	1561	0
	1364	1561	0
	1365	1561	0
	1366	1561	0
	1367	1561	0
	1368	1561	0
	1369	1561	0
	1370	1561	0
	1371	1561	0
	1372	1561	0
	1373	1561	0
	1374	1561	0
	1375	1561	0
	1376	1561	0
	1377	1561	0
	1378	1561	0
	1379	1561	0
	1380	1561	0
	1561	1561	0
	31	1562	0
	32	1562	0
	33	1562	0
	34	1562	0
	35	1562	0
	36	1562	0
	37	1562	0
	38	1562	0
	39	1562	0
	40	1562	0
	41	1562	0
	42	1562	0
	43	1562	0
	44	1562	0
	45	1562	0
	46	1562	0
	47	1562	0
	48	1562	0
	49	1562	0
	50	1562	0
	51	1562	0
	52	1562	0
	53	1562	0
	54	1562	0
	55	1562	0
	56	1562	0
	57	1562	0
	58	1562	0
	59	1562	0
	60	1562	0
	61	1562	0
	62	1562	0
	63	1562	0
	64	1562	0
	65	1562	0
	66	1562	0
	67	1562	0
	68	1562	0
	69	1562	0
	70	1562	0
	71	1562	0
	72	1562	0
	73	1562	0
	74	1562	0
	75	1562	0
	76	1562	0
	77	1562	0
	78	1562	0
	79	1562	0
	80	1562	0
	81	1562	0
	82	1562	0
	83	1562	0
	84	1562	0
	85	1562	0
	86	1562	0
	87	1562	0
	88	1562	0
	89	1562	0
	90	1562	0
	91	1562	0
	92	1562	0
	93	1562	0
	94	1562	0
	95	1562	0
	96	1562	0
	97	1562	0
	98	1562	0
	99	1562	0
	100	1562	0
	101	1562	0
	102	1562	0
	103	1562	0
	104	1562	0
	105	1562	0
	106	1562	0
	107	1562	0
	108	1562	0
	109	1562	0
	110	1562	0
	111	1562	0
	112	1562	0
	113	1562	0
	114	1562	0
	115	1562	0
	116	1562	0
	117	1562	0
	118	1562	0
	119	1562	0
	120	1562	0
	121	1562	0
	127	1562	0
	128	1562	0
	134	1562	0
	135	1562	0
	141	1562	0
	142	1562	0
	148	1562	0
	149	1562	0
	155	1562	0
	156	1562	0
	162	1562	0
	163	1562	0
	169	1562	0
	170	1562	0
	176	1562	0
	177	1562	0
	183	1562	0
	184	1562	0
	190	1562	0
	191	1562	0
	197	1562	0
	198	1562	0
	204	1562	0
	205	1562	0
	211	1562	0
	212	1562	0
	218	1562	0
	219	1562	0
	225	1562	0
	226	1562	0
	232	1562	0
	233	1562	0
	239	1562	0
	240	1562	0
	246	1562	0
	247	1562	0
	253	1562	0
	254	1562	0
	260	1562	0
	261	1562	0
	267	1562	0
	268	1562	0
	274	1562	0
	275	1562	0
	281	1562	0
	282	1562	0
	288	1562	0
	289	1562	0
	295	1562	0
	296	1562	0
	302	1562	0
	303	1562	0
	309	1562	0
	310	1562	0
	316	1562	0
	317	1562	0
	323	1562	0
	324	1562	0
	330	1562	0
	331	1562	0
	337	1562	0
	338	1562	0
	344	1562	0
	345	1562	0
	351	1562	0
	352	1562	0
	358	1562	0
	359	1562	0
	365	1562	0
	366	1562	0
	372	1562	0
	373	1562	0
	379	1562	0
	380	1562	0
	386	1562	0
	387	1562	0
	393	1562	0
	394	1562	0
	400	1562	0
	401	1562	0
	407	1562	0
	408	1562	0
	414	1562	0
	415	1562	0
	421	1562	0
	422	1562	0
	428	1562	0
	429	1562	0
	435	1562	0
	436	1562	0
	442	1562	0
	443	1562	0
	449	1562	0
	450	1562	0
	456	1562	0
	457	1562	0
	463	1562	0
	464	1562	0
	470	1562	0
	471	1562	0
	477	1562	0
	478	1562	0
	484	1562	0
	485	1562	0
	491	1562	0
	492	1562	0
	498	1562	0
	499	1562	0
	505	1562	0
	506	1562	0
	512	1562	0
	513	1562	0
	519	1562	0
	520	1562	0
	526	1562	0
	527	1562	0
	533	1562	0
	534	1562	0
	540	1562	0
	541	1562	0
	547	1562	0
	548	1562	0
	554	1562	0
	555	1562	0
	561	1562	0
	562	1562	0
	568	1562	0
	569	1562	0
	575	1562	0
	576	1562	0
	582	1562	0
	583	1562	0
	589	1562	0
	590	1562	0
	596	1562	0
	597	1562	0
	603	1562	0
	604	1562	0
	610	1562	0
	611	1562	0
	617	1562	0
	618	1562	0
	624	1562	0
	625	1562	0
	631	1562	0
	632	1562	0
	638	1562	0
	639	1562	0
	645	1562	0
	646	1562	0
	652	1562	0
	653	1562	0
	659	1562	0
	660	1562	0
	666	1562	0
	667	1562	0
	673	1562	0
	674	1562	0
	680	1562	0
	681	1562	0
	687	1562	0
	688	1562	0
	694	1562	0
	695	1562	0
	701	1562	0
	702	1562	0
	708	1562	0
	709	1562	0
	715	1562	0
	716	1562	0
	722	1562	0
	723	1562	0
	729	1562	0
	730	1562	0
	736	1562	0
	737	1562	0
	743	1562	0
	744	1562	0
	750	1562	0
	751	1562	0
	752	1562	0
	753	1562	0
	754	1562	0
	755	1562	0
	756	1562	0
	758	1562	0
	759	1562	0
	760	1562	0
	761	1562	0
	762	1562	0
	763	1562	0
	765	1562	0
	766	1562	0
	767	1562	0
	768	1562	0
	769	1562	0
	770	1562	0
	772	1562	0
	773	1562	0
	774	1562	0
	775	1562	0
	776	1562	0
	777	1562	0
	779	1562	0
	780	1562	0
	781	1562	0
	782	1562	0
	783	1562	0
	784	1562	0
	786	1562	0
	787	1562	0
	788	1562	0
	789	1562	0
	790	1562	0
	791	1562	0
	793	1562	0
	794	1562	0
	795	1562	0
	796	1562	0
	797	1562	0
	798	1562	0
	800	1562	0
	801	1562	0
	802	1562	0
	803	1562	0
	804	1562	0
	805	1562	0
	807	1562	0
	808	1562	0
	809	1562	0
	810	1562	0
	811	1562	0
	812	1562	0
	814	1562	0
	815	1562	0
	816	1562	0
	817	1562	0
	818	1562	0
	819	1562	0
	821	1562	0
	822	1562	0
	823	1562	0
	824	1562	0
	825	1562	0
	826	1562	0
	828	1562	0
	829	1562	0
	830	1562	0
	831	1562	0
	832	1562	0
	833	1562	0
	835	1562	0
	836	1562	0
	837	1562	0
	838	1562	0
	839	1562	0
	840	1562	0
	842	1562	0
	843	1562	0
	844	1562	0
	845	1562	0
	846	1562	0
	847	1562	0
	849	1562	0
	850	1562	0
	851	1562	0
	852	1562	0
	853	1562	0
	854	1562	0
	856	1562	0
	857	1562	0
	858	1562	0
	859	1562	0
	860	1562	0
	861	1562	0
	863	1562	0
	864	1562	0
	865	1562	0
	866	1562	0
	867	1562	0
	868	1562	0
	870	1562	0
	871	1562	0
	872	1562	0
	873	1562	0
	874	1562	0
	875	1562	0
	877	1562	0
	878	1562	0
	879	1562	0
	880	1562	0
	881	1562	0
	882	1562	0
	884	1562	0
	885	1562	0
	886	1562	0
	887	1562	0
	888	1562	0
	889	1562	0
	891	1562	0
	892	1562	0
	893	1562	0
	894	1562	0
	895	1562	0
	896	1562	0
	898	1562	0
	899	1562	0
	900	1562	0
	901	1562	0
	902	1562	0
	903	1562	0
	905	1562	0
	906	1562	0
	907	1562	0
	908	1562	0
	909	1562	0
	910	1562	0
	912	1562	0
	913	1562	0
	914	1562	0
	915	1562	0
	916	1562	0
	917	1562	0
	919	1562	0
	920	1562	0
	921	1562	0
	922	1562	0
	923	1562	0
	924	1562	0
	926	1562	0
	927	1562	0
	928	1562	0
	929	1562	0
	930	1562	0
	931	1562	0
	933	1562	0
	934	1562	0
	935	1562	0
	936	1562	0
	937	1562	0
	938	1562	0
	940	1562	0
	941	1562	0
	942	1562	0
	943	1562	0
	944	1562	0
	945	1562	0
	947	1562	0
	948	1562	0
	949	1562	0
	950	1562	0
	951	1562	0
	952	1562	0
	954	1562	0
	955	1562	0
	956	1562	0
	957	1562	0
	958	1562	0
	959	1562	0
	961	1562	0
	962	1562	0
	963	1562	0
	964	1562	0
	965	1562	0
	966	1562	0
	968	1562	0
	969	1562	0
	970	1562	0
	971	1562	0
	972	1562	0
	973	1562	0
	975	1562	0
	976	1562	0
	977	1562	0
	978	1562	0
	979	1562	0
	980	1562	0
	982	1562	0
	983	1562	0
	984	1562	0
	985	1562	0
	986	1562	0
	987	1562	0
	989	1562	0
	990	1562	0
	991	1562	0
	992	1562	0
	993	1562	0
	994	1562	0
	996	1562	0
	997	1562	0
	998	1562	0
	999	1562	0
	1000	1562	0
	1001	1562	0
	1003	1562	0
	1004	1562	0
	1005	1562	0
	1006	1562	0
	1007	1562	0
	1008	1562	0
	1010	1562	0
	1011	1562	0
	1012	1562	0
	1013	1562	0
	1014	1562	0
	1015	1562	0
	1017	1562	0
	1018	1562	0
	1019	1562	0
	1020	1562	0
	1021	1562	0
	1022	1562	0
	1024	1562	0
	1025	1562	0
	1026	1562	0
	1027	1562	0
	1028	1562	0
	1029	1562	0
	1031	1562	0
	1032	1562	0
	1033	1562	0
	1034	1562	0
	1035	1562	0
	1036	1562	0
	1038	1562	0
	1039	1562	0
	1040	1562	0
	1041	1562	0
	1042	1562	0
	1043	1562	0
	1045	1562	0
	1046	1562	0
	1047	1562	0
	1048	1562	0
	1049	1562	0
	1050	1562	0
	1052	1562	0
	1053	1562	0
	1054	1562	0
	1055	1562	0
	1056	1562	0
	1057	1562	0
	1059	1562	0
	1060	1562	0
	1061	1562	0
	1062	1562	0
	1063	1562	0
	1064	1562	0
	1066	1562	0
	1067	1562	0
	1068	1562	0
	1069	1562	0
	1070	1562	0
	1071	1562	0
	1073	1562	0
	1074	1562	0
	1075	1562	0
	1076	1562	0
	1077	1562	0
	1078	1562	0
	1080	1562	0
	1081	1562	0
	1082	1562	0
	1083	1562	0
	1084	1562	0
	1085	1562	0
	1087	1562	0
	1088	1562	0
	1089	1562	0
	1090	1562	0
	1091	1562	0
	1092	1562	0
	1094	1562	0
	1095	1562	0
	1096	1562	0
	1097	1562	0
	1098	1562	0
	1099	1562	0
	1101	1562	0
	1102	1562	0
	1103	1562	0
	1104	1562	0
	1105	1562	0
	1106	1562	0
	1108	1562	0
	1109	1562	0
	1110	1562	0
	1111	1562	0
	1112	1562	0
	1113	1562	0
	1115	1562	0
	1116	1562	0
	1117	1562	0
	1118	1562	0
	1119	1562	0
	1120	1562	0
	1122	1562	0
	1123	1562	0
	1124	1562	0
	1125	1562	0
	1126	1562	0
	1127	1562	0
	1129	1562	0
	1130	1562	0
	1131	1562	0
	1132	1562	0
	1133	1562	0
	1134	1562	0
	1136	1562	0
	1137	1562	0
	1138	1562	0
	1139	1562	0
	1140	1562	0
	1141	1562	0
	1143	1562	0
	1144	1562	0
	1145	1562	0
	1146	1562	0
	1147	1562	0
	1148	1562	0
	1150	1562	0
	1151	1562	0
	1152	1562	0
	1153	1562	0
	1154	1562	0
	1155	1562	0
	1157	1562	0
	1158	1562	0
	1159	1562	0
	1160	1562	0
	1161	1562	0
	1162	1562	0
	1164	1562	0
	1165	1562	0
	1166	1562	0
	1167	1562	0
	1168	1562	0
	1169	1562	0
	1171	1562	0
	1172	1562	0
	1173	1562	0
	1174	1562	0
	1175	1562	0
	1176	1562	0
	1178	1562	0
	1179	1562	0
	1180	1562	0
	1181	1562	0
	1182	1562	0
	1183	1562	0
	1185	1562	0
	1186	1562	0
	1187	1562	0
	1188	1562	0
	1189	1562	0
	1190	1562	0
	1192	1562	0
	1193	1562	0
	1194	1562	0
	1195	1562	0
	1196	1562	0
	1197	1562	0
	1199	1562	0
	1200	1562	0
	1201	1562	0
	1202	1562	0
	1203	1562	0
	1204	1562	0
	1206	1562	0
	1207	1562	0
	1208	1562	0
	1209	1562	0
	1210	1562	0
	1211	1562	0
	1213	1562	0
	1214	1562	0
	1215	1562	0
	1216	1562	0
	1217	1562	0
	1218	1562	0
	1220	1562	0
	1221	1562	0
	1222	1562	0
	1223	1562	0
	1224	1562	0
	1225	1562	0
	1227	1562	0
	1228	1562	0
	1229	1562	0
	1230	1562	0
	1231	1562	0
	1232	1562	0
	1234	1562	0
	1235	1562	0
	1236	1562	0
	1237	1562	0
	1238	1562	0
	1239	1562	0
	1241	1562	0
	1242	1562	0
	1243	1562	0
	1244	1562	0
	1245	1562	0
	1246	1562	0
	1248	1562	0
	1249	1562	0
	1250	1562	0
	1251	1562	0
	1252	1562	0
	1253	1562	0
	1255	1562	0
	1256	1562	0
	1257	1562	0
	1258	1562	0
	1259	1562	0
	1260	1562	0
	1262	1562	0
	1263	1562	0
	1264	1562	0
	1265	1562	0
	1266	1562	0
	1267	1562	0
	1269	1562	0
	1270	1562	0
	1271	1562	0
	1272	1562	0
	1273	1562	0
	1274	1562	0
	1276	1562	0
	1277	1562	0
	1278	1562	0
	1279	1562	0
	1280	1562	0
	1281	1562	0
	1283	1562	0
	1284	1562	0
	1285	1562	0
	1286	1562	0
	1287	1562	0
	1288	1562	0
	1290	1562	0
	1291	1562	0
	1292	1562	0
	1293	1562	0
	1294	1562	0
	1295	1562	0
	1297	1562	0
	1298	1562	0
	1299	1562	0
	1300	1562	0
	1301	1562	0
	1302	1562	0
	1304	1562	0
	1305	1562	0
	1306	1562	0
	1307	1562	0
	1308	1562	0
	1309	1562	0
	1311	1562	0
	1312	1562	0
	1313	1562	0
	1314	1562	0
	1315	1562	0
	1316	1562	0
	1318	1562	0
	1319	1562	0
	1320	1562	0
	1321	1562	0
	1322	1562	0
	1323	1562	0
	1325	1562	0
	1326	1562	0
	1327	1562	0
	1328	1562	0
	1329	1562	0
	1330	1562	0
	1332	1562	0
	1333	1562	0
	1334	1562	0
	1335	1562	0
	1336	1562	0
	1337	1562	0
	1339	1562	0
	1340	1562	0
	1341	1562	0
	1342	1562	0
	1343	1562	0
	1344	1562	0
	1346	1562	0
	1347	1562	0
	1348	1562	0
	1349	1562	0
	1350	1562	0
	1351	1562	0
	1353	1562	0
	1354	1562	0
	1355	1562	0
	1356	1562	0
	1357	1562	0
	1358	1562	0
	1360	1562	0
	1361	1562	0
	1362	1562	0
	1363	1562	0
	1364	1562	0
	1365	1562	0
	1367	1562	0
	1368	1562	0
	1369	1562	0
	1370	1562	0
	1371	1562	0
	1372	1562	0
	1374	1562	0
	1375	1562	0
	1376	1562	0
	1377	1562	0
	1378	1562	0
	1379	1562	0
	1381	1562	0
	1382	1562	0
	1383	1562	0
	1384	1562	0
	1385	1562	0
	1386	1562	0
	1387	1562	0
	1388	1562	0
	1389	1562	0
	1390	1562	0
	1391	1562	0
	1392	1562	0
	1393	1562	0
	1394	1562	0
	1395	1562	0
	1396	1562	0
	1397	1562	0
	1398	1562	0
	1399	1562	0
	1400	1562	0
	1401	1562	0
	1402	1562	0
	1403	1562	0
	1404	1562	0
	1405	1562	0
	1406	1562	0
	1407	1562	0
	1408	1562	0
	1409	1562	0
	1410	1562	0
	1411	1562	0
	1412	1562	0
	1413	1562	0
	1414	1562	0
	1415	1562	0
	1416	1562	0
	1417	1562	0
	1418	1562	0
	1419	1562	0
	1420	1562	0
	1421	1562	0
	1422	1562	0
	1423	1562	0
	1424	1562	0
	1425	1562	0
	1426	1562	0
	1427	1562	0
	1428	1562	0
	1429	1562	0
	1430	1562	0
	1431	1562	0
	1432	1562	0
	1433	1562	0
	1434	1562	0
	1435	1562	0
	1436	1562	0
	1437	1562	0
	1438	1562	0
	1439	1562	0
	1440	1562	0
	1441	1562	0
	1442	1562	0
	1443	1562	0
	1444	1562	0
	1445	1562	0
	1446	1562	0
	1447	1562	0
	1448	1562	0
	1449	1562	0
	1450	1562	0
	1451	1562	0
	1452	1562	0
	1453	1562	0
	1454	1562	0
	1455	1562	0
	1456	1562	0
	1457	1562	0
	1458	1562	0
	1459	1562	0
	1460	1562	0
	1461	1562	0
	1462	1562	0
	1463	1562	0
	1464	1562	0
	1465	1562	0
	1466	1562	0
	1467	1562	0
	1468	1562	0
	1469	1562	0
	1470	1562	0
	1471	1562	0
	1472	1562	0
	1473	1562	0
	1474	1562	0
	1475	1562	0
	1476	1562	0
	1477	1562	0
	1478	1562	0
	1479	1562	0
	1480	1562	0
	1481	1562	0
	1482	1562	0
	1483	1562	0
	1484	1562	0
	1485	1562	0
	1486	1562	0
	1487	1562	0
	1488	1562	0
	1489	1562	0
	1490	1562	0
	1491	1562	0
	1492	1562	0
	1493	1562	0
	1494	1562	0
	1495	1562	0
	1496	1562	0
	1497	1562	0
	1498	1562	0
	1499	1562	0
	1500	1562	0
	1501	1562	0
	1502	1562	0
	1503	1562	0
	1504	1562	0
	1505	1562	0
	1506	1562	0
	1507	1562	0
	1508	1562	0
	1509	1562	0
	1510	1562	0
	1511	1562	0
	1512	1562	0
	1513	1562	0
	1514	1562	0
	1515	1562	0
	1516	1562	0
	1517	1562	0
	1518	1562	0
	1519	1562	0
	1520	1562	0
	1521	1562	0
	1522	1562	0
	1523	1562	0
	1524	1562	0
	1525	1562	0
	1526	1562	0
	1527	1562	0
	1528	1562	0
	1529	1562	0
	1530	1562	0
	1531	1562	0
	1532	1562	0
	1533	1562	0
	1534	1562	0
	1535	1562	0
	1536	1562	0
	1537	1562	0
	1538	1562	0
	1539	1562	0
	1540	1562	0
	1541	1562	0
	1542	1562	0
	1543	1562	0
	1544	1562	0
	1545	1562	0
	1546	1562	0
	1547	1562	0
	1548	1562	0
	1549	1562	0
	1550	1562	0
	1551	1562	0
	1552	1562	0
	1553	1562	0
	1554	1562	0
	1555	1562	0
	1556	1562	0
	1557	1562	0
	1558	1562	0
	1559	1562	0
	1560	1562	0
	1562	1562	0
	1563	1563	0
	1564	1564	0
	1565	1565	0
	1566	1566	0
	1567	1567	0
	1568	1568	0
	1569	1569	0
	1570	1570	0
	1571	1571	0
	1572	1572	0
	1573	1573	0
	1574	1574	0
	1575	1575	0
	1576	1576	0
	1577	1577	0
	1578	1578	0
	1579	1579	0
	1580	1580	0
	1581	1581	0
	1582	1582	0
	1583	1583	0
	1584	1584	0
	1585	1585	0
	1586	1586	0
	1587	1587	0
	1588	1588	0
	1589	1589	0
	1590	1590	0
	1591	1591	0
	1592	1592	0
	1593	1593	0
	1594	1594	0
	1595	1595	0
	1596	1596	0
	1597	1597	0
	1598	1598	0
	1599	1599	0
	1600	1600	0
	1601	1601	0
	1602	1602	0
	1603	1603	0
	1604	1604	0
	1605	1605	0
	1606	1606	0
	1607	1607	0
	1608	1608	0
	1609	1609	0
	1610	1610	0
	1611	1611	0
	1612	1612	0
	1613	1613	0
	1614	1614	0
	1615	1615	0
	1616	1616	0
	1617	1617	0
	1618	1618	0
	1619	1619	0
	1620	1620	0
	1621	1621	0
	1622	1622	0
	1623	1623	0
	1624	1624	0
	1625	1625	0
	1626	1626	0
	1627	1627	0
	1628	1628	0
	1629	1629	0
	1630	1630	0
	1631	1631	0
	1632	1632	0
	1633	1633	0
	1634	1634	0
	1635	1635	0
	1636	1636	0
	1637	1637	0
	1638	1638	0
	1639	1639	0
	1640	1640	0
	1641	1641	0
	1642	1642	0
	1643	1643	0
	1644	1644	0
	1645	1645	0
	1646	1646	0
	1647	1647	0
	1648	1648	0
	1649	1649	0
	1650	1650	0
	1651	1651	0
	1652	1652	0
	1653	1653	0
	1654	1654	0
	1655	1655	0
	1656	1656	0
	1657	1657	0
	1658	1658	0
	1659	1659	0
	1660	1660	0
	1661	1661	0
	1662	1662	0
	1663	1663	0
	1664	1664	0
	1665	1665	0
	1666	1666	0
	1667	1667	0
	1668	1668	0
	1669	1669	0
	1670	1670	0
	1671	1671	0
	1672	1672	0
	1673	1673	0
	1674	1674	0
	1675	1675	0
	1676	1676	0
	1677	1677	0
	1678	1678	0
	1679	1679	0
	1680	1680	0
	1681	1681	0
	1682	1682	0
	1683	1683	0
	1684	1684	0
	1685	1685	0
	1686	1686	0
	1687	1687	0
	1688	1688	0
	1689	1689	0
	1690	1690	0
	1691	1691	0
	1692	1692	0
	1693	1693	0
	1694	1694	0
	1695	1695	0
	1696	1696	0
	1697	1697	0
	1698	1698	0
	1699	1699	0
	1700	1700	0
	1701	1701	0
	1702	1702	0
	1703	1703	0
	1704	1704	0
	1705	1705	0
	1706	1706	0
	1707	1707	0
	1708	1708	0
	1709	1709	0
	1710	1710	0
	1711	1711	0
	1712	1712	0
	1713	1713	0
	1714	1714	0
	1715	1715	0
	1716	1716	0
	1717	1717	0
	1718	1718	0
	1719	1719	0
	1720	1720	0
	1721	1721	0
	1722	1722	0
	1723	1723	0
	1724	1724	0
	1725	1725	0
	1726	1726	0
	1727	1727	0
	1728	1728	0
	1729	1729	0
	1730	1730	0
	1731	1731	0
	1732	1732	0
	1733	1733	0
	1734	1734	0
	1735	1735	0
	1736	1736	0
	1737	1737	0
	1738	1738	0
	1739	1739	0
	1740	1740	0
	1741	1741	0
	1742	1742	0
	1743	1743	0
	1744	1744	0
	1745	1745	0
	1746	1746	0
	1747	1747	0
	1748	1748	0
	1749	1749	0
	1750	1750	0
	1751	1751	0
	1752	1752	0
	1753	1753	0
	1754	1754	0
	1755	1755	0
	1756	1756	0
	1757	1757	0
	1758	1758	0
	1759	1759	0
	1760	1760	0
	1761	1761	0
	1762	1762	0
	1763	1763	0
	1764	1764	0
	1765	1765	0
	1766	1766	0
	1767	1767	0
	1768	1768	0
	1769	1769	0
	1770	1770	0
	1771	1771	0
	1772	1772	0
	1773	1773	0
	1774	1774	0
	1775	1775	0
	1776	1776	0
	1777	1777	0
	1778	1778	0
	1779	1779	0
	1780	1780	0
	1781	1781	0
	1782	1782	0
	1783	1783	0
	1784	1784	0
	1785	1785	0
	1786	1786	0
	1787	1787	0
	1788	1788	0
	1789	1789	0
	1790	1790	0
	1791	1791	0
	1792	1792	0
	1793	1793	0
	1794	1794	0
	1795	1795	0
	1796	1796	0
	1797	1797	0
	1798	1798	0
	1799	1799	0
	1800	1800	0
	1801	1801	0
	1802	1802	0
	1803	1803	0
	1804	1804	0
	1805	1805	0
	1806	1806	0
	1807	1807	0
	1808	1808	0
	1809	1809	0
	1810	1810	0
	1811	1811	0
	1812	1812	0
	1813	1813	0
	1814	1814	0
	1815	1815	0
	1816	1816	0
	1817	1817	0
	1818	1818	0
	1819	1819	0
	1820	1820	0
	1821	1821	0
	1822	1822	0
	1823	1823	0
	1824	1824	0
	1825	1825	0
	1826	1826	0
	1827	1827	0
	1828	1828	0
	1829	1829	0
	1830	1830	0
	1831	1831	0
	1832	1832	0
	1833	1833	0
	1834	1834	0
	1835	1835	0
	1836	1836	0
	1837	1837	0
	1838	1838	0
	1839	1839	0
	1840	1840	0
	1841	1841	0
	1842	1842	0
	1843	1843	0
	1844	1844	0
	1845	1845	0
	1846	1846	0
	1847	1847	0
	1848	1848	0
	1849	1849	0
	1850	1850	0
	1851	1851	0
	1852	1852	0
	1853	1853	0
	1854	1854	0
	1855	1855	0
	1856	1856	0
	1857	1857	0
	1858	1858	0
	1859	1859	0
	1860	1860	0
	1861	1861	0
	1862	1862	0
	1863	1863	0
	1864	1864	0
	1865	1865	0
	1866	1866	0
	1867	1867	0
	1868	1868	0
	1869	1869	0
	1870	1870	0
	1871	1871	0
	1872	1872	0
	1873	1873	0
	1874	1874	0
	1875	1875	0
	1876	1876	0
	1877	1877	0
	1878	1878	0
	1879	1879	0
	1880	1880	0
	1881	1881	0
	1882	1882	0
	1883	1883	0
	1884	1884	0
	1885	1885	0
	1886	1886	0
	1887	1887	0
	1888	1888	0
	1889	1889	0
	1890	1890	0
	1891	1891	0
	1892	1892	0
	1893	1893	0
	1894	1894	0
	1895	1895	0
	1896	1896	0
	1897	1897	0
	1898	1898	0
	1899	1899	0
	1900	1900	0
	1901	1901	0
	1902	1902	0
	1903	1903	0
	1904	1904	0
	1905	1905	0
	1906	1906	0
	1907	1907	0
	1908	1908	0
	1909	1909	0
	1910	1910	0
	1911	1911	0
	1912	1912	0
	1913	1913	0
	1914	1914	0
	1915	1915	0
	1916	1916	0
	1917	1917	0
	1918	1918	0
	1919	1919	0
	1920	1920	0
	1921	1921	0
	1922	1922	0
	1923	1923	0
	1924	1924	0
	1925	1925	0
	1926	1926	0
	1927	1927	0
	1928	1928	0
	1929	1929	0
	1930	1930	0
	1931	1931	0
	1932	1932	0
	1933	1933	0
	1934	1934	0
	1935	1935	0
	1936	1936	0
	1937	1937	0
	1938	1938	0
	1939	1939	0
	1940	1940	0
	1941	1941	0
	1942	1942	0
	1943	1943	0
	1944	1944	0
	1945	1945	0
	1946	1946	0
	1947	1947	0
	1948	1948	0
	1949	1949	0
	1950	1950	0
	1951	1951	0
	1952	1952	0
	1953	1953	0
	1954	1954	0
	1955	1955	0
	1956	1956	0
	1957	1957	0
	1958	1958	0
	1959	1959	0
	1960	1960	0
	1961	1961	0
	1962	1962	0
	1963	1963	0
	1964	1964	0
	1965	1965	0
	1966	1966	0
	1967	1967	0
	1968	1968	0
	1969	1969	0
	1970	1970	0
	1971	1971	0
	1972	1972	0
	1973	1973	0
	1974	1974	0
	1975	1975	0
	1976	1976	0
	1977	1977	0
	1978	1978	0
	1979	1979	0
	1980	1980	0
	1981	1981	0
	1982	1982	0
	1983	1983	0
	1984	1984	0
	1985	1985	0
	1986	1986	0
	1987	1987	0
	1988	1988	0
	1989	1989	0
	1990	1990	0
	1991	1991	0
	1992	1992	0
	1993	1993	0
	1994	1994	0
	1995	1995	0
	1996	1996	0
	1997	1997	0
	1998	1998	0
	1999	1999	0
	2000	2000	0
	2001	2001	0
	2002	2002	0
	2003	2003	0
	2004	2004	0
	2005	2005	0
	2006	2006	0
	2007	2007	0
	2008	2008	0
	2009	2009	0
	2010	2010	0
	2011	2011	0
	2012	2012	0
	2013	2013	0
	2014	2014	0
	2015	2015	0
	2016	2016	0
	2017	2017	0
	2018	2018	0
	2019	2019	0
	2020	2020	0
	2021	2021	0
	2022	2022	0
	2023	2023	0
	2024	2024	0
	2025	2025	0
	2026	2026	0
	2027	2027	0
	2028	2028	0
	2029	2029	0
	2030	2030	0
	2031	2031	0
	2032	2032	0
	2033	2033	0
	2034	2034	0
	2035	2035	0
	2036	2036	0
	2037	2037	0
	2038	2038	0
	2039	2039	0
	2040	2040	0
	2041	2041	0
	2042	2042	0
	2043	2043	0
	2044	2044	0
	2045	2045	0
	2046	2046	0
	2047	2047	0
	2048	2048	0
	2049	2049	0
	2050	2050	0
	2051	2051	0
	2052	2052	0
	2053	2053	0
	2054	2054	0
	2055	2055	0
	2056	2056	0
	2057	2057	0
	2058	2058	0
	2059	2059	0
	2060	2060	0
	2061	2061	0
	2062	2062	0
	2063	2063	0
	2064	2064	0
	2065	2065	0
	2066	2066	0
	2067	2067	0
	2068	2068	0
	2069	2069	0
	2070	2070	0
	2071	2071	0
	2072	2072	0
	2073	2073	0
	2074	2074	0
	2075	2075	0
	2076	2076	0
	2077	2077	0
	2078	2078	0
	2079	2079	0
	2080	2080	0
	2081	2081	0
	2082	2082	0
	2083	2083	0
	2084	2084	0
	2085	2085	0
	2086	2086	0
	2087	2087	0
	2088	2088	0
	2089	2089	0
	2090	2090	0
	2091	2091	0
	2092	2092	0
	2093	2093	0
	2094	2094	0
	2095	2095	0
	2096	2096	0
	2097	2097	0
	2098	2098	0
	2099	2099	0
	2100	2100	0
	2101	2101	0
	2102	2102	0
	2103	2103	0
	2104	2104	0
	2105	2105	0
	2106	2106	0
	2107	2107	0
	2108	2108	0
	2109	2109	0
	2110	2110	0
	2111	2111	0
	2112	2112	0
	2113	2113	0
	2114	2114	0
	2115	2115	0
	2116	2116	0
	2117	2117	0
	2118	2118	0
	2119	2119	0
	2120	2120	0
	2121	2121	0
	2122	2122	0
	2123	2123	0
	2124	2124	0
	2125	2125	0
	2126	2126	0
	2127	2127	0
	2128	2128	0
	2129	2129	0
	2130	2130	0
	2131	2131	0
	2132	2132	0
	2133	2133	0
	2134	2134	0
	2135	2135	0
	2136	2136	0
	2137	2137	0
	2138	2138	0
	2139	2139	0
	2140	2140	0
	2141	2141	0
	2142	2142	0
	2143	2143	0
	2144	2144	0
	2145	2145	0
	2146	2146	0
	2147	2147	0
	2148	2148	0
	2149	2149	0
	2150	2150	0
	2151	2151	0
	2152	2152	0
	2153	2153	0
	2154	2154	0
	2155	2155	0
	2156	2156	0
	2157	2157	0
	2158	2158	0
	2159	2159	0
	2160	2160	0
	2161	2161	0
	2162	2162	0
	2163	2163	0
	2164	2164	0
	2165	2165	0
	2166	2166	0
	2167	2167	0
	2168	2168	0
	2169	2169	0
	2170	2170	0
	2171	2171	0
	2172	2172	0
	2173	2173	0
	2174	2174	0
	2175	2175	0
	2176	2176	0
	2177	2177	0
	2178	2178	0
	2179	2179	0
	2180	2180	0
	2181	2181	0
	2182	2182	0
	2183	2183	0
	2184	2184	0
	2185	2185	0
	2186	2186	0
	2187	2187	0
	2188	2188	0
	2189	2189	0
	2190	2190	0
	2191	2191	0
	2192	2192	0
	2193	2193	0
	2194	2194	0
	2195	2195	0
	2196	2196	0
	2197	2197	0
	2198	2198	0
	2199	2199	0
	2200	2200	0
	2201	2201	0
	2202	2202	0
	2203	2203	0
	2204	2204	0
	2205	2205	0
	2206	2206	0
	2207	2207	0
	2208	2208	0
	2209	2209	0
	2210	2210	0
	2211	2211	0
	2212	2212	0
	2213	2213	0
	2214	2214	0
	2215	2215	0
	2216	2216	0
	2217	2217	0
	2218	2218	0
	2219	2219	0
	2220	2220	0
	2221	2221	0
	2222	2222	0
	2223	2223	0
	2224	2224	0
	2225	2225	0
	2226	2226	0
	2227	2227	0
	2228	2228	0
	2229	2229	0
	2230	2230	0
	2231	2231	0
	2232	2232	0
	2233	2233	0
	2234	2234	0
	2235	2235	0
	2236	2236	0
	2237	2237	0
	2238	2238	0
	2239	2239	0
	2240	2240	0
	2241	2241	0
	2242	2242	0
	2243	2243	0
	2244	2244	0
	2245	2245	0
	2246	2246	0
	2247	2247	0
	2248	2248	0
	2249	2249	0
	2250	2250	0
	2251	2251	0
	2252	2252	0
	2253	2253	0
	2254	2254	0
	2255	2255	0
	2256	2256	0
	2257	2257	0
	2258	2258	0
	2259	2259	0
	2260	2260	0
	2261	2261	0
	2262	2262	0
	2263	2263	0
	2264	2264	0
	2265	2265	0
	2266	2266	0
	2267	2267	0
	2268	2268	0
	2269	2269	0
	2270	2270	0
	2271	2271	0
	2272	2272	0
	2273	2273	0
	2274	2274	0
	2275	2275	0
	2276	2276	0
	2277	2277	0
	2278	2278	0
	2279	2279	0
	2280	2280	0
	2281	2281	0
	2282	2282	0
	2283	2283	0
	2284	2284	0
	2285	2285	0
	2286	2286	0
	2287	2287	0
	2288	2288	0
	2289	2289	0
	2290	2290	0
	2291	2291	0
	2292	2292	0
	2293	2293	0
	2294	2294	0
	2295	2295	0
	2296	2296	0
	2297	2297	0
	2298	2298	0
	2299	2299	0
	2300	2300	0
	2301	2301	0
	2302	2302	0
	2303	2303	0
	2304	2304	0
	2305	2305	0
	2306	2306	0
	2307	2307	0
	2308	2308	0
	2309	2309	0
	2310	2310	0
	2311	2311	0
	2312	2312	0
	2313	2313	0
	2314	2314	0
	2315	2315	0
	2316	2316	0
	2317	2317	0
	2318	2318	0
	2319	2319	0
	2320	2320	0
	2321	2321	0
	2322	2322	0
	2323	2323	0
	2324	2324	0
	2325	2325	0
	2326	2326	0
	2327	2327	0
	2328	2328	0
	2329	2329	0
	2330	2330	0
	2331	2331	0
	2332	2332	0
	2333	2333	0
	2334	2334	0
	2335	2335	0
	2336	2336	0
	2337	2337	0
	2338	2338	0
	2339	2339	0
	2340	2340	0
	2341	2341	0
	2342	2342	0
	2343	2343	0
	2344	2344	0
	2345	2345	0
	2346	2346	0
	2347	2347	0
	2348	2348	0
	2349	2349	0
	2350	2350	0
	2351	2351	0
	2352	2352	0
	2353	2353	0
	2354	2354	0
	2355	2355	0
	2356	2356	0
	2357	2357	0
	2358	2358	0
	2359	2359	0
	2360	2360	0
	2361	2361	0
	2362	2362	0
	2363	2363	0
	2364	2364	0
	2365	2365	0
	2366	2366	0
	2367	2367	0
	2368	2368	0
	2369	2369	0
	2370	2370	0
	2371	2371	0
	2372	2372	0
	2373	2373	0
	2374	2374	0
	2375	2375	0
	2376	2376	0
	2377	2377	0
	2378	2378	0
	2379	2379	0
	2380	2380	0
	2381	2381	0
	2382	2382	0
	2383	2383	0
	2384	2384	0
	2385	2385	0
	2386	2386	0
	2387	2387	0
	2388	2388	0
	2389	2389	0
	2390	2390	0
	2391	2391	0
	2392	2392	0
	2393	2393	0
	2394	2394	0
	2395	2395	0
	2396	2396	0
	2397	2397	0
	2398	2398	0
	2399	2399	0
	2400	2400	0
	2401	2401	0
	2402	2402	0
	2403	2403	0
	2404	2404	0
	2405	2405	0
	2406	2406	0
	2407	2407	0
	2408	2408	0
	2409	2409	0
	2410	2410	0
	2411	2411	0
	2412	2412	0
	2413	2413	0
	2414	2414	0
	2415	2415	0
	2416	2416	0
	2417	2417	0
	2418	2418	0
	2419	2419	0
	2420	2420	0
	2421	2421	0
	2422	2422	0
	2423	2423	0
	2424	2424	0
	2425	2425	0
	2426	2426	0
	2427	2427	0
	2428	2428	0
	2429	2429	0
	2430	2430	0
	2431	2431	0
	2432	2432	0
	2433	2433	0
	2434	2434	0
	2435	2435	0
	2436	2436	0
	2437	2437	0
	2438	2438	0
	2439	2439	0
	2440	2440	0
	2441	2441	0
	2442	2442	0
	2443	2443	0
	2444	2444	0
	2445	2445	0
	2446	2446	0
	2447	2447	0
	2448	2448	0
	2449	2449	0
	2450	2450	0
	2451	2451	0
	2452	2452	0
	2453	2453	0
	2454	2454	0
	2455	2455	0
	2456	2456	0
	2457	2457	0
	2458	2458	0
	2459	2459	0
	2460	2460	0
	2461	2461	0
	2462	2462	0
	2463	2463	0
	2464	2464	0
	2465	2465	0
	2466	2466	0
	2467	2467	0
	2468	2468	0
	2469	2469	0
	2470	2470	0
	2471	2471	0
	2472	2472	0
	2473	2473	0
	2474	2474	0
	2475	2475	0
	2476	2476	0
	2477	2477	0
	2478	2478	0
	2479	2479	0
	2480	2480	0
	2481	2481	0
	2482	2482	0
	2483	2483	0
	2484	2484	0
	2485	2485	0
	2486	2486	0
	2487	2487	0
	2488	2488	0
	2489	2489	0
	2490	2490	0
	2491	2491	0
	2492	2492	0
	2493	2493	0
	2494	2494	0
	2495	2495	0
	2496	2496	0
	2497	2497	0
	2498	2498	0
	2499	2499	0
	2500	2500	0
	2501	2501	0
	2502	2502	0
	2503	2503	0
	2504	2504	0
	2505	2505	0
	2506	2506	0
	2507	2507	0
	2508	2508	0
	2509	2509	0
	2510	2510	0
	2511	2511	0
	2512	2512	0
	2513	2513	0
	2514	2514	0
	2515	2515	0
	2516	2516	0
	2517	2517	0
	2518	2518	0
	2519	2519	0
	2520	2520	0
	2521	2521	0
	2522	2522	0
	2523	2523	0
	2524	2524	0
	2525	2525	0
	2526	2526	0
	2527	2527	0
	2528	2528	0
	2529	2529	0
	2530	2530	0
	2531	2531	0
	2532	2532	0
	2533	2533	0
	2534	2534	0
	2535	2535	0
	2536	2536	0
	2537	2537	0
	2538	2538	0
	2539	2539	0
	2540	2540	0
	2541	2541	0
	2542	2542	0
	2543	2543	0
	2544	2544	0
	2545	2545	0
	2546	2546	0
	2547	2547	0
	2548	2548	0
	2549	2549	0
	2550	2550	0
	2551	2551	0
	2552	2552	0
	2553	2553	0
	2554	2554	0
	2555	2555	0
	2556	2556	0
	2557	2557	0
	2558	2558	0
	2559	2559	0
	2560	2560	0
	2561	2561	0
	2562	2562	0
	2563	2563	0
	2564	2564	0
	2565	2565	0
	2566	2566	0
	2567	2567	0
	2568	2568	0
	2569	2569	0
	2570	2570	0
	2571	2571	0
	2572	2572	0
	2573	2573	0
	2574	2574	0
	2575	2575	0
	2576	2576	0
	2577	2577	0
	2578	2578	0
	2579	2579	0
	2580	2580	0
	2581	2581	0
	2582	2582	0
	2583	2583	0
	2584	2584	0
	2585	2585	0
	2586	2586	0
	2587	2587	0
	2588	2588	0
	2589	2589	0
	2590	2590	0
	2591	2591	0
	2592	2592	0
	2593	2593	0
	2594	2594	0
	2595	2595	0
	2596	2596	0
	2597	2597	0
	2598	2598	0
	2599	2599	0
	2600	2600	0
	2601	2601	0
	2602	2602	0
	2603	2603	0
	2604	2604	0
	2605	2605	0
	2606	2606	0
	2607	2607	0
	2608	2608	0
	2609	2609	0
	2610	2610	0
	2611	2611	0
	2612	2612	0
	2613	2613	0
	2614	2614	0
	2615	2615	0
	2616	2616	0
	2617	2617	0
	2618	2618	0
	2619	2619	0
	2620	2620	0
	2621	2621	0
	2622	2622	0
	2623	2623	0
	2624	2624	0
	2625	2625	0
	2626	2626	0
	2627	2627	0
	2628	2628	0
	2629	2629	0
	2630	2630	0
	2631	2631	0
	2632	2632	0
	2633	2633	0
	2634	2634	0
	2635	2635	0
	2636	2636	0
	2637	2637	0
	2638	2638	0
	2639	2639	0
	2640	2640	0
	2641	2641	0
	2642	2642	0
	2643	2643	0
	2644	2644	0
	2645	2645	0
	2646	2646	0
	2647	2647	0
	2648	2648	0
	2649	2649	0
	2650	2650	0
	2651	2651	0
	2652	2652	0
	2653	2653	0
	2654	2654	0
	2655	2655	0
	2656	2656	0
	2657	2657	0
	2658	2658	0
	2659	2659	0
	2660	2660	0
	2661	2661	0
	2662	2662	0
	2663	2663	0
	2664	2664	0
	2665	2665	0
	2666	2666	0
	2667	2667	0
	2668	2668	0
	2669	2669	0
	2670	2670	0
	2671	2671	0
	2672	2672	0
	2673	2673	0
	2674	2674	0
	2675	2675	0
	2676	2676	0
	2677	2677	0
	2678	2678	0
	2679	2679	0
	2680	2680	0
	2681	2681	0
	2682	2682	0
	2683	2683	0
	2684	2684	0
	2685	2685	0
	2686	2686	0
	2687	2687	0
	2688	2688	0
	2689	2689	0
	2690	2690	0
	2691	2691	0
	2692	2692	0
	2693	2693	0
	2694	2694	0
	2695	2695	0
	2696	2696	0
	2697	2697	0
	2698	2698	0
	2699	2699	0
	2700	2700	0
	2701	2701	0
	2702	2702	0
	2703	2703	0
	2704	2704	0
	2705	2705	0
	2706	2706	0
	2707	2707	0
	2708	2708	0
	2709	2709	0
	2710	2710	0
	2711	2711	0
	2712	2712	0
	2713	2713	0
	2714	2714	0
	2715	2715	0
	2716	2716	0
	2717	2717	0
	2718	2718	0
	2719	2719	0
	2720	2720	0
	2721	2721	0
	2722	2722	0
	2723	2723	0
	2724	2724	0
	2725	2725	0
	2726	2726	0
	2727	2727	0
	2728	2728	0
	2729	2729	0
	2730	2730	0
	2731	2731	0
	2732	2732	0
	2733	2733	0
	2734	2734	0
	2735	2735	0
	2736	2736	0
	2737	2737	0
	2738	2738	0
	2739	2739	0
	2740	2740	0
	2741	2741	0
	2742	2742	0
	2743	2743	0
	2744	2744	0
	2745	2745	0
	2746	2746	0
	2747	2747	0
	2748	2748	0
	2749	2749	0
	2750	2750	0
	2751	2751	0
	2752	2752	0
	2753	2753	0
	2754	2754	0
	2755	2755	0
	2756	2756	0
	2757	2757	0
	2758	2758	0
	2759	2759	0
	2760	2760	0
	2761	2761	0
	2762	2762	0
	2763	2763	0
