32.393855166437056
37.34441678625285
37.094151143163444
37.939579471913085
38.64758701369945
39.455421102746705
40.3298643807086
41.290260367220995
42.34890930134332
43.52272317191432
44.83180150862588
46.300511726313104
47.95811845205499
49.8393111600955
51.98415751428009
54.436807908692224
57.24176725946158
60.436217523663196
64.0362643932817
68.01922707561404
72.29637521348866
76.72687995518848
81.02678618222882
85.2037741436941
88.15152940036629
93.04646238502455
93.74999927536442
93.74999972236405
93.74999975221772
93.74999865699934
99.55275084366794
98.13962607934643
97.11547115376796
96.70097248947006
95.39132591103662
94.44216626998139
94.02601197071117
92.71113426160491
91.75818338542301
91.3476220260801
90.05041572407384
89.11027210955793
88.70439458149279
87.42198727435729
86.49256915547573
86.09203586225303
84.82651415567214
83.90933378919289
83.51458538459669
82.26734156465058
81.36340800276975
80.97501310784001
79.7478437849006
78.85845911177113
78.47706771990764
77.27202660778714
76.39867924196176
76.02505322800283
74.84454754018867
73.98898209729674
73.62401630472904
72.47087338135883
71.63513896166474
71.27988943686196
70.15744595339231
69.34396079532074
68.99967718510226
67.91188151536933
67.12350718260838
66.79166862237228
65.7431942304424
64.98331779210578
64.66566848529823
63.66202634206739
62.934641846048365
62.63321807350814
61.68084199520528
60.99061231681922
60.70774478212196
59.81399884063942
59.16626105322289
58.904526437569096
58.07755189368438
57.4782063342325
57.24028786619601
56.488562626893
55.9437536150125
55.73218447814642
55.06371236939283
54.57924063690533
54.39596701815942
53.81689719627165
53.39721931268083
53.2432557442673
52.75679371689811
52.404232857435524
52.27871536351841
51.88213131970603
51.594709067877275
51.49682448138852
51.18754914513743
50.96340343134153
50.88501975050071
50.63735931571483
50.457868685757134
50.41186748513436
50.26652246912207
50.16118441418484
50.11983746919854
49.989198001103546
49.89451771660036
49.8531707745712
49.72253131581953
49.62785103808787
49.5865040962562
49.455864638128546
49.36118436084913
49.31983741177204
49.18919793075179
49.094517636881086
0.49819585798794974
0.7221210065774042
0.8868220151023606
0.9634339490565325
0.9899801371360166
0.9976767754114192
0.9997070684683989
0.4915415666922186
0.5770329341384446
0.7113414577089642
0.8413817132823582
0.9285045718720042
0.9742290226572421
0.9958330432388591
0.48633892195728745
0.5856859759290604
0.6915750482880296
0.8039987556240482
0.8979471587696208
0.9591224927464613
0.9930622238350548
0.4841032225537765
0.5863034548504936
0.7089168648166412
0.8248607741776215
0.9116939459417972
0.9652680899847322
0.9939225209395149
0.47700912430703774
0.5914952420709163
0.7291145224868465
0.8497169371397119
0.9297821471827546
0.9738098353753977
0.9955008283416356
0.47179920519356416
0.5882122361401625
0.72776101452518
0.850031904346283
0.9307710258202291
0.9744963510129362
0.9956703930003604
0.46949164265511706
0.5843877321304238
0.7244714417402964
0.8481327042685403
0.9298891283845262
0.9741641261575106
0.9956090790773655
0.46206693080997047
0.5740998152619972
0.7142647322044142
0.8410719548635905
0.9262894956271238
0.9727939298460871
0.9953730836617755
0.4565567850345149
0.5665799692770397
0.7065613178685568
0.8354600626673564
0.9232998907426447
0.971625780126407
0.9951704848836119
0.4541293686084179
0.5666710703432427
0.708374667515878
0.8374356339095502
0.924586444655724
0.9722149813379225
0.9952495891807598
0.44634680640025204
0.559611016235362
0.7042323871454915
0.8362738569965112
0.9247485591028529
0.972494596272664
0.9953120810069379
0.4405819677638922
0.5518533253087132
0.6967267884364969
0.8313221244009216
0.9224054209141764
0.9716699927740541
0.9951780225370425
0.43804014450669865
0.5514272039166525
0.697857065084911
0.8327288047649786
0.9233563568697101
0.9721147993197145
0.9952352578507183
0.42988605018965564
0.5431693843059877
0.6920385602741198
0.8301801130567174
0.9227290857334075
0.9720709099410453
0.9952404134318286
0.42384263431376373
0.5346920033952524
0.6835021856621445
0.8243795895475985
0.9199313290795866
0.971074294797743
0.995075570112866
0.4211791414686224
0.5344384646388477
0.6850504341978016
0.8261837190349891
0.9211105294719717
0.9716096570185643
0.9951453541107198
0.41263676909646924
0.5257198596299513
0.6789399837865034
0.8236376073842364
0.9205952645391571
0.971637766857106
0.9951649947099981
0.40630537224353686
0.5165562383822624
0.6694642626883804
0.8171355323891204
0.9174798586768703
0.9705427497707072
0.9949843370692686
0.40351578517013065
0.5163553021739559
0.6712750474590463
0.8192171032849105
0.9188164238966497
0.9711368207356135
0.9950617352658244
0.39457066503956806
0.5069738752766381
0.6645202918511887
0.8163654350952521
0.9182383444689061
0.9711657826683899
0.9950832363614884
0.3879404819779433
0.4970304206017098
0.6538970602446614
0.8089602208471951
0.9146969224267315
0.9699332986103666
0.9948797767096269
0.38502054394748614
0.4969302606453166
0.6560798489418113
0.8114269404472676
0.9162494396283225
0.9706070962478227
0.9949677028442072
0.37566055594788506
0.486863636214701
0.6486549882514742
0.8082845214440673
0.9156406728792679
0.9706552492421116
0.9949947176154836
0.3687234276973304
0.4760616984295267
0.636692903713196
0.7997964419614885
0.9115902537267415
0.9692614764843162
0.9947646183385784
0.36567003716943647
0.47608554994339713
0.6393277972405998
0.8027366372528729
0.9134049500808455
0.9700297029387218
0.9948649890140259
0.3558869755376246
0.465278420148967
0.631131829904314
0.7992480356109777
0.912758837823653
0.9700999296007328
0.9948984530657524
0.348637859720207
0.45352970001160087
0.617587447639225
0.7894322239075965
0.908081542653996
0.9685095794958675
0.9946358576570175
0.34544947130058173
0.45371277997309317
0.6207876231226365
0.7929718682385675
0.9102244001105343
0.9693931732576303
0.9947514416876402
0.3352408379195989
0.4421208371512288
0.6117219310414637
0.7890870000384895
0.9095439467537699
0.9694936190859237
0.9947933581357369
0.3276794241450486
0.4293350214729906
0.5963032680834812
0.7776299810241326
0.9040877371126895
0.9676620542490968
0.9944908844872392
0.3243567702280417
0.429718323521496
0.6002100453711247
0.781933579785043
0.9066445209504395
0.968687397745631
0.9946251562143248
0.31372823184029164
0.4173060087200232
0.5901655284206961
0.7775928187990835
0.9059346648362688
0.9688284864418715
0.9946780906690653
0.30586090467610955
0.4033948352586149
0.5725214997267191
0.7640856356389223
0.8994978651731683
0.9666971882094251
0.9943260508797775
0.3024079117564735
0.4040262856396698
0.5773131221903831
0.7693722578854906
0.9025827686454698
0.9678983915823174
0.9944834907172685
0.2913765129359208
0.3907761723680531
0.5661780404981409
0.7645103083915838
0.9018544859108827
0.9680947784540263
0.9945509763175479
0.28321896408205094
0.37566224786378083
0.545892882011629
0.7484168810073909
0.8941669600228145
0.9655864052157733
0.9941365584119414
0.2796439486974585
0.37659489191366147
0.5517899545215897
0.754978403663864
0.8979328646344407
0.9670076846272404
0.9943229500413627
0.2682422480620228
0.3625186949390803
0.5394593430734761
0.7495268950195141
0.8972065674486315
0.9672798729556127
0.9944098492063076
0.2598228216683706
0.34614950020781954
0.5160533438558713
0.7301423122372914
0.8879023864471458
0.9642910410104664
0.993915908625786
0.2561400006557541
0.34743725016874705
0.5233207794297875
0.7383665835825295
0.8925550503853719
0.9659898917963408
0.9941387302229848
0.24442122831417545
0.3325909825762275
0.509714327005081
0.7322611901234672
0.8918665029738584
0.966366726782791
0.9942517796132875
0.23578507078699498
0.31496043000776863
0.48266030652120917
0.7086616225501536
0.8804458175697062
0.962758020721318
0.9936551577324962
0.23201639512905806
0.31664926436867935
0.491598742726447
0.7190577382391828
0.8862622305905888
0.9648090804723689
0.9939240430402164
0.22006057311683572
0.301151834527333
0.47668961182526226
0.7122514098240808
0.8856712714512097
0.9653310520790147
0.9940725752390138
0.21127449677272797
0.2823311719677475
0.4454602928988638
0.6832429468544818
0.8714487745528691
0.9609134891081788
0.9933417957492309
0.20745173405805548
0.28444388827705025
0.4563756357815466
0.6964607520840405
0.8787990842417259
0.9634128521721489
0.9936690230710393
0.19537234444947765
0.26849696678507556
0.44023257739720917
0.6889457518128083
0.8784016087544707
0.9641361212762444
0.9938658537602669
0.18652997752126216
0.24867494714849225
0.4044018291909151
0.6530353154981008
0.8604421270582677
0.9586538767725045
0.992958123076681
0.18269680140987274
0.2511884561011427
0.4175356850883538
0.6698586455478602
0.8698109148926375
0.9617228933313776
0.9933589935317343
0.17064691076769095
0.23509174439342068
0.4003750407076082
0.661696875946969
0.8697520182748452
0.9627229807913866
0.993621278932682
0.16187306973229149
0.21461866695251267
0.35979867951140276
0.6171394088507909
0.8468033167701764
0.9558339126726129
0.9924789551203469
0.15808662873813056
0.21743738265625018
0.3752040583068179
0.6384130803501114
0.8587991044027683
0.9596204746916487
0.9929718048487439
0.14626232188292188
0.2015895684119264
0.3574381514848471
0.629768163532049
0.8592809992350622
0.9609932049626085
0.9933214104443201
0.13771457397743073
0.1810098313263195
0.31252244237450255
0.5747935608442636
0.8297379262395439
0.9522533664391711
0.991868797846815
0.13404559517688136
0.18394464872809657
0.3298830343272511
0.6012110666709133
0.8450602770759673
0.9569248069143806
0.9924738760586531
0.12268315862115534
0.16881431745444603
0.3121222708863563
0.5923418819306155
0.8463173067136791
0.9587756307151246
0.9929355817930677
0.11454733313810261
0.14885922597575024
0.2641226506425453
0.5256956519561733
0.8082874626880053
0.9476396424915486
0.9910776975024198
0.111077430647821
0.1516408501866649
0.28260160884792307
0.5574180546788373
0.8276235933004116
0.953365275482365
0.9918148723352822
0.10044015560579879
0.13771015128160627
0.26560422282524876
0.5486458587325495
0.8298652038790826
0.9557885321798291
0.9924125416643788
0.09291646096183466
0.11921968916453161
0.21679259403044823
0.4705373476396421
0.7814814609415394
0.9416570070747731
0.9900408149089643
0.08973119825775688
0.12153766417698972
0.23495567537975023
0.506527556064143
0.8051758746353627
0.948539287922813
0.9909200161888811
0.08008131677068718
0.10918502531859495
0.21933593199396087
0.497830298624389
0.8082534979315664
0.9515122118361097
0.9916568091259401
0.07335815690909331
0.09294811609083897
0.17276485394969757
0.4109049340605785
0.7481802446331898
0.9337869606228444
0.9886538365997692
0.07053557887027163
0.09460943127190513
0.18911035124921202
0.44897545003416567
0.7761449617001251
0.9418821308184411
0.989680323534821
0.06209699721813772
0.0841328194311738
0.17558419566786582
0.4406916863989897
0.7799271386395369
0.9453770512053945
0.9905576547003485
0.056320465018487746
0.07069691737108494
0.13441836395909565
0.35085403267094095
0.7087695353890101
0.923813844239629
0.9868552618407277
0.053916752542938776
0.07152186488363838
0.14710093391093157
0.3860707952072256
0.7385709502667197
0.9325700446199366
0.987942488619013
0.046823199905528363
0.06275965306625833
0.13471868977446244
0.374744301965337
0.7393104246933833
0.9353801493001035
0.988741449628063
0.042057580270187966
0.05228906903625752
0.10111348560876568
0.28862737419995776
0.6575502612487981
0.9090413034262412
0.9841105313709616
0.040094741118223094
0.05269083046553998
0.11110750392605878
0.3215296063263097
0.6909592417299033
0.919411009842052
0.9854199435456914
0.03438989072434893
0.04618309525916575
0.10318283561238036
0.31669378782736907
0.696707021306722
0.9241185565143586
0.9866211249276222
0.03063497401221892
0.03850241509680547
0.07821971985837937
0.24476065854948162
0.6170237937968029
0.8969844880843286
0.9817665310889425
0.029098827625781733
0.03782367407222763
0.08123116715438121
0.25804298016631877
0.6327885436337459
0.9017667396611567
0.9821227979852508
0.02465092409095591
0.031563628247110655
0.06731546109323672
0.22323841937400546
0.5943593730111023
0.8893578292816396
0.9800229213747299
0.021761083881560922
0.02607302013834758
0.04912676422100373
0.1593290238187876
0.48940087565406876
0.8420576174175171
0.9706367216654525
0.020597839107931417
0.02670533241998981
0.05827106149408459
0.19860570462724936
0.5558043734364503
0.8708558367739027
0.9752428026902422
0.017371900923744178
0.026015992215409275
0.07127403461461151
0.2617625303576173
0.6550180832564181
0.9135104909448123
0.9842557949676681
0.015370549338639914
0.02356671828987424
0.06725648995630332
0.25521830652953265
0.6518384228258811
0.9139491163761921
0.9847082719078821
0.01456988269001729
0.02279603527484563
0.06669679340021775
0.25557979912702833
0.6530172900432103
0.9143805278029444
0.9846610442444916
0.012275292512220278
0.018770345666245726
0.0543364070556058
0.21709019918993383
0.6067906369468571
0.8990655111125088
0.9819005538785409
0.010801234006910972
0.015439605313568826
0.041366377030093056
0.1681253444553014
0.5296811671232602
0.8676341624715662
0.9757626826109884
0.010199619309822258
0.014069507806149163
0.035872430957700575
0.14555724137320916
0.48645784163504185
0.846905562687955
0.9714827687816076
0.008460984971617505
0.010373511619519084
0.021376251053454854
0.08125047132231038
0.3246150855482561
0.7383541842769203
0.9461010031665924
0.0073529952179286874
0.008391237704495211
0.014425696486749073
0.04863423079207086
0.2111970078170638
0.6110748320443966
0.9074235648400494
0.00690844113285889
0.0076924463863791755
0.012257203380554128
0.03845109905819246
0.1694813531723736
0.5440691015287935
0.8818692044140212
0.005655722214548282
0.005978226487806481
0.007855115583181102
0.018924649031476566
0.08057515164323051
0.3344115905646156
0.7581301434394911
0.004881149753215746
0.005061206529062914
0.006099823371129137
0.01228763425771169
0.048135794495554385
0.22079778224717742
0.6381667315023961
0.004575131753589412
0.004718810741800021
0.0055441264670486705
0.010482424764550552
0.039445468806565194
0.18533109532881736
0.584965583185551
0.0037232818944449844
0.0038028838953462797
0.004252434168595141
0.006964491715460085
0.023267757111507074
0.11306886901186648
0.43943703455925914
0.00320332698975234
0.003260535607644841
0.0035796226340340633
0.005509673522497277
0.017224902802780377
0.08402318389651928
0.35947383456713555
0.8562569123632039
0.9397304710682428
0.97917267347829
0.9937141165644832
0.9983159613255228
0.9996120448127113
0.9999511661572562
0.8529492780195875
0.8911327828517946
0.9366519453606367
0.9695369556245493
0.987329173508018
0.9956105705368381
0.9993030872018965
0.8503185345870045
0.8945344484277089
0.9308134626909852
0.9609558790231807
0.9814102453992872
0.9929468183890267
0.9988369799954534
0.8491757499634732
0.894774328512205
0.935949447864696
0.9658218501019542
0.9841132436889558
0.9940388121302258
0.9989819307444336
0.8454996079326772
0.8967764463472522
0.9416895396730901
0.9713669356865318
0.9875696650027023
0.9955375796257111
0.9992473160115488
0.8427503960341113
0.8955134810197154
0.9413126912615289
0.9714355163813649
0.9877554389705818
0.9956570918308826
0.9992757858645686
0.8415190501136195
0.8940288709664865
0.9403921969204421
0.9710213611095282
0.9875897785270816
0.995599273855004
0.999265492208202
0.8374988859413589
0.8899624631498598
0.9374939757095185
0.9694683841219752
0.986910913284895
0.995360468798217
0.9992258623853145
0.8344565992302057
0.8869211176671907
0.9352633569627151
0.9682189698540823
0.9863437876404232
0.9951564364057384
0.999191828249196
0.8331000998922113
0.8869583198273899
0.9357918394440589
0.9686603465744058
0.9865882154808717
0.9952593988126026
0.9992051181841449
0.8286823147829114
0.884048815946051
0.934581504255087
0.9684009893913539
0.9866189753633167
0.9953082250758725
0.9992156158935307
0.8253406869416294
0.8807888029205166
0.9323599527806653
0.9672890028036496
0.9861735202556982
0.9951641661217471
0.9991930946901579
0.8238481197988642
0.8806077837626326
0.9326968742209628
0.9676059785563792
0.9863545271878176
0.9952418993947573
0.9992027105763515
0.8189787026911676
0.8770588171845712
0.9309533346560267
0.9670310298576066
0.9862351630062002
0.9952342320209346
0.9992035767006062
0.8152875953019749
0.8733325000260385
0.9283538129335577
0.9657118489582659
0.9857011463397106
0.9950599709462066
0.9991758797501535
0.8136380248818741
0.8732197296910253
0.9288290127584365
0.9661237500184752
0.9859265489968803
0.9951536174507675
0.9991876057799024
0.8082507415381612
0.8692938786016277
0.9269438136537315
0.9655420255481966
0.9858281151146044
0.9951585321086098
0.9991909058060766
0.8041598656599126
0.8650646702318452
0.9239679532567404
0.9640432446241759
0.9852310284284077
0.9949669074051224
0.9991605475025669
0.8023302026270239
0.8649707215516456
0.9245416350440409
0.9645251446168978
0.985487596647786
0.9950709125093931
0.9991735548736187
0.7963473912995246
0.8605249382007464
0.9223893964523537
0.9638644608398095
0.9853767032877191
0.9950759802312676
0.9991771680015392
0.7917954157662483
0.8556821726764603
0.918935676003815
0.9621313555865685
0.9846948393133516
0.9948600999005078
0.9991429726420723
0.7897579965644055
0.8556326887316253
0.9196523194691973
0.9627114817666733
0.9849942929602611
0.9949781777598323
0.9991577517712293
0.7830876416314251
0.8505856659953152
0.9171995648143406
0.961971948496967
0.9848769717398318
0.9949866109980907
0.9991622921322191
0.7780022620630929
0.8450028147467767
0.9131564054925161
0.9599511361241233
0.9840931051748872
0.9947422327453894
0.9991236128721819
0.7757243901392822
0.8450153386356362
0.9140568907773224
0.9606550004420796
0.9844450036057651
0.9948770023554099
0.9991404868276856
0.7682575585299837
0.8392487825679705
0.9112371451017232
0.9598193927364044
0.9843198437593226
0.9948893133581387
0.999146112053094
0.7625529741560457
0.8327634383016772
0.9064534189058356
0.9574366447737469
0.9834094416687336
0.9946101562098071
0.9991019619395146
0.7599959068110639
0.832866287224986
0.9075979300383042
0.9583013097584167
0.9838274857081998
0.9947653488249625
0.9991213974506787
0.7516037211718729
0.8262385736230603
0.9043322462754305
0.9573519821909896
0.9836949129395227
0.9947829760819183
0.9991284447927653
0.7451783999559068
0.818645090752672
0.8986072899366291
0.9545083470654367
0.9826259708058833
0.9944610779063641
0.9990775793127755
0.7422963645618211
0.8188772169469742
0.9000787463387921
0.9555842829486096
0.98312819025763
0.9946414067072563
0.99910016229648
0.7328269206847722
0.8112138929319099
0.8962661728869799
0.9544990149428202
0.9829889887432623
0.994666195439329
0.9991090638771228
0.7255612802225498
0.8022504901005091
0.8893290347454404
0.9510594586953406
0.9817185393423202
0.9942910959026676
0.9990498492239966
0.7223005164052262
0.8026662982955516
0.8912441162401757
0.9524170946221255
0.9823292664959372
0.9945026710116125
0.9990763356169251
0.7115761667849728
0.7937547734229217
0.8867568798448456
0.9511690669224433
0.9821853946516392
0.9945372204149051
0.9990876867056356
0.7033307509859166
0.7830888669691091
0.8782379805626591
0.9469467226847796
0.9806550473841803
0.9940950589968737
0.9990179612965111
0.6996288379083072
0.7837632220371177
0.8807618955846162
0.9486854162573551
0.9814073995499641
0.9943458272284988
0.9990493274941352
0.6874447980862137
0.7733475133195521
0.8754385454074217
0.9472425465156867
0.9812627019194035
0.994393782022209
0.999063947639513
0.6780598337220292
0.7605598834958663
0.8648294403491988
0.9419749678705382
0.9793919721200468
0.9938659737588392
0.9989808174377679
0.6738457498685333
0.7615935891720572
0.868197006327956
0.9442364165572497
0.980331435093046
0.9941663116562252
0.9990183268277513
0.6599717909281976
0.749372768500359
0.8618357684664841
0.9425614167546615
0.9801929087976194
0.9942328133262203
0.9990373520082049
0.6492697981448224
0.7339447732005777
0.8484342245955041
0.9358752762921363
0.9778694719372031
0.9935941995471116
0.9989369053153414
0.6444655279152119
0.7354682246702366
0.8529779694886916
0.9388629788811607
0.979058874329531
0.9939576502076445
0.9989821870168036
0.6286538290913569
0.7211032196931745
0.8453322235099225
0.9369146296564457
0.9789386103224483
0.9940499400819822
0.9990071918769594
0.6164481340728039
0.7024165678098725
0.8281723250207664
0.9282740826239074
0.9760042237202106
0.9932662491635191
0.9988841077594892
0.6109731780751294
0.7045865872029657
0.8343557150560115
0.9322805271261912
0.9775304006967229
0.9937103758550476
0.9989392408102085
0.5929772697324764
0.6877234709822589
0.8251362263137384
0.9300172710083041
0.9774484032185438
0.9938385420625147
0.998972389365118
0.5790908494625319
0.6650915957637186
0.8029131805883569
0.9186517420326764
0.9736793042485277
0.9928630760132325
0.9988194259652371
0.5728716855855018
0.6680714970548859
0.8113584918324818
0.9240931026801049
0.975661290552374
0.9934102862415224
0.9988870060888196
0.5524834740888556
0.6483921998230701
0.8002498709521084
0.9214797840177312
0.9756489392868466
0.9935879792823499
0.9989311984999092
0.5367840271243682
0.6211548607687629
0.7712744442172067
0.9062924668661773
0.9707305697688297
0.9923577104213422
0.9987385865641722
0.529771120341091
0.6250634706627805
0.7827567686040524
0.9137449240417687
0.9733281044515302
0.9930357343303916
0.9988217332341486
0.5068838714679977
0.6023749148936574
0.7694589626477624
0.9107625833963127
0.9734312234682687
0.9932804438698424
0.9988806721312085
0.489340708121078
0.5700949942300947
0.7317278227113597
0.8902400689307782
0.9669309890561737
0.9917124766216342
0.9986355541536327
0.48153520517787507
0.5749098970514358
0.7470698541901644
0.9004534635333831
0.9703481748713034
0.9925535016920412
0.9987377293385711
0.45623636192998995
0.5492660435297794
0.7313619156131999
0.8971004493474294
0.9706240750678202
0.9928848401377871
0.9988156245291445
0.4369987766050454
0.5120434200106916
0.6828953086695159
0.8692828469440922
0.9619726428411818
0.9908751221951912
0.9985018101646452
0.4284879057275518
0.5174854404071848
0.7026954000983691
0.8831340387023625
0.9664514501567736
0.9919132775177181
0.9986264431071111
0.4011720286988147
0.48933140123506264
0.6845407575049492
0.8794211880016084
0.9669597932855538
0.992349557624216
0.9987273769655207
0.3806537631517286
0.4481666759712534
0.6241740293915472
0.8420781022193292
0.9554716929958491
0.9897792432291528
0.9983262447865205
0.37164598965114226
0.45358666576651663
0.6482196380344749
0.8603104890388603
0.9612358134967589
0.9910389287300302
0.9984751312115526
0.3431059994748241
0.42376577018020845
0.6276665038963247
0.8560768420730609
0.9619646244795015
0.9915784152932998
0.9985997326058701
0.3220309548699266
0.3807422993443281
0.5561624776128196
0.8071401839812249
0.946883568437095
0.9883200210133345
0.9980909221758478
0.3128708430802021
0.38536212855152085
0.5832083900377083
0.8301863190859297
0.9541348781004882
0.9898206885609289
0.9982651345473185
0.28430847149215077
0.3553246102281813
0.5609954764650675
0.8254048474564734
0.9550838317089645
0.9904620144541719
0.9984137945336167
0.26367211068111995
0.31339958234179466
0.48233606205504986
0.7643128927706899
0.9359066400732134
0.9864414989811935
0.9977849467273903
0.254808327546607
0.31609328367406647
0.5085584723273293
0.7904931589107039
0.9442921071318128
0.9880925765783104
0.9979700176571674
0.22764407846646825
0.2866177619001954
0.4829799848891771
0.7824230024041835
0.9444934137951861
0.9886170546949001
0.9981058033476565
0.20850037527391513
0.24871027144859578
0.40295831482029354
0.7088281732211383
0.9201330221152233
0.9835968784403698
0.9973162186792408
0.2003945988895305
0.2502227581514033
0.42856248412117215
0.7398151953623829
0.9306274083492252
0.9856015369780382
0.9975401027233103
0.1760650544342577
0.22511584011346408
0.40839845858941726
0.7355082533331575
0.9323540528877269
0.9864993878010759
0.9977450468744702
0.15939459733768727
0.19372088159951642
0.33737243311816634
0.6603839269813798
0.9062509050265672
0.9812184195794226
0.9969142011672565
0.1524171621165084
0.19084899375029013
0.34660952259172634
0.6760317035906578
0.9118115975121635
0.9821680475907243
0.9969754069466868
0.13167588350169865
0.16356780286826003
0.3021843666742516
0.6329437286164933
0.8978697449131205
0.9796867167529646
0.9966141202406503
0.11775420736950575
0.13839609939708664
0.23663502093210267
0.5320884646554198
0.8518716345318728
0.9696864396095932
0.9949833662670908
0.11204736650854882
0.14135705835388307
0.2707437425976408
0.5979012412240533
0.8824575135659045
0.9758801962335666
0.9957868795702361
0.09590145285525287
0.13812823753081094
0.315285765034841
0.6802523283723562
0.919304182335965
0.9844654343615009
0.9973410803478122
0.08564151070334043
0.12649495490286042
0.30198626032066633
0.6727804296392991
0.9182564280297866
0.9845503026389191
0.9974184820930964
0.08148328651174418
0.12278154903465426
0.3001016662426351
0.6731987668215582
0.9186457967581773
0.9846337099299994
0.997410405984078
0.06939267797177576
0.10295917726373521
0.2563678917300279
0.6245848968339154
0.9025250554412899
0.9816326710528289
0.9969372302835483
0.061486740669974754
0.08599870181398185
0.2056610081611173
0.5480481482368511
0.8710892225107832
0.9752038962072102
0.9958771752586794
0.058228189051792174
0.07886881948020433
0.18250084155452825
0.505469626261223
0.8503791122460189
0.9707529613430638
0.9951314296755749
0.04870543026227961
0.059171964415067224
0.11587286866627725
0.3466680966915718
0.7425217333420824
0.944233036926651
0.9905943722788136
0.04255349314940433
0.048320099042135196
0.08073116267186183
0.23472663745688202
0.6163381653143105
0.9040963539766034
0.9832807539772359
0.04006665612113721
0.04444521610806402
0.06929632456474964
0.19350432458512035
0.550440832969624
0.8774493128303468
0.9781617232279302
0.033001107794986176
0.03482830155250688
0.04534956319631798
0.10373239805677134
0.3446142019547909
0.7509079439193499
0.9495121078870951
0.028589158694757068
0.029617731884430332
0.03551574147724601
0.06945840797940336
0.23278766980031304
0.6296547887721213
0.9136607896977683
0.026836879229877524
0.027660247095231443
0.032367510932136315
0.05976228053973342
0.19768410237131936
0.5771590123162922
0.8942541110834943
0.021931407307923683
0.02239154121469132
0.02498340361565663
0.040380791841550016
0.12505750447391972
0.4333955121217391
0.824669847024604
0.018916975645269323
0.019249396925365057
0.021100084110888196
0.032171761619164435
0.09515429905444346
0.35499855783970463
0.7710255150992437
0.5472491563320548
1.9603739206535606
2.984528846232019
3.3990275105299053
4.708674088963369
5.657833730018564
6.073988029288776
7.3888657383950385
8.341816614576922
8.752377973919803
10.04958427592607
10.989727890441959
11.39560541850707
12.678012725642564
13.607430844524108
14.007964137746782
15.273485844327679
16.19066621080691
16.585414615403092
17.83265843534921
18.73659199723001
19.12498689215973
20.352156215099146
21.241540888228574
21.62293228009206
22.82797339221257
23.701320758037923
24.07494677199683
25.255452459810996
26.1110179027029
26.475983695270575
27.629126618640797
28.464861038334856
28.820110563137607
29.942554046607274
30.75603920467882
31.10032281489728
32.18811848463022
32.97649281739113
33.30833137762721
34.35680576955711
35.11668220789372
35.43433151470124
36.43797365793208
37.16535815395109
37.4667819264913
38.41915800479418
39.10938768318021
39.392255217877455
40.28600115935999
40.933738946776494
41.195473562430266
42.022448106315
42.621793665766845
42.85971213380332
43.61143737310635
44.15624638498682
44.367815521852876
45.036287630606466
45.520759363093944
45.704032981839845
46.283102803727616
46.702780687318416
46.856744255731925
47.34320628310112
47.69576714256369
47.82128463648078
48.217868680293165
48.50529093212191
48.60317551861064
48.91245085486173
49.13659656865761
49.21498024949841
49.4626406842843
49.64213131424197
49.68813251486474
49.833477530877026
49.93881558581425
49.98016253080052
50.110801998895525
50.20548228339869
50.24682922542783
50.377468684179505
50.47214896191114
50.513495903742786
50.64413536187044
50.73881563914982
50.780162588226894
50.91080206924716
51.00548236311784
0.9999332122318073
0.9985316209170878
0.9970844449837533
0.9966771385817472
0.9961328616221485
0.9960643938119795
0.9960354887719484
0.9959392679906698
0.9958633024694845
0.9958332466669186
0.9957642932044468
0.9957212323769384
0.9957032149965465
0.9956580385485128
0.9956248389658603
0.9956103661569783
0.9955745162172818
0.9955470881994027
0.9955347971242949
0.9955042775322738
0.995479888597192
0.9954687407892217
0.9954411592990188
0.9954184597705057
0.995407931460938
0.9953820035635355
0.9953601569015851
0.9953499084456482
0.9953248344487559
0.9953032913338244
0.9952930897377927
0.9952683453162747
0.9952467094409889
0.9952363774004733
0.9952115964800677
0.9951895580915132
0.9951789481153562
0.9951538620260405
0.9951311589142856
0.9951201372993808
0.9950945385695362
0.995070931588445
0.9950593680060777
0.9950330854769363
0.9950083412114132
0.9949961018790403
0.9949689779073757
0.9949428548684665
0.9949297995627391
0.994901661178605
0.9948738974882125
0.9948598828542969
0.9948305010873943
0.9948008064062774
0.9947857001438585
0.9947547293985657
0.9947227760617136
0.9947064860379151
0.9946734193377278
0.9946388825702683
0.9946213976628998
0.9945854779400786
0.9945479440192563
0.9945293658965673
0.9944898927952284
0.9944494298458806
0.9944299669309167
0.9943855313945467
0.994340560638319
0.9943204731879449
0.9942727694403538
0.994228642421274
0.9942079953503377
0.9941474351214467
0.9940814058197859
0.9940617882408401
0.9940223971819714
0.9940031761904325
0.9939952879360259
0.9939687871532786
0.9939407896312613
0.9939230729385472
0.9938389536735723
0.9937158021450779
0.9936365045919011
0.9931989714828284
0.992652373443165
0.9923423349296994
0.9911015809712759
0.9899999900366421
1
1
100
97.11547115376796
94.44216626998139
91.75818338542301
89.11027210955793
86.49256915547573
83.90933378919289
81.36340800276975
78.85845911177113
76.39867924196176
73.98898209729674
71.63513896166474
69.34396079532074
67.12350718260838
64.98331779210578
62.934641846048365
60.99061231681922
59.16626105322289
57.4782063342325
55.9437536150125
54.57924063690533
53.39721931268083
52.404232857435524
51.594709067877275
50.96340343134153
50.457868685757134
50.16118441418484
49.89451771660036
49.62785103808787
49.36118436084913
-67.60614483356295
-67.60614483356295
-67.60614483356295
-62.65558321374714
-62.65558321374714
-62.65558321374714
-62.90584885683656
-62.90584885683656
-62.90584885683656
-62.060420528086915
-62.060420528086915
-62.060420528086915
-61.35241298630055
-61.35241298630055
-61.35241298630055
-60.54457889725329
-60.54457889725329
-60.54457889725329
-59.6701356192914
-59.6701356192914
-59.6701356192914
-58.70973963277901
-58.70973963277901
-58.709739632779005
-57.65109069865668
-57.65109069865668
-57.65109069865668
-56.47727682808567
-56.47727682808568
-56.47727682808568
-55.16819849137411
-55.16819849137412
-55.16819849137412
-53.699488273686896
-53.69948827368689
-53.699488273686896
-52.04188154794501
-52.04188154794501
-52.04188154794501
-50.1606888399045
-50.1606888399045
-50.1606888399045
-48.01584248571991
-48.01584248571991
-48.01584248571991
-45.56319209130777
-45.56319209130777
-45.56319209130777
-42.758232740538425
-42.758232740538425
-42.758232740538425
-39.5637824763368
-39.5637824763368
-39.5637824763368
-35.9637356067183
-35.9637356067183
-35.963735606718295
-31.980772924385963
-31.980772924385963
-31.980772924385963
-27.703624786511337
-27.703624786511337
-27.703624786511337
-23.273120044811517
-23.273120044811517
-23.273120044811517
-18.97321381777118
-18.973213817771178
-18.97321381777118
-14.796225856305892
-14.796225856305892
-14.796225856305892
-11.848470599633714
-11.848470599633714
-11.848470599633714
-6.953537614975443
-6.953537614975452
-6.953537614975443
-6.250000724635587
-6.250000724635587
-6.250000724635587
-6.250000277635952
-6.250000277635949
-6.250000277635949
-6.250000247782294
-6.250000247782294
-6.250000247782294
-6.250001343000659
-6.250001343000657
-6.250001343000657
0.5
0.9999999900000018
0.9999999900000018
0.9999999900000018
0.9999999900000018
0.9999999900000018
0.9999999900000018
0.48633892195728745
0.5856859759290604
0.6915750482880296
0.8039987556240482
0.8979471587696208
0.9591224927464613
0.9930622238350548
0.47179920519356416
0.5882122361401625
0.72776101452518
0.850031904346283
0.9307710258202291
0.9744963510129362
0.9956703930003604
0.4565567850345149
0.5665799692770397
0.7065613178685568
0.8354600626673564
0.9232998907426447
0.971625780126407
0.9951704848836119
0.4405819677638922
0.5518533253087132
0.6967267884364969
0.8313221244009216
0.9224054209141764
0.9716699927740541
0.9951780225370425
0.42384263431376373
0.5346920033952524
0.6835021856621445
0.8243795895475985
0.9199313290795866
0.971074294797743
0.995075570112866
0.40630537224353686
0.5165562383822624
0.6694642626883804
0.8171355323891204
0.9174798586768703
0.9705427497707072
0.9949843370692686
0.3879404819779433
0.4970304206017098
0.6538970602446614
0.8089602208471951
0.9146969224267315
0.9699332986103666
0.9948797767096269
0.3687234276973304
0.4760616984295267
0.636692903713196
0.7997964419614885
0.9115902537267415
0.9692614764843162
0.9947646183385784
0.348637859720207
0.45352970001160087
0.617587447639225
0.7894322239075965
0.908081542653996
0.9685095794958675
0.9946358576570175
0.3276794241450486
0.4293350214729906
0.5963032680834812
0.7776299810241326
0.9040877371126895
0.9676620542490968
0.9944908844872392
0.30586090467610955
0.4033948352586149
0.5725214997267191
0.7640856356389223
0.8994978651731683
0.9666971882094251
0.9943260508797775
0.28321896408205094
0.37566224786378083
0.545892882011629
0.7484168810073909
0.8941669600228145
0.9655864052157733
0.9941365584119414
0.2598228216683706
0.34614950020781954
0.5160533438558713
0.7301423122372914
0.8879023864471458
0.9642910410104664
0.993915908625786
0.23578507078699498
0.31496043000776863
0.48266030652120917
0.7086616225501536
0.8804458175697062
0.962758020721318
0.9936551577324962
0.21127449677272797
0.2823311719677475
0.4454602928988638
0.6832429468544818
0.8714487745528691
0.9609134891081788
0.9933417957492309
0.18652997752126216
0.24867494714849225
0.4044018291909151
0.6530353154981008
0.8604421270582677
0.9586538767725045
0.992958123076681
0.16187306973229149
0.21461866695251267
0.35979867951140276
0.6171394088507909
0.8468033167701764
0.9558339126726129
0.9924789551203469
0.13771457397743073
0.1810098313263195
0.31252244237450255
0.5747935608442636
0.8297379262395439
0.9522533664391711
0.991868797846815
0.11454733313810261
0.14885922597575024
0.2641226506425453
0.5256956519561733
0.8082874626880053
0.9476396424915486
0.9910776975024198
0.09291646096183466
0.11921968916453161
0.21679259403044823
0.4705373476396421
0.7814814609415394
0.9416570070747731
0.9900408149089643
0.07335815690909331
0.09294811609083897
0.17276485394969757
0.4109049340605785
0.7481802446331898
0.9337869606228444
0.9886538365997692
0.056320465018487746
0.07069691737108494
0.13441836395909565
0.35085403267094095
0.7087695353890101
0.923813844239629
0.9868552618407277
0.042057580270187966
0.05228906903625752
0.10111348560876568
0.28862737419995776
0.6575502612487981
0.9090413034262412
0.9841105313709616
0.03063497401221892
0.03850241509680547
0.07821971985837937
0.24476065854948162
0.6170237937968029
0.8969844880843286
0.9817665310889425
0.021761083881560922
0.02607302013834758
0.04912676422100373
0.1593290238187876
0.48940087565406876
0.8420576174175171
0.9706367216654525
0.015370549338639914
0.02356671828987424
0.06725648995630332
0.25521830652953265
0.6518384228258811
0.9139491163761921
0.9847082719078821
0.010801234006910972
0.015439605313568826
0.041366377030093056
0.1681253444553014
0.5296811671232602
0.8676341624715662
0.9757626826109884
0.0073529952179286874
0.008391237704495211
0.014425696486749073
0.04863423079207086
0.2111970078170638
0.6110748320443966
0.9074235648400494
0.004881149753215746
0.005061206529062914
0.006099823371129137
0.01228763425771169
0.048135794495554385
0.22079778224717742
0.6381667315023961
-0.28680580259259936
-30.12055254573974
-14.624643484620913
-5.942109367469839
-2.108606905405122
-0.6383932948491283
-0.09502365568765403
-0.34003977283118153
5.324203769275703
-3.3941104600021097
-4.6625576352377935
-2.98030552036091
-1.2830218914903042
-0.22247270202097827
-0.3416523319227657
-9.914361103877507
0.13935866430053676
0.29109331441256103
-0.6373172899357499
-0.542185657091228
-0.11540544602824834
-0.33805910973646114
0.1906843048289165
2.123457397629727
2.554939335157404
1.715558054077161
0.7752616821984705
0.11629119071092539
-0.34147372157225897
0.11627924219399433
0.12517505645598723
0.22248972584536453
0.2391540638398534
0.13246019536949113
0.03675128407554649
-0.3467491654461033
-0.649407565378416
-0.13785953872135237
0.028728912977451254
0.009045091892292533
0.005669629971109868
-0.013301169477836378
-0.3503367541245974
-0.546957883233956
-0.4922303261435241
-0.3023126582291136
-0.14498282500713236
-0.05467207925709291
-0.009805222361523508
-0.3601232045124794
-0.4705910682020455
-0.49344972597717207
-0.36368504111282096
-0.1921040454553874
-0.07401007008457113
-0.012614863558419563
-0.3673652152902705
-0.5396254182233722
-0.5283440781774191
-0.37217430118979383
-0.19873933703895688
-0.07894039646608197
-0.014048477873643111
-0.3681243971726854
-0.09647107131485685
0.13166829549844355
0.19614397313314502
0.14219761939238454
0.06805001684593344
0.009809631842784664
-0.3768594967056079
-0.4977612133270862
-0.43670991900875644
-0.25255521807731257
-0.10334025522733634
-0.03239195830362066
-0.0038559310654716727
-0.3844033083317467
-0.48373330181630575
-0.5062454064196321
-0.37243035668306906
-0.19374605976620976
-0.07179823183774121
-0.013856415295369483
-0.38553514113695186
-0.16805595473106552
0.03558249142491895
0.11625772265593874
0.09541284095557315
0.04812712179720442
0.006641544038869311
-0.39499374029692874
-0.5457701745462801
-0.5061406577160933
-0.30975045606211815
-0.13470870379637187
-0.044614992490933154
-0.00618141089391196
-0.4030454384950392
-0.533360047226043
-0.5755956582379301
-0.4295943459701648
-0.2237752041296897
-0.08291084468498293
-0.015599166659437783
-0.4039536724102476
-0.1571179885275573
0.07544878124520715
0.15903553728404637
0.12184444831839755
0.05903994329039659
0.008263340047642473
-0.41378166528399635
-0.5894918633490531
-0.5588783359464404
-0.3431599726291821
-0.1470553354798783
-0.04765017084346606
-0.006462601388289702
-0.42230647522737663
-0.5742996820654166
-0.6389617166908258
-0.4840148778848518
-0.25159667386438556
-0.09234778387123092
-0.017429664146146183
-0.4230475331397176
-0.1615957522061527
0.0939169842099295
0.18476135396665586
0.13829305771544276
0.06556972162762065
0.009177243568646722
-0.4332760208759916
-0.639290760039696
-0.6255179125819811
-0.3898581963772313
-0.16667840187369648
-0.053400305802838756
-0.0072561302207909024
-0.44228618038724066
-0.6226538836350853
-0.7167409519106813
-0.5522112350900495
-0.2867281231042805
-0.1043798019610087
-0.019676809119127437
-0.4427657686682691
-0.1614127862370854
0.1235878179363793
0.2223205378097934
0.16160675412404607
0.07467309111028177
0.01047491562518215
-0.4533176411390877
-0.6939538562593554
-0.7024489408239633
-0.44474923480384876
-0.18936142272286663
-0.059809394896240306
-0.008106617392858883
-0.4628020722412048
-0.6755097910514908
-0.8077151348692768
-0.6347746792929736
-0.3293710172013569
-0.11881389705555469
-0.022385593189020257
-0.462930889450681
-0.159637246987178
0.16030930548764177
0.2687137600873537
0.18996206620606063
0.08547402511500654
0.012013341383970663
-0.4737089415143907
-0.754113967509789
-0.792983058178751
-0.5116609584085544
-0.2171240738427923
-0.06756538854258272
-0.009139707613763837
-0.4836399893198373
-0.7337974009824331
-0.9155921631701923
-0.7365334853372337
-0.3821823802404952
-0.13652069879152567
-0.025701447210332073
-0.48329764962906696
-0.15485894003691425
0.207629534137448
0.3281151385835227
0.2256853912452726
0.09874585322135332
0.013907137322374636
-0.4941519579124319
-0.8198378608028895
-0.8995646691211394
-0.5935924553277115
-0.25120081694023494
-0.0769277525286083
-0.010382053818551704
-0.5044746947676888
-0.7975630394830094
-1.0438758740671488
-0.8631980169711041
-0.44834968473307796
-0.15846958567102323
-0.02980658087523019
-0.5035097655641456
-0.14634205689075655
0.2684048510875145
0.40462499299179866
0.2710320660414253
0.11514794284562964
0.016250492931502134
-0.5142243885287116
-0.8909354861699782
-1.025249159637282
-0.6948803879434392
-0.2935405370287452
-0.08836343816516538
-0.011895229736369972
-0.524845994345497
-0.8666793654610839
-1.1968914710602507
-1.0226819867022363
-0.5324135282242037
-0.1860396888836581
-0.03495497710993656
-0.5230686810522183
-0.13308981300826148
0.3465446993423199
0.5041697731561053
0.32929578317878283
0.13563242675544412
0.01918029434397095
-0.5333391171713101
-0.9666441162087237
-1.1732514688601985
-0.8211300598660922
-0.3467333127124875
-0.10247076912859698
-0.013755902642723552
-0.5441138191831935
-0.9404612577942585
-1.3794656899219226
-1.2257096964736085
-0.6407561029657057
-0.2211445842203087
-0.04149941506777128
-0.5412909976678532
-0.11412848115264272
0.4466835730438229
0.6347490520274863
0.4050007000832615
0.1614596642645293
0.022877187136063497
-0.5506979509526115
-1.0453096112157925
-1.3465866962597464
-0.9796088751012944
-0.41431654540616725
-0.12005395648144533
-0.016067184098710042
-0.5614074370083331
-1.0173631825148408
-1.5965158041921255
-1.4867642617268877
-0.7824428100979707
-0.26647253657143644
-0.049934866946864255
-0.5572608629554737
-0.08869987576204706
0.5739303125119838
0.8070595135567632
0.5044005749416858
0.19431060823025476
0.02758143324026926
-0.5652408112932797
-1.1239228051036048
-1.5471763795249949
-1.1794597886256455
-0.5010936838533347
-0.14218628125082516
-0.01896628706722538
-0.5755696791447945
-1.0945117851315787
-1.8519522733548612
-1.8249922169709178
-0.9703605936017957
-0.32580735534427985
-0.06095818538464796
-0.5697821693678868
-0.05668435511836748
0.7328976892799144
1.0348372824400107
0.6360227166829657
0.23639212338236482
0.033607167428048076
-0.5756000365801044
-1.1975559542030523
-1.7741877015775633
-1.431552117227868
-0.6135148289104413
-0.17029108803418685
-0.02263515703169393
-0.5851076808271558
-1.1671345605836043
-2.146447836976106
-2.2645436813553905
-1.2226629621656444
-0.40444343980746184
-0.07554658571175904
-0.5773443933468742
-0.019254004763505847
0.9255457258966728
1.3343555504145328
0.8111607420640449
0.2905184744328402
0.04135278400825165
-0.5800799786683049
-1.2588167900433913
-2.0212423312562553
-1.7473237794640966
-0.7600003173030878
-0.2062214798724762
-0.02731169775225045
-0.5881743444990097
-1.2280026615643358
-2.4734514869190334
-2.83291384576716
-1.5642206801412353
-0.5096350995722511
-0.09504706344844442
-0.5781289551518007
0.020282190030989147
1.1471269908099642
1.7216018007278242
1.0438529092066124
0.36006715751324203
0.05129270978806699
-0.5766997832153212
-1.297645939288845
-2.2724344031785084
-2.1354727229568518
-0.9509332865095701
-0.25230808632477475
-0.033299650332169355
-0.5826267187672693
-1.2672287481844147
-2.8132020961999027
-3.5543429987717854
-2.027062954569302
-0.6508707424457876
-0.1212446990046318
-0.5701007395738864
0.05586095433239803
1.3802791627096598
2.2048214505009227
1.3494422483706825
0.4486525619196979
0.06392948164765588
-0.5633568286795125
-1.3020547521691674
-2.498089291050445
-2.5947441183490194
-1.1976301703335281
-0.3112758151457085
-0.040966574477731985
-0.5662322104178331
-1.2730384248930995
-3.1260848211469154
-4.4335149848061235
-2.6472221862683405
-0.8394192669946073
-0.15632122518085323
-0.551248311114
0.07879857999490274
1.5883790259366413
2.768315752690587
1.7391547517144332
0.5589690858435827
0.07962563338808641
-0.5381842240856288
-1.2606216435355542
-2.6537010733046906
-3.102159226188268
-1.5095160305646047
-0.3860084810750959
-0.05074165528061203
-0.5371098105409534
-1.234252037269534
-3.3503099561984597
-5.426299200583513
-3.4538656002839825
-1.0863715999436814
-0.20257530722854974
-0.5200218748784526
0.08096113411131552
1.7180626396652492
3.3530802818971313
2.2111088776361787
0.691291232104165
0.09840518243590755
-0.5001135925159519
-1.1668135967325148
-2.686623223579087
-3.597205540888852
-1.8865306658821241
-0.478396163166902
-0.06298404016279584
-0.49441151346474393
-1.1445770945051146
-3.412133270409074
-6.402290322719949
-4.443422332543651
-1.3972581147302428
-0.2615716798115333
-0.4759909302905356
0.05643482344905788
1.7036535659475165
3.8210579586303566
2.721226731267612
0.8366150921797638
0.11891254114900275
-0.449642712564389
-1.0246579143016403
-2.559401468563148
-3.9856172559130774
-2.3169250759872426
-0.5907021291934331
-0.07839383264033566
-0.43918011197062506
-1.006736188792264
-3.253532417832279
-7.139882334386871
-5.556456642550034
-1.769690052036053
-0.33381558643476367
-0.42045540838521295
0.016321956220082832
1.5401209039676975
4.049029417681823
3.21639977598569
0.9882514858118724
0.1403650261077837
-0.38915191950287403
-0.8483510735344276
-2.262160071413957
-4.124592785375098
-2.734428452112876
-0.7125153385978256
-0.09564024617658579
-0.37462821535491075
-0.8359938313794977
-2.8721440005132797
-7.359432604160353
-6.596958600237336
-2.1651461031262196
-0.41376285953418884
-0.3569841320172599
-0.04566546819181894
1.1644098992525482
3.6848603486916214
3.3922831559350355
1.0660423565132024
0.15008795929731694
-0.32363374144883905
-0.6675886213715689
-1.8771834164899752
-4.046804759328482
-3.201414865834116
-0.8866941789190534
-0.12439493316275023
-0.30652861763387873
-0.6490405537458099
-2.3115658009157114
-6.943499534493083
-7.529739881521302
-2.6376735097256403
-0.5136529305918548
-0.2904402664807744
-0.054948744303242675
0.9478469077595174
3.515280927897775
3.8373155427098915
1.2679741587099012
0.181593432346742
-0.2571463384202049
-0.4848556461724986
-1.3632289786953633
-3.3241775738952213
-3.082588719483662
-0.8907876884651947
-0.12173712654627643
-0.2394978717567579
-0.4856416168300884
-1.752386259562529
-5.8292528869492095
-7.329900393238896
-2.7300141167216596
-0.5481115095198956
-0.2272323946758795
-0.16746260752324035
0.10178848908109824
0.921764557709039
1.3284996301822902
0.4786442999467623
0.045249605473446364
-0.1993218176028896
-0.3761319241308268
-1.1680913954884584
-3.6105653860088966
-4.880365386345892
-1.894306527397168
-0.3362046217653092
-0.18271101838445397
-0.31966403476747407
-1.093944266174519
-4.490058210794776
-8.910858478000746
-4.47035819355188
-0.9502820558592249
-0.1701320050454336
0.06110238435097078
1.1897366929517823
5.203226387188206
8.587968985157396
3.7056963082418513
0.6373935433243252
-0.14022559611635
-0.11577727841361071
0.08527903488379761
0.9438167665452437
1.4661869250158373
0.6647506717948938
0.2096393938328531
-0.12488683597908154
-0.20165723999958715
-0.5994844628585967
-1.7531819991167628
-1.5912705074751905
-0.45498357234190556
-0.15796926896307784
-0.1181196684235845
-0.14130209848396727
-0.24230070775658175
-0.4994557249043337
-0.41899643087403815
-0.09992951719799059
-0.027334314492146815
-0.102078599407803
-0.22331699715167388
-0.8270355196991522
-2.872847530633473
-3.9324661950490536
-1.4497636186693668
-0.26788282571198446
-0.09286998996538118
-0.20561284763636994
-0.8257753045241443
-3.4285589444471083
-6.210143583847805
-2.744186849284275
-0.5587864037783016
-0.08906263853944184
-0.2003900343644931
-0.8025126143041654
-3.3744729076778213
-6.989748498428006
-3.58271873012561
-0.7298074385437636
-0.07733204755673878
-0.15146596402008353
-0.5688229153886823
-2.6409028641317334
-7.973232741074197
-6.948661452288053
-1.867966239941438
-0.06896761573845606
-0.10930080112161657
-0.34056281346211975
-1.592871775419242
-6.72606875450425
-9.931252489143205
-3.327210863446067
-0.06538716664136328
-0.09910031619840637
-0.29433132380326654
-1.3671371129941612
-5.7604952285186135
-10.320884242832893
-4.419891583674371
-0.05468115464754843
-0.06761023525760179
-0.1435740634624641
-0.5854888146930955
-2.910143038182239
-9.057599694261912
-7.222199520141266
-0.047687684198478755
-0.054869902809695774
-0.09693690197687867
-0.3350163680054541
-1.4586487315896068
-5.583730079206941
-8.511942730274754
-0.04486439856245106
-0.049634384017634675
-0.07760924932011107
-0.241916207192222
-1.1540489262564435
-4.817582946397653
-7.806570869258872
-0.036864798170181755
-0.03868053163465981
-0.04930848720453271
-0.11307713606456109
-0.4881714318700627
-2.367856830368417
-6.041522437520006
-0.03189768701433779
-0.03327719714146122
-0.04126450351118044
-0.08865021535638691
-0.35914980705089
-1.6092774809880879
-4.475276727430927
0.1
2.984528846232019
5.657833730018564
8.341816614576922
10.989727890441959
13.607430844524108
16.19066621080691
18.73659199723001
21.241540888228574
23.701320758037923
26.1110179027029
28.464861038334856
30.75603920467882
32.97649281739113
35.11668220789372
37.16535815395109
39.10938768318021
40.933738946776494
42.621793665766845
44.15624638498682
45.520759363093944
46.702780687318416
47.69576714256369
48.50529093212191
49.13659656865761
49.64213131424197
49.93881558581425
50.20548228339869
50.47214896191114
50.73881563914982
67.60614483356295
67.60614483356295
67.60614483356295
62.65558321374714
62.65558321374714
62.65558321374714
62.90584885683656
62.90584885683656
62.90584885683656
62.060420528086915
62.060420528086915
62.060420528086915
61.35241298630055
61.35241298630055
61.35241298630055
60.54457889725329
60.54457889725329
60.54457889725329
59.6701356192914
59.6701356192914
59.6701356192914
58.709739632779005
58.709739632779005
58.709739632779005
57.65109069865668
57.65109069865668
57.65109069865668
56.47727682808568
56.47727682808568
56.47727682808568
55.16819849137411
55.16819849137412
55.16819849137411
53.699488273686896
53.69948827368689
53.699488273686896
52.04188154794501
52.04188154794501
52.04188154794501
50.1606888399045
50.1606888399045
50.1606888399045
48.01584248571991
48.01584248571991
48.01584248571991
45.56319209130777
45.56319209130777
45.56319209130777
42.758232740538425
42.758232740538425
42.758232740538425
39.5637824763368
39.5637824763368
39.5637824763368
35.9637356067183
35.9637356067183
35.9637356067183
31.980772924385967
31.980772924385967
31.980772924385963
27.703624786511337
27.703624786511337
27.703624786511337
23.273120044811517
23.273120044811517
23.273120044811517
18.973213817771178
18.97321381777118
18.97321381777118
14.79622585630589
14.796225856305892
14.796225856305892
11.848470599633716
11.848470599633716
11.848470599633714
6.953537614975443
6.95353761497545
6.953537614975443
6.250000724635587
6.250000724635587
6.250000724635587
6.250000277635952
6.250000277635952
6.250000277635953
6.250000247782293
6.250000247782293
6.250000247782294
6.250001343000659
6.250001343000657
6.250001343000659
0.9999999900000018
0.9970844449837533
0.9960643938119795
0.9958633024694845
0.9957212323769384
0.9956248389658603
0.9955470881994027
0.995479888597192
0.9954184597705057
0.9953601569015851
0.9953032913338244
0.9952467094409889
0.9951895580915132
0.9951311589142856
0.995070931588445
0.9950083412114132
0.9949428548684665
0.9948738974882125
0.9948008064062774
0.9947227760617136
0.9946388825702683
0.9945479440192563
0.9944494298458806
0.994340560638319
0.994228642421274
0.9940814058197859
0.9940031761904325
0.9939407896312613
0.9937158021450779
0.992652373443165
-0.02793738070727856
-0.09306409937251174
-0.09111215858238407
-0.05077692792115576
-0.008410098692909415
-0.004363215996910144
-0.004416153550059051
-0.004820267017921533
-0.005224554836914474
-0.004138535737767483
-0.002792601004669431
-0.003067576507365227
-0.0025194185843123943
-0.0020210035426575642
-0.002476512274401032
-0.0020098536979496345
-0.0016233561520060463
-0.002104393343325552
-0.0017019571657341593
-0.0014088524071292406
-0.0019111670747347404
-0.0015380824815147843
-0.001287847573722737
-0.0018071598680918788
-0.0014475938714364985
-0.0012211865296211705
-0.0017617854240222454
-0.0014039396674301304
-0.0011885090914820515
-0.0017572094103197199
-0.0013917779080793687
-0.001178585410504759
-0.0017843429546099926
-0.0014028270130195697
-0.001184767492291468
-0.001838518398583472
-0.0014323886808883474
-0.0012029229683980837
-0.0019178483265457542
-0.0014779501988928477
-0.0012304220029927036
-0.002022292181119459
-0.0015384397673271295
-0.001265704529097127
-0.002153096011504085
-0.0016138548212611523
-0.0013082498426686589
-0.002312250874684085
-0.0017050277901685276
-0.001358955480625013
-0.0025016894571604194
-0.0018132940600085142
-0.0014207961846619747
-0.002721643996846236
-0.001939859743106642
-0.0015001418768647852
-0.002968790427273331
-0.0020843045825261267
-0.0016054745913823448
-0.003230388943956036
-0.002243602519467406
-0.001753009997943562
-0.0034963258717716768
-0.0024084546798914855
-0.0019330217873199996
-0.0037055695759314645
-0.002573923182647191
-0.0022208855988738556
-0.004001553828905045
-0.0027095811214403872
-0.0023146552340561274
-0.003752645213434872
-0.002909502451206516
-0.0033834401791703033
-0.00559572370400432
-0.002633597144581333
-0.001362787411591439
-0.0012942330684652923
-0.0011672436999647154
-0.0015051937647042846
-0.0022629636621888335
-0.002791258858985105
-0.005922532666203967
-0.010685625997846955
-0.013828891493416803
-0.02900987889355905
-0.04366549203122271
-0.050139761586572996
-0.06772441241946188
-0.0772620733278719
0
