	0	0.000000
	1	0.000000
	2	0.000000
	3	0.000000
	4	0.000000
	5	0.000000
	6	0.000000
	7	0.000000
	8	0.000000
	9	0.000000
	10	0.000000
	11	0.000000
	12	0.000000
	13	0.000000
	14	0.000000
	15	0.000000
	16	0.000000
	17	0.000000
	18	0.000000
	19	0.000000
	20	0.000000
	21	0.000000
	22	0.000000
	23	0.000000
	24	0.000000
	25	0.000000
	26	0.000000
	27	0.000000
	28	0.000000
	29	0.000000
	30	0.000000
	31	0.000000
	32	0.000000
	33	0.000000
	34	0.000000
	35	0.000000
	36	0.000000
	37	0.000000
	38	0.000000
	39	0.000000
	40	0.000000
	41	0.000000
	42	0.000000
	43	0.000000
	44	0.000000
	45	0.000000
	46	0.000000
	47	0.000000
	48	0.000000
	49	0.000000
	50	0.000000
	51	0.000000
	52	0.000000
	53	0.000000
	54	0.000000
	55	0.000000
	56	0.000000
	57	0.000000
	58	0.000000
	59	0.000000
	60	0.000000
	61	0.000000
	62	0.000000
	63	0.000000
	64	0.000000
	65	0.000000
	66	0.000000
	67	0.000000
	68	0.000000
	69	0.000000
	70	0.000000
	71	0.000000
	72	0.000000
	73	0.000000
	74	0.000000
	75	0.000000
	76	0.000000
	77	0.000000
	78	0.000000
	79	0.000000
	80	0.000000
	81	0.000000
	82	0.000000
	83	0.000000
	84	0.000000
	85	0.000000
	86	0.000000
	87	0.000000
	88	0.000000
	89	0.000000
	90	0.000000
	91	0.000000
	92	0.000000
	93	0.000000
	94	0.000000
	95	0.000000
	96	0.000000
	97	0.000000
	98	0.000000
	99	0.000000
	100	0.000000
	101	0.000000
	102	0.000000
	103	0.000000
	104	0.000000
	105	0.000000
	106	0.000000
	107	0.000000
	108	0.000000
	109	0.000000
	110	0.000000
	111	0.000000
	112	0.000000
	113	0.000000
	114	0.000000
	115	0.000000
	116	0.000000
	117	0.000000
	118	0.000000
	119	0.000000
	120	0.000000
	121	-0.000284
	122	-0.000771
	123	-0.001040
	124	-0.001150
	125	-0.001341
	126	-0.001496
	127	0.000000
	128	-0.000257
	129	-0.000987
	130	-0.001870
	131	-0.002852
	132	-0.004232
	133	-0.005547
	134	0.000001
	135	-0.000190
	136	-0.000762
	137	-0.001605
	138	-0.002754
	139	-0.004397
	140	-0.007226
	141	0.000001
	142	-0.000093
	143	-0.000249
	144	-0.000446
	145	-0.000691
	146	-0.001151
	147	-0.001984
	148	0.000001
	149	-0.000072
	150	-0.000188
	151	-0.000321
	152	-0.000479
	153	-0.000770
	154	-0.001465
	155	0.000001
	156	-0.000054
	157	-0.000145
	158	-0.000254
	159	-0.000392
	160	-0.000642
	161	-0.001545
	162	0.000001
	163	-0.000093
	164	-0.000246
	165	-0.000433
	166	-0.000674
	167	-0.001159
	168	-0.002518
	169	0.000001
	170	-0.000066
	171	-0.000178
	172	-0.000316
	173	-0.000494
	174	-0.000850
	175	-0.001846
	176	0.000001
	177	-0.000051
	178	-0.000141
	179	-0.000258
	180	-0.000414
	181	-0.000725
	182	-0.001895
	183	0.000001
	184	-0.000094
	185	-0.000248
	186	-0.000438
	187	-0.000686
	188	-0.001204
	189	-0.002633
	190	0.000001
	191	-0.000067
	192	-0.000179
	193	-0.000316
	194	-0.000498
	195	-0.000866
	196	-0.002030
	197	0.000001
	198	-0.000051
	199	-0.000141
	200	-0.000256
	201	-0.000410
	202	-0.000728
	203	-0.001971
	204	0.000001
	205	-0.000094
	206	-0.000249
	207	-0.000439
	208	-0.000691
	209	-0.001214
	210	-0.002748
	211	0.000001
	212	-0.000067
	213	-0.000180
	214	-0.000318
	215	-0.000500
	216	-0.000874
	217	-0.002039
	218	0.000001
	219	-0.000051
	220	-0.000142
	221	-0.000258
	222	-0.000413
	223	-0.000736
	224	-0.002004
	225	0.000002
	226	-0.000095
	227	-0.000250
	228	-0.000442
	229	-0.000695
	230	-0.001221
	231	-0.002741
	232	0.000001
	233	-0.000068
	234	-0.000181
	235	-0.000320
	236	-0.000504
	237	-0.000879
	238	-0.002049
	239	0.000002
	240	-0.000051
	241	-0.000142
	242	-0.000259
	243	-0.000416
	244	-0.000740
	245	-0.002004
	246	0.000002
	247	-0.000096
	248	-0.000252
	249	-0.000444
	250	-0.000700
	251	-0.001228
	252	-0.002738
	253	0.000002
	254	-0.000068
	255	-0.000183
	256	-0.000322
	257	-0.000507
	258	-0.000884
	259	-0.002045
	260	0.000002
	261	-0.000052
	262	-0.000143
	263	-0.000260
	264	-0.000419
	265	-0.000745
	266	-0.001999
	267	0.000002
	268	-0.000097
	269	-0.000254
	270	-0.000448
	271	-0.000705
	272	-0.001235
	273	-0.002721
	274	0.000002
	275	-0.000069
	276	-0.000184
	277	-0.000325
	278	-0.000512
	279	-0.000890
	280	-0.002035
	281	0.000002
	282	-0.000052
	283	-0.000144
	284	-0.000262
	285	-0.000423
	286	-0.000750
	287	-0.001987
	288	0.000003
	289	-0.000098
	290	-0.000257
	291	-0.000452
	292	-0.000711
	293	-0.001243
	294	-0.002697
	295	0.000002
	296	-0.000070
	297	-0.000186
	298	-0.000328
	299	-0.000516
	300	-0.000895
	301	-0.002018
	302	0.000003
	303	-0.000053
	304	-0.000145
	305	-0.000265
	306	-0.000427
	307	-0.000756
	308	-0.001971
	309	0.000003
	310	-0.000100
	311	-0.000261
	312	-0.000456
	313	-0.000718
	314	-0.001250
	315	-0.002669
	316	0.000003
	317	-0.000071
	318	-0.000189
	319	-0.000332
	320	-0.000522
	321	-0.000901
	322	-0.001999
	323	0.000003
	324	-0.000053
	325	-0.000147
	326	-0.000267
	327	-0.000432
	328	-0.000763
	329	-0.001953
	330	0.000004
	331	-0.000102
	332	-0.000265
	333	-0.000461
	334	-0.000725
	335	-0.001259
	336	-0.002639
	337	0.000003
	338	-0.000072
	339	-0.000192
	340	-0.000336
	341	-0.000527
	342	-0.000907
	343	-0.001977
	344	0.000004
	345	-0.000054
	346	-0.000149
	347	-0.000270
	348	-0.000437
	349	-0.000770
	350	-0.001933
	351	0.000005
	352	-0.000104
	353	-0.000270
	354	-0.000468
	355	-0.000733
	356	-0.001269
	357	-0.002606
	358	0.000004
	359	-0.000074
	360	-0.000196
	361	-0.000341
	362	-0.000534
	363	-0.000914
	364	-0.001954
	365	0.000005
	366	-0.000055
	367	-0.000151
	368	-0.000274
	369	-0.000443
	370	-0.000778
	371	-0.001913
	372	0.000006
	373	-0.000107
	374	-0.000277
	375	-0.000475
	376	-0.000743
	377	-0.001279
	378	-0.002573
	379	0.000004
	380	-0.000076
	381	-0.000201
	382	-0.000346
	383	-0.000541
	384	-0.000921
	385	-0.001929
	386	0.000005
	387	-0.000056
	388	-0.000154
	389	-0.000278
	390	-0.000450
	391	-0.000788
	392	-0.001893
	393	0.000007
	394	-0.000110
	395	-0.000285
	396	-0.000483
	397	-0.000753
	398	-0.001290
	399	-0.002539
	400	0.000005
	401	-0.000078
	402	-0.000206
	403	-0.000353
	404	-0.000548
	405	-0.000928
	406	-0.001903
	407	0.000006
	408	-0.000056
	409	-0.000157
	410	-0.000283
	411	-0.000458
	412	-0.000799
	413	-0.001874
	414	0.000008
	415	-0.000114
	416	-0.000294
	417	-0.000493
	418	-0.000764
	419	-0.001302
	420	-0.002503
	421	0.000006
	422	-0.000080
	423	-0.000213
	424	-0.000360
	425	-0.000556
	426	-0.000935
	427	-0.001874
	428	0.000008
	429	-0.000057
	430	-0.000161
	431	-0.000288
	432	-0.000467
	433	-0.000810
	434	-0.001854
	435	0.000010
	436	-0.000118
	437	-0.000306
	438	-0.000505
	439	-0.000776
	440	-0.001313
	441	-0.002465
	442	0.000007
	443	-0.000082
	444	-0.000221
	445	-0.000368
	446	-0.000564
	447	-0.000941
	448	-0.001841
	449	0.000009
	450	-0.000057
	451	-0.000165
	452	-0.000293
	453	-0.000475
	454	-0.000822
	455	-0.001833
	456	0.000012
	457	-0.000122
	458	-0.000320
	459	-0.000517
	460	-0.000787
	461	-0.001323
	462	-0.002422
	463	0.000009
	464	-0.000084
	465	-0.000230
	466	-0.000377
	467	-0.000571
	468	-0.000943
	469	-0.001801
	470	0.000012
	471	-0.000057
	472	-0.000169
	473	-0.000297
	474	-0.000483
	475	-0.000831
	476	-0.001807
	477	0.000015
	478	-0.000125
	479	-0.000336
	480	-0.000530
	481	-0.000796
	482	-0.001327
	483	-0.002368
	484	0.000011
	485	-0.000085
	486	-0.000240
	487	-0.000385
	488	-0.000576
	489	-0.000940
	490	-0.001749
	491	0.000015
	492	-0.000055
	493	-0.000171
	494	-0.000300
	495	-0.000487
	496	-0.000836
	497	-0.001770
	498	0.000019
	499	-0.000127
	500	-0.000351
	501	-0.000542
	502	-0.000800
	503	-0.001321
	504	-0.002297
	505	0.000014
	506	-0.000084
	507	-0.000248
	508	-0.000390
	509	-0.000575
	510	-0.000927
	511	-0.001680
	512	0.000019
	513	-0.000050
	514	-0.000170
	515	-0.000297
	516	-0.000484
	517	-0.000830
	518	-0.001714
	519	0.000024
	520	-0.000123
	521	-0.000362
	522	-0.000548
	523	-0.000793
	524	-0.001295
	525	-0.002197
	526	0.000018
	527	-0.000079
	528	-0.000251
	529	-0.000390
	530	-0.000563
	531	-0.000898
	532	-0.001583
	533	0.000025
	534	-0.000042
	535	-0.000162
	536	-0.000287
	537	-0.000467
	538	-0.000803
	539	-0.001624
	540	0.000031
	541	-0.000110
	542	-0.000360
	543	-0.000540
	544	-0.000765
	545	-0.001237
	546	-0.002050
	547	0.000023
	548	-0.000067
	549	-0.000243
	550	-0.000377
	551	-0.000534
	552	-0.000843
	553	-0.001448
	554	0.000032
	555	-0.000029
	556	-0.000145
	557	-0.000263
	558	-0.000429
	559	-0.000743
	560	-0.001480
	561	0.000042
	562	-0.000082
	563	-0.000332
	564	-0.000508
	565	-0.000704
	566	-0.001131
	567	-0.001840
	568	0.000031
	569	-0.000043
	570	-0.000213
	571	-0.000341
	572	-0.000477
	573	-0.000750
	574	-0.001263
	575	0.000043
	576	-0.000008
	577	-0.000113
	578	-0.000219
	579	-0.000360
	580	-0.000636
	581	-0.001261
	582	0.000055
	583	-0.000032
	584	-0.000264
	585	-0.000430
	586	-0.000591
	587	-0.000951
	588	-0.001536
	589	0.000041
	590	-0.000001
	591	-0.000149
	592	-0.000266
	593	-0.000378
	594	-0.000605
	595	-0.001010
	596	0.000058
	597	0.000025
	598	-0.000060
	599	-0.000147
	600	-0.000256
	601	-0.000476
	602	-0.000964
	603	0.000073
	604	0.000050
	605	-0.000136
	606	-0.000288
	607	-0.000420
	608	-0.000707
	609	-0.001158
	610	0.000054
	611	0.000062
	612	-0.000042
	613	-0.000141
	614	-0.000230
	615	-0.000400
	616	-0.000698
	617	0.000077
	618	0.000071
	619	0.000017
	620	-0.000047
	621	-0.000118
	622	-0.000258
	623	-0.000575
	624	0.000100
	625	0.000176
	626	0.000065
	627	-0.000066
	628	-0.000172
	629	-0.000346
	630	-0.000663
	631	0.000072
	632	0.000159
	633	0.000126
	634	0.000055
	635	-0.000018
	636	-0.000120
	637	-0.000290
	638	0.000105
	639	0.000139
	640	0.000129
	641	0.000098
	642	0.000064
	643	0.000015
	644	-0.000120
	645	0.000117
	646	0.000319
	647	0.000308
	648	0.000239
	649	0.000161
	650	0.000082
	651	-0.000084
	652	0.000083
	653	0.000290
	654	0.000331
	655	0.000272
	656	0.000192
	657	0.000152
	658	0.000083
	659	0.000123
	660	0.000255
	661	0.000296
	662	0.000249
	663	0.000191
	664	0.000177
	665	0.000178
	666	0.000151
	667	0.000557
	668	0.000628
	669	0.000524
	670	0.000410
	671	0.000392
	672	0.000364
	673	0.000109
	674	0.000420
	675	0.000501
	676	0.000461
	677	0.000405
	678	0.000447
	679	0.000451
	680	0.000164
	681	0.000343
	682	0.000407
	683	0.000387
	684	0.000378
	685	0.000470
	686	0.000622
	687	0.000227
	688	0.000884
	689	0.001167
	690	0.001082
	691	0.000799
	692	0.000670
	693	0.000586
	694	0.000159
	695	0.000559
	696	0.000723
	697	0.000744
	698	0.000714
	699	0.000802
	700	0.000833
	701	0.000243
	702	0.000437
	703	0.000513
	704	0.000522
	705	0.000553
	706	0.000738
	707	0.001065
	708	0.000346
	709	0.001190
	710	0.001641
	711	0.001841
	712	0.001578
	713	0.001237
	714	0.000957
	715	0.000235
	716	0.000743
	717	0.000827
	718	0.000869
	719	0.000829
	720	0.000886
	721	0.000986
	722	0.000352
	723	0.000616
	724	0.000572
	725	0.000509
	726	0.000461
	727	0.000526
	728	0.000846
	729	0.000520
	730	0.001565
	731	0.001630
	732	0.001617
	733	0.001472
	734	0.001320
	735	0.001060
	736	0.000344
	737	0.001054
	738	0.000979
	739	0.000801
	740	0.000681
	741	0.000649
	742	0.000656
	743	0.000249
	744	0.000787
	745	0.000692
	746	0.000509
	747	0.000405
	748	0.000381
	749	0.000467
	750	-0.000145
	751	-0.000866
	752	-0.001616
	753	-0.001716
	754	-0.002105
	755	-0.002448
	756	-0.001231
	757	-0.000132
	758	-0.001067
	759	-0.002526
	760	-0.003363
	761	-0.005076
	762	-0.008333
	763	-0.003977
	764	-0.000066
	765	-0.000688
	766	-0.001688
	767	-0.002494
	768	-0.003975
	769	-0.007755
	770	-0.003102
	771	-0.000045
	772	-0.000190
	773	-0.000403
	774	-0.000549
	775	-0.000894
	776	-0.002073
	777	-0.001851
	778	-0.000039
	779	-0.000171
	780	-0.000353
	781	-0.000476
	782	-0.000769
	783	-0.001899
	784	-0.001570
	785	-0.000020
	786	-0.000112
	787	-0.000227
	788	-0.000313
	789	-0.000506
	790	-0.001423
	791	-0.001016
	792	-0.000045
	793	-0.000192
	794	-0.000406
	795	-0.000564
	796	-0.000963
	797	-0.002890
	798	-0.002186
	799	-0.000040
	800	-0.000171
	801	-0.000360
	802	-0.000503
	803	-0.000855
	804	-0.002523
	805	-0.001938
	806	-0.000021
	807	-0.000115
	808	-0.000237
	809	-0.000336
	810	-0.000560
	811	-0.001708
	812	-0.001227
	813	-0.000044
	814	-0.000193
	815	-0.000407
	816	-0.000567
	817	-0.000970
	818	-0.003012
	819	-0.002317
	820	-0.000039
	821	-0.000171
	822	-0.000358
	823	-0.000504
	824	-0.000873
	825	-0.002933
	826	-0.002093
	827	-0.000021
	828	-0.000115
	829	-0.000235
	830	-0.000332
	831	-0.000553
	832	-0.001731
	833	-0.001271
	834	-0.000044
	835	-0.000193
	836	-0.000407
	837	-0.000568
	838	-0.000976
	839	-0.003176
	840	-0.002372
	841	-0.000039
	842	-0.000171
	843	-0.000359
	844	-0.000502
	845	-0.000863
	846	-0.002822
	847	-0.002097
	848	-0.000021
	849	-0.000115
	850	-0.000236
	851	-0.000333
	852	-0.000552
	853	-0.001735
	854	-0.001287
	855	-0.000044
	856	-0.000194
	857	-0.000408
	858	-0.000567
	859	-0.000969
	860	-0.003111
	861	-0.002366
	862	-0.000039
	863	-0.000172
	864	-0.000360
	865	-0.000503
	866	-0.000860
	867	-0.002817
	868	-0.002101
	869	-0.000021
	870	-0.000116
	871	-0.000237
	872	-0.000334
	873	-0.000551
	874	-0.001722
	875	-0.001289
	876	-0.000045
	877	-0.000196
	878	-0.000409
	879	-0.000568
	880	-0.000965
	881	-0.003081
	882	-0.002365
	883	-0.000040
	884	-0.000174
	885	-0.000362
	886	-0.000504
	887	-0.000857
	888	-0.002787
	889	-0.002100
	890	-0.000021
	891	-0.000117
	892	-0.000239
	893	-0.000335
	894	-0.000550
	895	-0.001708
	896	-0.001290
	897	-0.000045
	898	-0.000198
	899	-0.000412
	900	-0.000570
	901	-0.000962
	902	-0.003037
	903	-0.002358
	904	-0.000040
	905	-0.000175
	906	-0.000365
	907	-0.000507
	908	-0.000855
	909	-0.002754
	910	-0.002096
	911	-0.000021
	912	-0.000118
	913	-0.000242
	914	-0.000338
	915	-0.000551
	916	-0.001689
	917	-0.001290
	918	-0.000045
	919	-0.000200
	920	-0.000416
	921	-0.000572
	922	-0.000959
	923	-0.002989
	924	-0.002349
	925	-0.000040
	926	-0.000178
	927	-0.000369
	928	-0.000510
	929	-0.000853
	930	-0.002715
	931	-0.002089
	932	-0.000021
	933	-0.000120
	934	-0.000245
	935	-0.000341
	936	-0.000552
	937	-0.001669
	938	-0.001289
	939	-0.000046
	940	-0.000203
	941	-0.000422
	942	-0.000576
	943	-0.000957
	944	-0.002937
	945	-0.002340
	946	-0.000041
	947	-0.000181
	948	-0.000374
	949	-0.000514
	950	-0.000853
	951	-0.002673
	952	-0.002082
	953	-0.000021
	954	-0.000122
	955	-0.000249
	956	-0.000345
	957	-0.000553
	958	-0.001647
	959	-0.001288
	960	-0.000047
	961	-0.000207
	962	-0.000428
	963	-0.000581
	964	-0.000956
	965	-0.002881
	966	-0.002329
	967	-0.000041
	968	-0.000184
	969	-0.000381
	970	-0.000519
	971	-0.000853
	972	-0.002628
	973	-0.002074
	974	-0.000022
	975	-0.000125
	976	-0.000255
	977	-0.000351
	978	-0.000556
	979	-0.001624
	980	-0.001287
	981	-0.000047
	982	-0.000212
	983	-0.000437
	984	-0.000587
	985	-0.000955
	986	-0.002823
	987	-0.002320
	988	-0.000042
	989	-0.000188
	990	-0.000389
	991	-0.000525
	992	-0.000853
	993	-0.002580
	994	-0.002065
	995	-0.000022
	996	-0.000128
	997	-0.000261
	998	-0.000357
	999	-0.000560
	1000	-0.001601
	1001	-0.001288
	1002	-0.000048
	1003	-0.000218
	1004	-0.000447
	1005	-0.000595
	1006	-0.000956
	1007	-0.002762
	1008	-0.002310
	1009	-0.000042
	1010	-0.000193
	1011	-0.000398
	1012	-0.000533
	1013	-0.000855
	1014	-0.002529
	1015	-0.002057
	1016	-0.000023
	1017	-0.000131
	1018	-0.000269
	1019	-0.000365
	1020	-0.000565
	1021	-0.001577
	1022	-0.001289
	1023	-0.000049
	1024	-0.000224
	1025	-0.000460
	1026	-0.000604
	1027	-0.000957
	1028	-0.002699
	1029	-0.002302
	1030	-0.000043
	1031	-0.000199
	1032	-0.000411
	1033	-0.000543
	1034	-0.000856
	1035	-0.002474
	1036	-0.002049
	1037	-0.000023
	1038	-0.000135
	1039	-0.000278
	1040	-0.000374
	1041	-0.000571
	1042	-0.001552
	1043	-0.001292
	1044	-0.000050
	1045	-0.000232
	1046	-0.000475
	1047	-0.000615
	1048	-0.000959
	1049	-0.002633
	1050	-0.002295
	1051	-0.000044
	1052	-0.000206
	1053	-0.000425
	1054	-0.000554
	1055	-0.000859
	1056	-0.002415
	1057	-0.002039
	1058	-0.000023
	1059	-0.000139
	1060	-0.000289
	1061	-0.000385
	1062	-0.000578
	1063	-0.001527
	1064	-0.001296
	1065	-0.000051
	1066	-0.000242
	1067	-0.000494
	1068	-0.000629
	1069	-0.000962
	1070	-0.002564
	1071	-0.002287
	1072	-0.000044
	1073	-0.000213
	1074	-0.000442
	1075	-0.000567
	1076	-0.000861
	1077	-0.002349
	1078	-0.002028
	1079	-0.000024
	1080	-0.000144
	1081	-0.000301
	1082	-0.000398
	1083	-0.000587
	1084	-0.001499
	1085	-0.001301
	1086	-0.000052
	1087	-0.000252
	1088	-0.000517
	1089	-0.000645
	1090	-0.000964
	1091	-0.002489
	1092	-0.002279
	1093	-0.000045
	1094	-0.000221
	1095	-0.000462
	1096	-0.000581
	1097	-0.000861
	1098	-0.002275
	1099	-0.002012
	1100	-0.000024
	1101	-0.000147
	1102	-0.000314
	1103	-0.000413
	1104	-0.000595
	1105	-0.001468
	1106	-0.001304
	1107	-0.000052
	1108	-0.000262
	1109	-0.000543
	1110	-0.000663
	1111	-0.000964
	1112	-0.002407
	1113	-0.002265
	1114	-0.000044
	1115	-0.000228
	1116	-0.000483
	1117	-0.000596
	1118	-0.000859
	1119	-0.002188
	1120	-0.001988
	1121	-0.000024
	1122	-0.000149
	1123	-0.000326
	1124	-0.000427
	1125	-0.000601
	1126	-0.001429
	1127	-0.001303
	1128	-0.000051
	1129	-0.000270
	1130	-0.000569
	1131	-0.000680
	1132	-0.000960
	1133	-0.002311
	1134	-0.002239
	1135	-0.000043
	1136	-0.000232
	1137	-0.000503
	1138	-0.000609
	1139	-0.000850
	1140	-0.002083
	1141	-0.001948
	1142	-0.000023
	1143	-0.000147
	1144	-0.000333
	1145	-0.000437
	1146	-0.000602
	1147	-0.001376
	1148	-0.001289
	1149	-0.000049
	1150	-0.000273
	1151	-0.000591
	1152	-0.000693
	1153	-0.000946
	1154	-0.002193
	1155	-0.002192
	1156	-0.000039
	1157	-0.000230
	1158	-0.000516
	1159	-0.000615
	1160	-0.000829
	1161	-0.001951
	1162	-0.001883
	1163	-0.000020
	1164	-0.000139
	1165	-0.000330
	1166	-0.000438
	1167	-0.000590
	1168	-0.001298
	1169	-0.001254
	1170	-0.000043
	1171	-0.000265
	1172	-0.000598
	1173	-0.000694
	1174	-0.000913
	1175	-0.002040
	1176	-0.002104
	1177	-0.000032
	1178	-0.000215
	1179	-0.000510
	1180	-0.000605
	1181	-0.000787
	1182	-0.001779
	1183	-0.001778
	1184	-0.000015
	1185	-0.000122
	1186	-0.000309
	1187	-0.000421
	1188	-0.000557
	1189	-0.001182
	1190	-0.001180
	1191	-0.000031
	1192	-0.000237
	1193	-0.000571
	1194	-0.000668
	1195	-0.000849
	1196	-0.001834
	1197	-0.001956
	1198	-0.000018
	1199	-0.000182
	1200	-0.000468
	1201	-0.000564
	1202	-0.000712
	1203	-0.001555
	1204	-0.001614
	1205	-0.000006
	1206	-0.000091
	1207	-0.000260
	1208	-0.000372
	1209	-0.000489
	1210	-0.001012
	1211	-0.001049
	1212	-0.000010
	1213	-0.000179
	1214	-0.000488
	1215	-0.000592
	1216	-0.000736
	1217	-0.001555
	1218	-0.001710
	1219	0.000004
	1220	-0.000117
	1221	-0.000365
	1222	-0.000469
	1223	-0.000587
	1224	-0.001248
	1225	-0.001363
	1226	0.000008
	1227	-0.000042
	1228	-0.000173
	1229	-0.000279
	1230	-0.000378
	1231	-0.000778
	1232	-0.000850
	1233	0.000026
	1234	-0.000079
	1235	-0.000321
	1236	-0.000441
	1237	-0.000561
	1238	-0.001183
	1239	-0.001373
	1240	0.000039
	1241	-0.000018
	1242	-0.000187
	1243	-0.000297
	1244	-0.000398
	1245	-0.000880
	1246	-0.001016
	1247	0.000030
	1248	0.000028
	1249	-0.000047
	1250	-0.000133
	1251	-0.000213
	1252	-0.000473
	1253	-0.000566
	1254	0.000083
	1255	0.000072
	1256	-0.000057
	1257	-0.000190
	1258	-0.000300
	1259	-0.000772
	1260	-0.000890
	1261	0.000097
	1262	0.000135
	1263	0.000095
	1264	-0.000015
	1265	-0.000118
	1266	-0.000347
	1267	-0.000534
	1268	0.000067
	1269	0.000133
	1270	0.000137
	1271	0.000088
	1272	0.000019
	1273	-0.000089
	1274	-0.000208
	1275	0.000156
	1276	0.000257
	1277	0.000297
	1278	0.000192
	1279	0.000075
	1280	-0.000073
	1281	-0.000279
	1282	0.000145
	1283	0.000308
	1284	0.000416
	1285	0.000285
	1286	0.000165
	1287	0.000115
	1288	-0.000032
	1289	0.000088
	1290	0.000255
	1291	0.000350
	1292	0.000261
	1293	0.000168
	1294	0.000175
	1295	0.000064
	1296	0.000223
	1297	0.000482
	1298	0.000671
	1299	0.000503
	1300	0.000359
	1301	0.000465
	1302	0.000209
	1303	0.000223
	1304	0.000479
	1305	0.000707
	1306	0.000600
	1307	0.000475
	1308	0.000593
	1309	0.000429
	1310	0.000140
	1311	0.000364
	1312	0.000526
	1313	0.000511
	1314	0.000444
	1315	0.000592
	1316	0.000443
	1317	0.000425
	1318	0.000865
	1319	0.001267
	1320	0.001057
	1321	0.000736
	1322	0.000708
	1323	0.000605
	1324	0.000445
	1325	0.000760
	1326	0.001051
	1327	0.001069
	1328	0.001029
	1329	0.001139
	1330	0.001055
	1331	0.000282
	1332	0.000555
	1333	0.000664
	1334	0.000723
	1335	0.000861
	1336	0.001145
	1337	0.000974
	1338	0.000946
	1339	0.001544
	1340	0.001924
	1341	0.001814
	1342	0.001650
	1343	0.001377
	1344	0.001206
	1345	0.000975
	1346	0.001402
	1347	0.001319
	1348	0.001146
	1349	0.001329
	1350	0.001678
	1351	0.001521
	1352	0.000589
	1353	0.001083
	1354	0.000821
	1355	0.000620
	1356	0.000723
	1357	0.001214
	1358	0.000994
	1359	0.001688
	1360	0.002607
	1361	0.002078
	1362	0.001463
	1363	0.001472
	1364	0.001831
	1365	0.001405
	1366	0.001581
	1367	0.002439
	1368	0.001668
	1369	0.000937
	1370	0.000884
	1371	0.001398
	1372	0.001101
	1373	0.001464
	1374	0.002168
	1375	0.001396
	1376	0.000691
	1377	0.000594
	1378	0.001053
	1379	0.000761
	1380	0.000000
	1381	0.000000
	1382	0.000000
	1383	-0.000000
	1384	-0.000000
	1385	-0.000000
	1386	-0.000000
	1387	-0.000000
	1388	-0.000000
	1389	-0.000000
	1390	-0.000000
	1391	-0.000000
	1392	-0.000000
	1393	-0.000000
	1394	-0.000000
	1395	-0.000000
	1396	-0.000000
	1397	-0.000000
	1398	-0.000000
	1399	-0.000000
	1400	-0.000000
	1401	-0.000000
	1402	-0.000000
	1403	-0.000000
	1404	-0.000000
	1405	-0.000000
	1406	-0.000000
	1407	-0.000000
	1408	-0.000000
	1409	-0.000000
	1410	-0.000000
	1411	-0.000000
	1412	-0.000000
	1413	-0.000000
	1414	-0.000000
	1415	-0.000000
	1416	-0.000000
	1417	-0.000000
	1418	-0.000000
	1419	-0.000000
	1420	-0.000000
	1421	-0.000000
	1422	-0.000000
	1423	-0.000000
	1424	-0.000000
	1425	-0.000000
	1426	-0.000000
	1427	-0.000000
	1428	-0.000000
	1429	-0.000000
	1430	-0.000000
	1431	-0.000000
	1432	-0.000000
	1433	-0.000000
	1434	-0.000000
	1435	-0.000000
	1436	-0.000000
	1437	-0.000000
	1438	-0.000000
	1439	-0.000000
	1440	-0.000000
	1441	-0.000000
	1442	-0.000000
	1443	-0.000000
	1444	-0.000000
	1445	-0.000000
	1446	-0.000000
	1447	-0.000000
	1448	-0.000000
	1449	-0.000000
	1450	-0.000000
	1451	-0.000000
	1452	-0.000000
	1453	-0.000000
	1454	-0.000000
	1455	-0.000000
	1456	-0.000000
	1457	-0.000000
	1458	-0.000000
	1459	-0.000000
	1460	-0.000000
	1461	-0.000000
	1462	-0.000000
	1463	-0.000000
	1464	-0.000000
	1465	-0.000000
	1466	-0.000000
	1467	-0.000000
	1468	-0.000000
	1469	-0.000000
	1470	-0.000199
	1471	-0.001069
	1472	-0.001839
	1473	-0.000403
	1474	-0.000350
	1475	-0.000490
	1476	-0.000570
	1477	-0.000378
	1478	-0.000534
	1479	-0.000584
	1480	-0.000404
	1481	-0.000586
	1482	-0.000625
	1483	-0.000423
	1484	-0.000626
	1485	-0.000638
	1486	-0.000432
	1487	-0.000648
	1488	-0.000644
	1489	-0.000435
	1490	-0.000660
	1491	-0.000643
	1492	-0.000434
	1493	-0.000665
	1494	-0.000637
	1495	-0.000430
	1496	-0.000664
	1497	-0.000628
	1498	-0.000424
	1499	-0.000658
	1500	-0.000617
	1501	-0.000417
	1502	-0.000649
	1503	-0.000603
	1504	-0.000408
	1505	-0.000638
	1506	-0.000589
	1507	-0.000399
	1508	-0.000624
	1509	-0.000572
	1510	-0.000388
	1511	-0.000609
	1512	-0.000555
	1513	-0.000377
	1514	-0.000591
	1515	-0.000536
	1516	-0.000365
	1517	-0.000571
	1518	-0.000515
	1519	-0.000351
	1520	-0.000549
	1521	-0.000492
	1522	-0.000336
	1523	-0.000524
	1524	-0.000466
	1525	-0.000319
	1526	-0.000496
	1527	-0.000438
	1528	-0.000300
	1529	-0.000464
	1530	-0.000407
	1531	-0.000278
	1532	-0.000430
	1533	-0.000373
	1534	-0.000254
	1535	-0.000392
	1536	-0.000336
	1537	-0.000227
	1538	-0.000352
	1539	-0.000301
	1540	-0.000203
	1541	-0.000312
	1542	-0.000255
	1543	-0.000166
	1544	-0.000267
	1545	-0.000240
	1546	-0.000169
	1547	-0.000287
	1548	-0.000255
	1549	-0.000164
	1550	-0.000247
	1551	-0.000168
	1552	-0.000101
	1553	-0.000132
	1554	-0.000087
	1555	-0.000047
	1556	-0.000052
	1557	-0.000046
	1558	-0.000023
	1559	-0.000014
	1560	-0.000095
	1561	0.000000
	1562	0.000000
	1563	0.000000
	1564	0.000000
	1565	0.000000
	1566	0.000000
	1567	0.000000
	1568	0.000000
	1569	0.000000
	1570	0.000000
	1571	0.000000
	1572	0.000000
	1573	0.000000
	1574	0.000000
	1575	0.000000
	1576	0.000000
	1577	0.000000
	1578	0.000000
	1579	0.000000
	1580	0.000000
	1581	0.000000
	1582	0.000000
	1583	0.000000
	1584	0.000000
	1585	0.000000
	1586	0.000000
	1587	0.000000
	1588	0.000000
	1589	0.000000
	1590	0.000000
	1591	0.000000
	1592	0.000000
	1593	0.000000
	1594	0.000000
	1595	0.000000
	1596	0.000000
	1597	0.000000
	1598	0.000000
	1599	0.000000
	1600	0.000000
	1601	0.000000
	1602	0.000000
	1603	0.000000
	1604	0.000000
	1605	0.000000
	1606	0.000000
	1607	0.000000
	1608	0.000000
	1609	0.000000
	1610	0.000000
	1611	0.000000
	1612	0.000000
	1613	0.000000
	1614	0.000000
	1615	0.000000
	1616	0.000000
	1617	0.000000
	1618	0.000000
	1619	0.000000
	1620	0.000000
	1621	0.000000
	1622	0.000000
	1623	0.000000
	1624	0.000000
	1625	0.000000
	1626	0.000000
	1627	0.000000
	1628	0.000000
	1629	0.000000
	1630	0.000000
	1631	0.000000
	1632	0.000000
	1633	0.000000
	1634	0.000000
	1635	0.000000
	1636	0.000000
	1637	0.000000
	1638	0.000000
	1639	0.000000
	1640	0.000000
	1641	0.000000
	1642	0.000000
	1643	0.000000
	1644	0.000000
	1645	0.000000
	1646	0.000000
	1647	0.000000
	1648	0.000000
	1649	0.000000
	1650	0.000000
	1651	0.000000
	1652	0.000000
	1653	0.000000
	1654	0.000000
	1655	0.000000
	1656	0.000000
	1657	0.000000
	1658	0.000000
	1659	0.000000
	1660	0.000000
	1661	0.000000
	1662	0.000000
	1663	0.000000
	1664	0.000000
	1665	0.000000
	1666	0.000000
	1667	0.000000
	1668	0.000000
	1669	0.000000
	1670	0.000000
	1671	0.000000
	1672	0.000000
	1673	0.000000
	1674	0.000000
	1675	0.000000
	1676	0.000000
	1677	0.000000
	1678	0.000000
	1679	0.000000
	1680	0.000000
	1681	0.000000
	1682	0.000000
	1683	0.000000
	1684	0.000000
	1685	0.000000
	1686	0.000000
	1687	0.000000
	1688	0.000000
	1689	0.000001
	1690	-0.000086
	1691	-0.000274
	1692	-0.000526
	1693	-0.000929
	1694	-0.001963
	1695	-0.003250
	1696	0.000002
	1697	-0.000083
	1698	-0.000241
	1699	-0.000420
	1700	-0.000687
	1701	-0.001489
	1702	-0.002645
	1703	0.000002
	1704	-0.000082
	1705	-0.000240
	1706	-0.000426
	1707	-0.000708
	1708	-0.001590
	1709	-0.002960
	1710	0.000003
	1711	-0.000082
	1712	-0.000240
	1713	-0.000426
	1714	-0.000708
	1715	-0.001593
	1716	-0.002976
	1717	0.000003
	1718	-0.000082
	1719	-0.000240
	1720	-0.000427
	1721	-0.000711
	1722	-0.001602
	1723	-0.002970
	1724	0.000004
	1725	-0.000083
	1726	-0.000240
	1727	-0.000427
	1728	-0.000714
	1729	-0.001609
	1730	-0.002954
	1731	0.000005
	1732	-0.000083
	1733	-0.000240
	1734	-0.000428
	1735	-0.000717
	1736	-0.001615
	1737	-0.002935
	1738	0.000006
	1739	-0.000084
	1740	-0.000240
	1741	-0.000428
	1742	-0.000721
	1743	-0.001622
	1744	-0.002914
	1745	0.000007
	1746	-0.000084
	1747	-0.000241
	1748	-0.000429
	1749	-0.000725
	1750	-0.001629
	1751	-0.002892
	1752	0.000008
	1753	-0.000085
	1754	-0.000242
	1755	-0.000430
	1756	-0.000730
	1757	-0.001636
	1758	-0.002870
	1759	0.000010
	1760	-0.000087
	1761	-0.000244
	1762	-0.000432
	1763	-0.000735
	1764	-0.001644
	1765	-0.002848
	1766	0.000011
	1767	-0.000088
	1768	-0.000247
	1769	-0.000433
	1770	-0.000741
	1771	-0.001653
	1772	-0.002827
	1773	0.000014
	1774	-0.000090
	1775	-0.000250
	1776	-0.000435
	1777	-0.000746
	1778	-0.001662
	1779	-0.002807
	1780	0.000016
	1781	-0.000091
	1782	-0.000255
	1783	-0.000437
	1784	-0.000752
	1785	-0.001672
	1786	-0.002788
	1787	0.000020
	1788	-0.000093
	1789	-0.000261
	1790	-0.000439
	1791	-0.000758
	1792	-0.001681
	1793	-0.002767
	1794	0.000025
	1795	-0.000094
	1796	-0.000268
	1797	-0.000441
	1798	-0.000761
	1799	-0.001687
	1800	-0.002742
	1801	0.000032
	1802	-0.000095
	1803	-0.000275
	1804	-0.000441
	1805	-0.000761
	1806	-0.001686
	1807	-0.002708
	1808	0.000041
	1809	-0.000093
	1810	-0.000282
	1811	-0.000440
	1812	-0.000754
	1813	-0.001671
	1814	-0.002655
	1815	0.000054
	1816	-0.000086
	1817	-0.000284
	1818	-0.000432
	1819	-0.000734
	1820	-0.001629
	1821	-0.002567
	1822	0.000072
	1823	-0.000074
	1824	-0.000277
	1825	-0.000415
	1826	-0.000692
	1827	-0.001544
	1828	-0.002418
	1829	0.000099
	1830	-0.000052
	1831	-0.000253
	1832	-0.000382
	1833	-0.000621
	1834	-0.001398
	1835	-0.002189
	1836	0.000137
	1837	-0.000015
	1838	-0.000203
	1839	-0.000321
	1840	-0.000507
	1841	-0.001159
	1842	-0.001830
	1843	0.000191
	1844	0.000045
	1845	-0.000109
	1846	-0.000218
	1847	-0.000355
	1848	-0.000860
	1849	-0.001410
	1850	0.000271
	1851	0.000138
	1852	0.000034
	1853	-0.000073
	1854	-0.000157
	1855	-0.000424
	1856	-0.000764
	1857	0.000351
	1858	0.000234
	1859	0.000212
	1860	0.000138
	1861	0.000091
	1862	0.000029
	1863	-0.000205
	1864	0.000469
	1865	0.000456
	1866	0.000514
	1867	0.000350
	1868	0.000265
	1869	0.000349
	1870	0.000288
	1871	0.000717
	1872	0.000798
	1873	0.001078
	1874	0.000787
	1875	0.000513
	1876	0.000541
	1877	0.000502
	1878	0.001110
	1879	0.001114
	1880	0.001719
	1881	0.001607
	1882	0.001168
	1883	0.000958
	1884	0.000754
	1885	0.001733
	1886	0.001425
	1887	0.001673
	1888	0.001562
	1889	0.001286
	1890	0.001190
	1891	0.000915
	1892	0.000012
	1893	-0.000362
	1894	-0.002002
	1895	-0.002616
	1896	-0.004095
	1897	-0.006417
	1898	-0.007359
	1899	0.000008
	1900	0.000077
	1901	-0.000312
	1902	-0.001412
	1903	-0.003554
	1904	-0.006980
	1905	-0.010238
	1906	0.000003
	1907	-0.000078
	1908	-0.000072
	1909	-0.000005
	1910	-0.000439
	1911	-0.001475
	1912	-0.003172
	1913	0.000003
	1914	-0.000008
	1915	-0.000018
	1916	0.000013
	1917	0.000081
	1918	0.000225
	1919	0.000548
	1920	0.000002
	1921	0.000001
	1922	0.000003
	1923	0.000004
	1924	0.000013
	1925	0.000039
	1926	0.000210
	1927	0.000001
	1928	-0.000001
	1929	-0.000001
	1930	0.000000
	1931	0.000002
	1932	0.000003
	1933	-0.000042
	1934	0.000002
	1935	0.000000
	1936	-0.000002
	1937	-0.000006
	1938	-0.000012
	1939	-0.000026
	1940	-0.000111
	1941	0.000002
	1942	-0.000000
	1943	-0.000003
	1944	-0.000007
	1945	-0.000017
	1946	-0.000038
	1947	-0.000150
	1948	0.000001
	1949	-0.000000
	1950	-0.000002
	1951	-0.000004
	1952	-0.000009
	1953	-0.000019
	1954	-0.000085
	1955	0.000002
	1956	-0.000001
	1957	-0.000003
	1958	0.000000
	1959	0.000007
	1960	0.000024
	1961	0.000093
	1962	0.000002
	1963	0.000000
	1964	-0.000002
	1965	-0.000005
	1966	-0.000010
	1967	-0.000019
	1968	-0.000070
	1969	0.000001
	1970	-0.000000
	1971	-0.000001
	1972	-0.000003
	1973	-0.000008
	1974	-0.000016
	1975	-0.000084
	1976	0.000002
	1977	-0.000001
	1978	-0.000002
	1979	-0.000001
	1980	0.000004
	1981	0.000017
	1982	0.000064
	1983	0.000002
	1984	0.000000
	1985	-0.000002
	1986	-0.000006
	1987	-0.000012
	1988	-0.000024
	1989	-0.000095
	1990	0.000001
	1991	-0.000000
	1992	-0.000001
	1993	-0.000004
	1994	-0.000009
	1995	-0.000019
	1996	-0.000095
	1997	0.000003
	1998	-0.000001
	1999	-0.000002
	2000	-0.000000
	2001	0.000005
	2002	0.000020
	2003	0.000078
	2004	0.000003
	2005	0.000000
	2006	-0.000002
	2007	-0.000006
	2008	-0.000013
	2009	-0.000025
	2010	-0.000098
	2011	0.000001
	2012	-0.000000
	2013	-0.000001
	2014	-0.000004
	2015	-0.000009
	2016	-0.000020
	2017	-0.000102
	2018	0.000003
	2019	-0.000001
	2020	-0.000003
	2021	-0.000000
	2022	0.000006
	2023	0.000022
	2024	0.000084
	2025	0.000003
	2026	0.000000
	2027	-0.000002
	2028	-0.000006
	2029	-0.000014
	2030	-0.000027
	2031	-0.000105
	2032	0.000001
	2033	-0.000000
	2034	-0.000001
	2035	-0.000004
	2036	-0.000010
	2037	-0.000022
	2038	-0.000111
	2039	0.000003
	2040	-0.000001
	2041	-0.000003
	2042	-0.000000
	2043	0.000007
	2044	0.000025
	2045	0.000092
	2046	0.000003
	2047	0.000000
	2048	-0.000002
	2049	-0.000007
	2050	-0.000015
	2051	-0.000030
	2052	-0.000112
	2053	0.000001
	2054	-0.000000
	2055	-0.000001
	2056	-0.000005
	2057	-0.000011
	2058	-0.000024
	2059	-0.000121
	2060	0.000003
	2061	-0.000001
	2062	-0.000003
	2063	-0.000000
	2064	0.000008
	2065	0.000028
	2066	0.000102
	2067	0.000003
	2068	0.000000
	2069	-0.000002
	2070	-0.000007
	2071	-0.000016
	2072	-0.000032
	2073	-0.000120
	2074	0.000001
	2075	0.000000
	2076	-0.000001
	2077	-0.000005
	2078	-0.000013
	2079	-0.000027
	2080	-0.000133
	2081	0.000003
	2082	-0.000001
	2083	-0.000003
	2084	0.000000
	2085	0.000009
	2086	0.000031
	2087	0.000113
	2088	0.000003
	2089	0.000001
	2090	-0.000002
	2091	-0.000008
	2092	-0.000018
	2093	-0.000035
	2094	-0.000129
	2095	0.000001
	2096	0.000000
	2097	-0.000001
	2098	-0.000005
	2099	-0.000014
	2100	-0.000031
	2101	-0.000146
	2102	0.000003
	2103	-0.000001
	2104	-0.000004
	2105	0.000000
	2106	0.000011
	2107	0.000036
	2108	0.000126
	2109	0.000004
	2110	0.000001
	2111	-0.000001
	2112	-0.000008
	2113	-0.000020
	2114	-0.000039
	2115	-0.000139
	2116	0.000002
	2117	0.000000
	2118	-0.000001
	2119	-0.000006
	2120	-0.000016
	2121	-0.000035
	2122	-0.000162
	2123	0.000004
	2124	-0.000001
	2125	-0.000004
	2126	0.000001
	2127	0.000013
	2128	0.000041
	2129	0.000142
	2130	0.000004
	2131	0.000001
	2132	-0.000001
	2133	-0.000009
	2134	-0.000022
	2135	-0.000043
	2136	-0.000150
	2137	0.000002
	2138	0.000000
	2139	-0.000001
	2140	-0.000006
	2141	-0.000018
	2142	-0.000040
	2143	-0.000180
	2144	0.000004
	2145	-0.000002
	2146	-0.000005
	2147	0.000001
	2148	0.000015
	2149	0.000048
	2150	0.000161
	2151	0.000004
	2152	0.000001
	2153	-0.000000
	2154	-0.000009
	2155	-0.000024
	2156	-0.000048
	2157	-0.000163
	2158	0.000002
	2159	0.000000
	2160	-0.000001
	2161	-0.000007
	2162	-0.000021
	2163	-0.000046
	2164	-0.000202
	2165	0.000004
	2166	-0.000002
	2167	-0.000005
	2168	0.000001
	2169	0.000019
	2170	0.000056
	2171	0.000183
	2172	0.000005
	2173	0.000002
	2174	0.000000
	2175	-0.000010
	2176	-0.000027
	2177	-0.000054
	2178	-0.000178
	2179	0.000002
	2180	0.000000
	2181	-0.000000
	2182	-0.000007
	2183	-0.000024
	2184	-0.000053
	2185	-0.000229
	2186	0.000005
	2187	-0.000002
	2188	-0.000006
	2189	0.000002
	2190	0.000022
	2191	0.000066
	2192	0.000210
	2193	0.000005
	2194	0.000002
	2195	0.000002
	2196	-0.000010
	2197	-0.000030
	2198	-0.000060
	2199	-0.000194
	2200	0.000003
	2201	0.000001
	2202	0.000000
	2203	-0.000008
	2204	-0.000028
	2205	-0.000062
	2206	-0.000260
	2207	0.000006
	2208	-0.000003
	2209	-0.000008
	2210	0.000002
	2211	0.000027
	2212	0.000078
	2213	0.000242
	2214	0.000006
	2215	0.000003
	2216	0.000004
	2217	-0.000010
	2218	-0.000034
	2219	-0.000067
	2220	-0.000211
	2221	0.000003
	2222	0.000001
	2223	0.000001
	2224	-0.000008
	2225	-0.000032
	2226	-0.000073
	2227	-0.000296
	2228	0.000006
	2229	-0.000004
	2230	-0.000010
	2231	0.000002
	2232	0.000033
	2233	0.000092
	2234	0.000279
	2235	0.000007
	2236	0.000004
	2237	0.000006
	2238	-0.000009
	2239	-0.000037
	2240	-0.000075
	2241	-0.000228
	2242	0.000004
	2243	0.000001
	2244	0.000003
	2245	-0.000007
	2246	-0.000036
	2247	-0.000084
	2248	-0.000336
	2249	0.000007
	2250	-0.000004
	2251	-0.000013
	2252	0.000001
	2253	0.000039
	2254	0.000108
	2255	0.000319
	2256	0.000008
	2257	0.000005
	2258	0.000010
	2259	-0.000007
	2260	-0.000040
	2261	-0.000082
	2262	-0.000242
	2263	0.000005
	2264	0.000002
	2265	0.000005
	2266	-0.000006
	2267	-0.000040
	2268	-0.000096
	2269	-0.000376
	2270	0.000008
	2271	-0.000005
	2272	-0.000016
	2273	-0.000000
	2274	0.000045
	2275	0.000124
	2276	0.000359
	2277	0.000009
	2278	0.000006
	2279	0.000014
	2280	-0.000004
	2281	-0.000040
	2282	-0.000088
	2283	-0.000251
	2284	0.000005
	2285	0.000002
	2286	0.000008
	2287	-0.000003
	2288	-0.000041
	2289	-0.000106
	2290	-0.000408
	2291	0.000009
	2292	-0.000006
	2293	-0.000019
	2294	-0.000002
	2295	0.000049
	2296	0.000137
	2297	0.000393
	2298	0.000009
	2299	0.000007
	2300	0.000019
	2301	0.000002
	2302	-0.000038
	2303	-0.000088
	2304	-0.000247
	2305	0.000006
	2306	0.000003
	2307	0.000011
	2308	0.000002
	2309	-0.000038
	2310	-0.000109
	2311	-0.000420
	2312	0.000010
	2313	-0.000006
	2314	-0.000021
	2315	-0.000005
	2316	0.000050
	2317	0.000144
	2318	0.000408
	2319	0.000009
	2320	0.000008
	2321	0.000023
	2322	0.000009
	2323	-0.000030
	2324	-0.000080
	2325	-0.000222
	2326	0.000006
	2327	0.000003
	2328	0.000014
	2329	0.000008
	2330	-0.000030
	2331	-0.000101
	2332	-0.000398
	2333	0.000010
	2334	-0.000005
	2335	-0.000019
	2336	-0.000006
	2337	0.000048
	2338	0.000140
	2339	0.000399
	2340	0.000006
	2341	0.000008
	2342	0.000026
	2343	0.000016
	2344	-0.000016
	2345	-0.000060
	2346	-0.000167
	2347	0.000005
	2348	0.000003
	2349	0.000015
	2350	0.000014
	2351	-0.000015
	2352	-0.000078
	2353	-0.000328
	2354	0.000006
	2355	-0.000003
	2356	-0.000011
	2357	-0.000003
	2358	0.000040
	2359	0.000119
	2360	0.000344
	2361	0.000000
	2362	0.000007
	2363	0.000026
	2364	0.000022
	2365	0.000002
	2366	-0.000031
	2367	-0.000092
	2368	0.000001
	2369	0.000003
	2370	0.000013
	2371	0.000017
	2372	0.000002
	2373	-0.000042
	2374	-0.000216
	2375	-0.000006
	2376	0.000000
	2377	-0.000000
	2378	0.000004
	2379	0.000036
	2380	0.000104
	2381	0.000315
	2382	-0.000014
	2383	0.000005
	2384	0.000022
	2385	0.000024
	2386	0.000022
	2387	0.000013
	2388	0.000036
	2389	-0.000007
	2390	0.000001
	2391	0.000008
	2392	0.000014
	2393	0.000017
	2394	0.000001
	2395	-0.000067
	2396	-0.000034
	2397	0.000005
	2398	0.000018
	2399	0.000020
	2400	0.000033
	2401	0.000059
	2402	0.000193
	2403	-0.000045
	2404	0.000002
	2405	0.000014
	2406	0.000022
	2407	0.000038
	2408	0.000053
	2409	0.000118
	2410	-0.000024
	2411	-0.000002
	2412	-0.000002
	2413	0.000006
	2414	0.000025
	2415	0.000045
	2416	0.000088
	2417	-0.000077
	2418	0.000014
	2419	0.000040
	2420	0.000031
	2421	0.000025
	2422	0.000042
	2423	0.000190
	2424	-0.000056
	2425	0.000006
	2426	0.000022
	2427	0.000022
	2428	0.000024
	2429	0.000029
	2430	0.000090
	2431	-0.000024
	2432	-0.000000
	2433	0.000002
	2434	0.000007
	2435	0.000017
	2436	0.000028
	2437	0.000081
	2438	-0.000092
	2439	0.000004
	2440	0.000016
	2441	0.000020
	2442	0.000035
	2443	0.000054
	2444	0.000196
	2445	-0.000111
	2446	-0.000006
	2447	-0.000010
	2448	0.000006
	2449	0.000048
	2450	0.000113
	2451	0.000323
	2452	-0.000057
	2453	-0.000005
	2454	-0.000012
	2455	-0.000004
	2456	0.000027
	2457	0.000087
	2458	0.000283
	2459	-0.000300
	2460	-0.000026
	2461	-0.000063
	2462	-0.000027
	2463	0.000049
	2464	0.000135
	2465	0.000276
	2466	-0.000370
	2467	-0.000028
	2468	-0.000073
	2469	-0.000050
	2470	-0.000002
	2471	0.000169
	2472	0.000576
	2473	-0.000168
	2474	-0.000013
	2475	-0.000033
	2476	-0.000029
	2477	-0.000030
	2478	0.000072
	2479	0.000452
	2480	-0.000920
	2481	-0.000062
	2482	-0.000203
	2483	-0.000170
	2484	-0.000120
	2485	0.000053
	2486	0.000348
	2487	-0.000932
	2488	-0.000042
	2489	-0.000121
	2490	-0.000106
	2491	-0.000110
	2492	-0.000066
	2493	0.000243
	2494	-0.000369
	2495	-0.000016
	2496	-0.000036
	2497	-0.000028
	2498	-0.000027
	2499	-0.000047
	2500	0.000016
	2501	-0.001981
	2502	-0.000067
	2503	-0.000170
	2504	-0.000156
	2505	-0.000155
	2506	-0.000132
	2507	-0.000039
	2508	-0.001766
	2509	-0.000050
	2510	-0.000085
	2511	-0.000063
	2512	-0.000062
	2513	-0.000068
	2514	-0.000112
	2515	-0.000922
	2516	-0.000024
	2517	-0.000037
	2518	-0.000026
	2519	-0.000023
	2520	-0.000021
	2521	-0.000052
	2522	0.000000
	2523	0.000000
	2524	-0.000000
	2525	-0.000000
	2526	-0.000000
	2527	-0.000000
	2528	-0.000000
	2529	-0.000000
	2530	-0.000000
	2531	-0.000000
	2532	-0.000000
	2533	-0.000000
	2534	-0.000000
	2535	-0.000000
	2536	-0.000000
	2537	-0.000000
	2538	-0.000000
	2539	-0.000000
	2540	-0.000000
	2541	-0.000000
	2542	-0.000000
	2543	-0.000000
	2544	-0.000000
	2545	-0.000000
	2546	-0.000000
	2547	-0.000000
	2548	-0.000000
	2549	-0.000000
	2550	-0.000000
	2551	-0.000000
	2552	0.000000
	2553	0.000000
	2554	0.000000
	2555	-0.000000
	2556	-0.000000
	2557	-0.000000
	2558	0.000000
	2559	0.000000
	2560	0.000000
	2561	0.000000
	2562	0.000000
	2563	0.000000
	2564	0.000000
	2565	0.000000
	2566	0.000000
	2567	0.000000
	2568	0.000000
	2569	0.000000
	2570	0.000000
	2571	0.000000
	2572	0.000000
	2573	0.000000
	2574	0.000000
	2575	0.000000
	2576	0.000000
	2577	0.000000
	2578	0.000000
	2579	0.000000
	2580	0.000000
	2581	0.000000
	2582	0.000000
	2583	0.000000
	2584	0.000000
	2585	0.000000
	2586	0.000000
	2587	0.000000
	2588	0.000000
	2589	0.000000
	2590	0.000000
	2591	0.000000
	2592	0.000000
	2593	0.000000
	2594	0.000000
	2595	0.000000
	2596	0.000000
	2597	0.000000
	2598	0.000000
	2599	0.000000
	2600	0.000000
	2601	0.000000
	2602	0.000000
	2603	0.000000
	2604	0.000000
	2605	0.000000
	2606	0.000000
	2607	0.000000
	2608	0.000000
	2609	0.000000
	2610	0.000000
	2611	0.000000
	2612	0.000000
	2613	0.000000
	2614	0.000000
	2615	0.000000
	2616	0.000000
	2617	0.000000
	2618	0.000000
	2619	0.000000
	2620	0.000000
	2621	0.000000
	2622	0.000000
	2623	0.000000
	2624	0.000000
	2625	0.000000
	2626	0.000000
	2627	0.000000
	2628	0.000000
	2629	0.000000
	2630	0.000000
	2631	0.000000
	2632	0.000000
	2633	0.000000
	2634	0.000000
	2635	0.000000
	2636	0.000000
	2637	0.000000
	2638	0.000000
	2639	0.000000
	2640	0.000000
	2641	0.000000
	2642	0.000000
	2643	-0.000511
	2644	-0.000550
	2645	-0.000627
	2646	-0.000677
	2647	-0.000712
	2648	-0.000733
	2649	-0.000747
	2650	-0.000754
	2651	-0.000756
	2652	-0.000754
	2653	-0.000750
	2654	-0.000744
	2655	-0.000736
	2656	-0.000725
	2657	-0.000713
	2658	-0.000699
	2659	-0.000682
	2660	-0.000661
	2661	-0.000637
	2662	-0.000609
	2663	-0.000577
	2664	-0.000539
	2665	-0.000503
	2666	-0.000442
	2667	-0.000452
	2668	-0.000449
	2669	-0.000326
	2670	-0.000191
	2671	-0.000108
	2672	-0.001799
	2673	-0.005002
	2674	-0.001836
	2675	-0.000464
	2676	-0.000150
	2677	-0.000037
	2678	-0.000136
	2679	-0.000117
	2680	-0.000043
	2681	-0.000128
	2682	-0.000094
	2683	-0.000034
	2684	-0.000106
	2685	-0.000086
	2686	-0.000033
	2687	-0.000098
	2688	-0.000081
	2689	-0.000033
	2690	-0.000094
	2691	-0.000080
	2692	-0.000033
	2693	-0.000093
	2694	-0.000080
	2695	-0.000033
	2696	-0.000093
	2697	-0.000081
	2698	-0.000034
	2699	-0.000094
	2700	-0.000082
	2701	-0.000035
	2702	-0.000096
	2703	-0.000084
	2704	-0.000036
	2705	-0.000098
	2706	-0.000086
	2707	-0.000037
	2708	-0.000101
	2709	-0.000088
	2710	-0.000039
	2711	-0.000103
	2712	-0.000090
	2713	-0.000040
	2714	-0.000106
	2715	-0.000092
	2716	-0.000041
	2717	-0.000108
	2718	-0.000092
	2719	-0.000043
	2720	-0.000109
	2721	-0.000092
	2722	-0.000044
	2723	-0.000108
	2724	-0.000090
	2725	-0.000044
	2726	-0.000106
	2727	-0.000086
	2728	-0.000043
	2729	-0.000100
	2730	-0.000079
	2731	-0.000040
	2732	-0.000090
	2733	-0.000069
	2734	-0.000035
	2735	-0.000075
	2736	-0.000055
	2737	-0.000028
	2738	-0.000056
	2739	-0.000039
	2740	-0.000018
	2741	-0.000035
	2742	-0.000019
	2743	-0.000007
	2744	-0.000011
	2745	-0.000001
	2746	0.000002
	2747	0.000010
	2748	0.000018
	2749	0.000008
	2750	0.000026
	2751	0.000032
	2752	0.000015
	2753	0.000030
	2754	0.000055
	2755	0.000032
	2756	0.000056
	2757	0.000080
	2758	0.000030
	2759	0.000061
	2760	0.000044
	2761	0.000019
	2762	-0.000014
	2763	-0.008747
	2764	-0.000230
	2765	0.000173
	2766	0.000211
	2767	0.000163
	2768	0.000088
	2769	0.000069
	2770	-0.012836
	2771	-0.000528
	2772	0.000057
	2773	0.000188
	2774	0.000170
	2775	0.000095
	2776	0.000044
	2777	-0.003831
	2778	-0.000126
	2779	0.000080
	2780	0.000147
	2781	0.000145
	2782	0.000083
	2783	0.000024
	2784	-0.021096
	2785	-0.003562
	2786	-0.000587
	2787	0.000638
	2788	0.000876
	2789	0.000545
	2790	0.000129
	2791	-0.035558
	2792	-0.005204
	2793	-0.000268
	2794	0.001613
	2795	0.001727
	2796	0.000898
	2797	0.000134
	2798	-0.010264
	2799	-0.001702
	2800	0.000010
	2801	0.000714
	2802	0.000812
	2803	0.000449
	2804	0.000053
	2805	-0.022231
	2806	-0.003988
	2807	-0.000805
	2808	0.000448
	2809	0.000652
	2810	0.000356
	2811	0.000040
	2812	-0.036665
	2813	-0.005559
	2814	-0.000562
	2815	0.001343
	2816	0.001457
	2817	0.000706
	2818	0.000070
	2819	-0.010529
	2820	-0.001862
	2821	-0.000133
	2822	0.000599
	2823	0.000717
	2824	0.000387
	2825	0.000042
	2826	-0.022954
	2827	-0.004473
	2828	-0.001178
	2829	0.000232
	2830	0.000551
	2831	0.000322
	2832	0.000035
	2833	-0.038035
	2834	-0.006285
	2835	-0.001053
	2836	0.001082
	2837	0.001323
	2838	0.000634
	2839	0.000042
	2840	-0.010922
	2841	-0.002073
	2842	-0.000254
	2843	0.000551
	2844	0.000704
	2845	0.000382
	2846	0.000040
	2847	-0.023741
	2848	-0.004931
	2849	-0.001496
	2850	0.000053
	2851	0.000462
	2852	0.000286
	2853	0.000028
	2854	-0.039293
	2855	-0.006920
	2856	-0.001485
	2857	0.000856
	2858	0.001218
	2859	0.000602
	2860	0.000045
	2861	-0.011275
	2862	-0.002270
	2863	-0.000375
	2864	0.000497
	2865	0.000686
	2866	0.000379
	2867	0.000041
	2868	-0.024437
	2869	-0.005384
	2870	-0.001823
	2871	-0.000123
	2872	0.000385
	2873	0.000263
	2874	0.000028
	2875	-0.040437
	2876	-0.007559
	2877	-0.001926
	2878	0.000633
	2879	0.001123
	2880	0.000573
	2881	0.000043
	2882	-0.011595
	2883	-0.002465
	2884	-0.000496
	2885	0.000446
	2886	0.000674
	2887	0.000380
	2888	0.000042
	2889	-0.025068
	2890	-0.005836
	2891	-0.002158
	2892	-0.000301
	2893	0.000311
	2894	0.000242
	2895	0.000027
	2896	-0.041462
	2897	-0.008192
	2898	-0.002380
	2899	0.000410
	2900	0.001033
	2901	0.000548
	2902	0.000043
	2903	-0.011878
	2904	-0.002656
	2905	-0.000621
	2906	0.000395
	2907	0.000664
	2908	0.000382
	2909	0.000043
	2910	-0.025624
	2911	-0.006293
	2912	-0.002512
	2913	-0.000487
	2914	0.000238
	2915	0.000223
	2916	0.000027
	2917	-0.042363
	2918	-0.008827
	2919	-0.002856
	2920	0.000177
	2921	0.000945
	2922	0.000527
	2923	0.000043
	2924	-0.012122
	2925	-0.002845
	2926	-0.000752
	2927	0.000342
	2928	0.000656
	2929	0.000387
	2930	0.000045
	2931	-0.026098
	2932	-0.006754
	2933	-0.002891
	2934	-0.000686
	2935	0.000164
	2936	0.000205
	2937	0.000027
	2938	-0.043121
	2939	-0.009460
	2940	-0.003361
	2941	-0.000069
	2942	0.000857
	2943	0.000507
	2944	0.000043
	2945	-0.012320
	2946	-0.003028
	2947	-0.000889
	2948	0.000287
	2949	0.000649
	2950	0.000393
	2951	0.000048
	2952	-0.026472
	2953	-0.007218
	2954	-0.003300
	2955	-0.000904
	2956	0.000086
	2957	0.000188
	2958	0.000027
	2959	-0.043709
	2960	-0.010086
	2961	-0.003900
	2962	-0.000335
	2963	0.000766
	2964	0.000489
	2965	0.000043
	2966	-0.012463
	2967	-0.003202
	2968	-0.001033
	2969	0.000228
	2970	0.000643
	2971	0.000401
	2972	0.000051
	2973	-0.026725
	2974	-0.007678
	2975	-0.003746
	2976	-0.001145
	2977	0.000002
	2978	0.000170
	2979	0.000027
	2980	-0.044092
	2981	-0.010691
	2982	-0.004478
	2983	-0.000626
	2984	0.000671
	2985	0.000471
	2986	0.000044
	2987	-0.012541
	2988	-0.003361
	2989	-0.001183
	2990	0.000165
	2991	0.000638
	2992	0.000410
	2993	0.000055
	2994	-0.026832
	2995	-0.008125
	2996	-0.004231
	2997	-0.001417
	2998	-0.000089
	2999	0.000152
	3000	0.000027
	3001	-0.044226
	3002	-0.011257
	3003	-0.005094
	3004	-0.000948
	3005	0.000570
	3006	0.000454
	3007	0.000045
	3008	-0.012541
	3009	-0.003496
	3010	-0.001337
	3011	0.000095
	3012	0.000634
	3013	0.000421
	3014	0.000059
	3015	-0.026763
	3016	-0.008543
	3017	-0.004759
	3018	-0.001728
	3019	-0.000191
	3020	0.000133
	3021	0.000028
	3022	-0.044064
	3023	-0.011758
	3024	-0.005746
	3025	-0.001308
	3026	0.000459
	3027	0.000436
	3028	0.000046
	3029	-0.012446
	3030	-0.003595
	3031	-0.001491
	3032	0.000020
	3033	0.000631
	3034	0.000435
	3035	0.000064
	3036	-0.026486
	3037	-0.008911
	3038	-0.005327
	3039	-0.002086
	3040	-0.000307
	3041	0.000113
	3042	0.000028
	3043	-0.043555
	3044	-0.012159
	3045	-0.006422
	3046	-0.001710
	3047	0.000336
	3048	0.000418
	3049	0.000048
	3050	-0.012242
	3051	-0.003644
	3052	-0.001636
	3053	-0.000061
	3054	0.000627
	3055	0.000450
	3056	0.000071
	3057	-0.025970
	3058	-0.009203
	3059	-0.005931
	3060	-0.002501
	3061	-0.000441
	3062	0.000090
	3063	0.000029
	3064	-0.042651
	3065	-0.012416
	3066	-0.007103
	3067	-0.002162
	3068	0.000199
	3069	0.000398
	3070	0.000050
	3071	-0.011915
	3072	-0.003625
	3073	-0.001761
	3074	-0.000147
	3075	0.000624
	3076	0.000467
	3077	0.000078
	3078	-0.025185
	3079	-0.009382
	3080	-0.006554
	3081	-0.002984
	3082	-0.000598
	3083	0.000064
	3084	0.000030
	3085	-0.041311
	3086	-0.012481
	3087	-0.007760
	3088	-0.002669
	3089	0.000042
	3090	0.000376
	3091	0.000052
	3092	-0.011454
	3093	-0.003523
	3094	-0.001851
	3095	-0.000236
	3096	0.000618
	3097	0.000486
	3098	0.000087
	3099	-0.024111
	3100	-0.009411
	3101	-0.007173
	3102	-0.003551
	3103	-0.000789
	3104	0.000034
	3105	0.000031
	3106	-0.039513
	3107	-0.012316
	3108	-0.008357
	3109	-0.003240
	3110	-0.000144
	3111	0.000350
	3112	0.000055
	3113	-0.010858
	3114	-0.003331
	3115	-0.001892
	3116	-0.000328
	3117	0.000606
	3118	0.000505
	3119	0.000098
	3120	-0.022745
	3121	-0.009258
	3122	-0.007753
	3123	-0.004217
	3124	-0.001025
	3125	-0.000005
	3126	0.000031
	3127	-0.037261
	3128	-0.011910
	3129	-0.008879
	3130	-0.003907
	3131	-0.000378
	3132	0.000315
	3133	0.000057
	3134	-0.010132
	3135	-0.003061
	3136	-0.001884
	3137	-0.000434
	3138	0.000577
	3139	0.000520
	3140	0.000109
	3141	-0.021103
	3142	-0.008912
	3143	-0.008269
	3144	-0.005018
	3145	-0.001336
	3146	-0.000057
	3147	0.000031
	3148	-0.034588
	3149	-0.011322
	3150	-0.009383
	3151	-0.004773
	3152	-0.000715
	3153	0.000259
	3154	0.000059
	3155	-0.009294
	3156	-0.002762
	3157	-0.001875
	3158	-0.000603
	3159	0.000502
	3160	0.000523
	3161	0.000120
	3162	-0.019221
	3163	-0.008411
	3164	-0.008745
	3165	-0.006047
	3166	-0.001786
	3167	-0.000138
	3168	0.000029
	3169	-0.031542
	3170	-0.010724
	3171	-0.010122
	3172	-0.006147
	3173	-0.001306
	3174	0.000150
	3175	0.000058
	3176	-0.008366
	3177	-0.002527
	3178	-0.002001
	3179	-0.000988
	3180	0.000300
	3181	0.000491
	3182	0.000128
	3183	-0.017134
	3184	-0.007868
	3185	-0.009327
	3186	-0.007557
	3187	-0.002533
	3188	-0.000285
	3189	0.000023
	3190	-0.028132
	3191	-0.010395
	3192	-0.011661
	3193	-0.008803
	3194	-0.002542
	3195	-0.000095
	3196	0.000049
	3197	-0.007354
	3198	-0.002471
	3199	-0.002510
	3200	-0.001950
	3201	-0.000227
	3202	0.000376
	3203	0.000126
	3204	-0.014863
	3205	-0.007465
	3206	-0.010354
	3207	-0.010124
	3208	-0.003955
	3209	-0.000587
	3210	0.000006
	3211	-0.024325
	3212	-0.010610
	3213	-0.014761
	3214	-0.014155
	3215	-0.005263
	3216	-0.000658
	3217	0.000021
	3218	-0.006251
	3219	-0.002655
	3220	-0.003629
	3221	-0.004038
	3222	-0.001459
	3223	0.000087
	3224	0.000104
	3225	-0.012369
	3226	-0.007248
	3227	-0.012033
	3228	-0.014539
	3229	-0.006760
	3230	-0.001224
	3231	-0.000033
	3232	-0.019933
	3233	-0.011150
	3234	-0.019471
	3235	-0.023826
	3236	-0.011007
	3237	-0.001923
	3238	-0.000051
	3239	-0.005004
	3240	-0.002961
	3241	-0.005276
	3242	-0.007737
	3243	-0.004019
	3244	-0.000552
	3245	0.000043
	3246	-0.009695
	3247	-0.007167
	3248	-0.014269
	3249	-0.021296
	3250	-0.011830
	3251	-0.002476
	3252	-0.000114
	3253	-0.015306
	3254	-0.011718
	3255	-0.024828
	3256	-0.037346
	3257	-0.020538
	3258	-0.004166
	3259	-0.000179
	3260	-0.003742
	3261	-0.003224
	3262	-0.006950
	3263	-0.012401
	3264	-0.007870
	3265	-0.001580
	3266	-0.000061
	3267	-0.006860
	3268	-0.006426
	3269	-0.014980
	3270	-0.028074
	3271	-0.019488
	3272	-0.004575
	3273	-0.000161
	3274	-0.009989
	3275	-0.009890
	3276	-0.024862
	3277	-0.049935
	3278	-0.037404
	3279	-0.009299
	3280	-0.000585
	3281	-0.002307
	3282	-0.002691
	3283	-0.006796
	3284	-0.015931
	3285	-0.014188
	3286	-0.003838
	3287	-0.000298
	3288	-0.004378
	3289	-0.005820
	3290	-0.015609
	3291	-0.033719
	3292	-0.026690
	3293	-0.007222
	3294	-0.000582
	3295	-0.006833
	3296	-0.011034
	3297	-0.030517
	3298	-0.058613
	3299	-0.039493
	3300	-0.009475
	3301	-0.000620
	3302	-0.001639
	3303	-0.003503
	3304	-0.009477
	3305	-0.019080
	3306	-0.012983
	3307	-0.003037
	3308	-0.000198
	3309	-0.002956
	3310	-0.005900
	3311	-0.017505
	3312	-0.035668
	3313	-0.023668
	3314	-0.005306
	3315	-0.000190
	3316	-0.003794
	3317	-0.008372
	3318	-0.026578
	3319	-0.058390
	3320	-0.042388
	3321	-0.010161
	3322	-0.000682
	3323	-0.000783
	3324	-0.002325
	3325	-0.007124
	3326	-0.017641
	3327	-0.014862
	3328	-0.003908
	3329	-0.000343
	3330	-0.001219
	3331	-0.002436
	3332	-0.007689
	3333	-0.022977
	3334	-0.028103
	3335	-0.010615
	3336	-0.001058
	3337	-0.001295
	3338	-0.002594
	3339	-0.008583
	3340	-0.029380
	3341	-0.047182
	3342	-0.021814
	3343	-0.002423
	3344	-0.000228
	3345	-0.000718
	3346	-0.002123
	3347	-0.007319
	3348	-0.014072
	3349	-0.008052
	3350	-0.001042
	3351	-0.000318
	3352	-0.000414
	3353	-0.001142
	3354	-0.004438
	3355	-0.013316
	3356	-0.014608
	3357	-0.002778
	3358	-0.000310
	3359	-0.000419
	3360	-0.001157
	3361	-0.004613
	3362	-0.016785
	3363	-0.025553
	3364	-0.005490
	3365	-0.000051
	3366	-0.000191
	3367	-0.000455
	3368	-0.001583
	3369	-0.005227
	3370	-0.008880
	3371	-0.002097
	3372	-0.000054
	3373	-0.000072
	3374	-0.000158
	3375	-0.000552
	3376	-0.002244
	3377	-0.006146
	3378	-0.002092
	3379	-0.000041
	3380	-0.000069
	3381	-0.000150
	3382	-0.000505
	3383	-0.002075
	3384	-0.006408
	3385	-0.002243
	3386	-0.000004
	3387	-0.000037
	3388	-0.000075
	3389	-0.000205
	3390	-0.000621
	3391	-0.001535
	3392	-0.000479
	3393	0.000163
	3394	0.000333
	3395	0.000141
	3396	0.001105
	3397	0.000756
	3398	0.000144
	3399	0.000308
	3400	0.000582
	3401	0.000164
	3402	0.000327
	3403	0.000456
	3404	0.000127
	3405	0.000260
	3406	0.000396
	3407	0.000116
	3408	0.000238
	3409	0.000361
	3410	0.000108
	3411	0.000222
	3412	0.000339
	3413	0.000103
	3414	0.000213
	3415	0.000326
	3416	0.000101
	3417	0.000208
	3418	0.000318
	3419	0.000100
	3420	0.000205
	3421	0.000313
	3422	0.000099
	3423	0.000203
	3424	0.000310
	3425	0.000099
	3426	0.000203
	3427	0.000308
	3428	0.000100
	3429	0.000203
	3430	0.000307
	3431	0.000101
	3432	0.000204
	3433	0.000305
	3434	0.000103
	3435	0.000205
	3436	0.000304
	3437	0.000104
	3438	0.000206
	3439	0.000302
	3440	0.000106
	3441	0.000207
	3442	0.000300
	3443	0.000107
	3444	0.000208
	3445	0.000298
	3446	0.000109
	3447	0.000209
	3448	0.000295
	3449	0.000110
	3450	0.000209
	3451	0.000293
	3452	0.000111
	3453	0.000208
	3454	0.000292
	3455	0.000110
	3456	0.000204
	3457	0.000289
	3458	0.000106
	3459	0.000197
	3460	0.000289
	3461	0.000103
	3462	0.000184
	3463	0.000265
	3464	0.000089
	3465	0.000173
	3466	0.000301
	3467	0.000100
	3468	0.000129
	3469	0.000133
	3470	0.000031
	3471	0.000055
	3472	0.000097
	3473	0.000030
	3474	0.000080
	3475	0.000178
	3476	0.000061
	3477	0.000141
	3478	0.000263
	3479	0.000076
	3480	0.000078
	3481	0.000062
	3482	0.000011
	3483	-0.004075
	3484	-0.000750
	3485	-0.000371
	3486	-0.000261
	3487	-0.000169
	3488	-0.000074
	3489	0.000000
	3490	-0.005044
	3491	-0.000936
	3492	-0.000394
	3493	-0.000241
	3494	-0.000159
	3495	-0.000089
	3496	0.000000
	3497	-0.001756
	3498	-0.000397
	3499	-0.000228
	3500	-0.000184
	3501	-0.000129
	3502	-0.000048
	3503	0.000000
	3504	-0.004533
	3505	-0.002426
	3506	-0.001312
	3507	-0.000906
	3508	-0.000613
	3509	-0.000313
	3510	0.000000
	3511	-0.007849
	3512	-0.004398
	3513	-0.002439
	3514	-0.001642
	3515	-0.000975
	3516	-0.000352
	3517	0.000000
	3518	-0.002214
	3519	-0.001404
	3520	-0.000896
	3521	-0.000743
	3522	-0.000523
	3523	-0.000181
	3524	0.000000
	3525	-0.004530
	3526	-0.002318
	3527	-0.001182
	3528	-0.000753
	3529	-0.000458
	3530	-0.000189
	3531	0.000000
	3532	-0.008027
	3533	-0.004343
	3534	-0.002320
	3535	-0.001490
	3536	-0.000834
	3537	-0.000268
	3538	0.000000
	3539	-0.002192
	3540	-0.001367
	3541	-0.000864
	3542	-0.000704
	3543	-0.000482
	3544	-0.000156
	3545	0.000000
	3546	-0.004382
	3547	-0.002225
	3548	-0.001133
	3549	-0.000719
	3550	-0.000436
	3551	-0.000179
	3552	0.000000
	3553	-0.007913
	3554	-0.004243
	3555	-0.002265
	3556	-0.001445
	3557	-0.000791
	3558	-0.000235
	3559	0.000000
	3560	-0.002200
	3561	-0.001361
	3562	-0.000867
	3563	-0.000711
	3564	-0.000485
	3565	-0.000153
	3566	0.000000
	3567	-0.004339
	3568	-0.002170
	3569	-0.001095
	3570	-0.000687
	3571	-0.000410
	3572	-0.000164
	3573	0.000000
	3574	-0.007966
	3575	-0.004206
	3576	-0.002230
	3577	-0.001413
	3578	-0.000766
	3579	-0.000224
	3580	0.000000
	3581	-0.002230
	3582	-0.001363
	3583	-0.000871
	3584	-0.000716
	3585	-0.000487
	3586	-0.000152
	3587	0.000000
	3588	-0.004332
	3589	-0.002135
	3590	-0.001070
	3591	-0.000667
	3592	-0.000397
	3593	-0.000159
	3594	0.000000
	3595	-0.008070
	3596	-0.004194
	3597	-0.002212
	3598	-0.001393
	3599	-0.000749
	3600	-0.000215
	3601	0.000000
	3602	-0.002278
	3603	-0.001373
	3604	-0.000881
	3605	-0.000727
	3606	-0.000494
	3607	-0.000154
	3608	0.000000
	3609	-0.004358
	3610	-0.002114
	3611	-0.001053
	3612	-0.000652
	3613	-0.000386
	3614	-0.000154
	3615	0.000000
	3616	-0.008235
	3617	-0.004205
	3618	-0.002205
	3619	-0.001383
	3620	-0.000738
	3621	-0.000209
	3622	0.000000
	3623	-0.002344
	3624	-0.001390
	3625	-0.000894
	3626	-0.000741
	3627	-0.000504
	3628	-0.000157
	3629	0.000000
	3630	-0.004414
	3631	-0.002103
	3632	-0.001042
	3633	-0.000642
	3634	-0.000379
	3635	-0.000152
	3636	0.000000
	3637	-0.008457
	3638	-0.004234
	3639	-0.002208
	3640	-0.001379
	3641	-0.000733
	3642	-0.000206
	3643	0.000000
	3644	-0.002428
	3645	-0.001412
	3646	-0.000911
	3647	-0.000758
	3648	-0.000515
	3649	-0.000161
	3650	0.000000
	3651	-0.004498
	3652	-0.002102
	3653	-0.001036
	3654	-0.000636
	3655	-0.000374
	3656	-0.000150
	3657	0.000000
	3658	-0.008740
	3659	-0.004281
	3660	-0.002218
	3661	-0.001381
	3662	-0.000731
	3663	-0.000204
	3664	0.000000
	3665	-0.002533
	3666	-0.001441
	3667	-0.000930
	3668	-0.000779
	3669	-0.000530
	3670	-0.000166
	3671	0.000000
	3672	-0.004613
	3673	-0.002110
	3674	-0.001034
	3675	-0.000632
	3676	-0.000372
	3677	-0.000150
	3678	0.000000
	3679	-0.009091
	3680	-0.004343
	3681	-0.002235
	3682	-0.001388
	3683	-0.000733
	3684	-0.000205
	3685	0.000000
	3686	-0.002663
	3687	-0.001475
	3688	-0.000953
	3689	-0.000804
	3690	-0.000547
	3691	-0.000172
	3692	0.000000
	3693	-0.004761
	3694	-0.002125
	3695	-0.001035
	3696	-0.000632
	3697	-0.000371
	3698	-0.000150
	3699	0.000000
	3700	-0.009520
	3701	-0.004421
	3702	-0.002258
	3703	-0.001400
	3704	-0.000738
	3705	-0.000207
	3706	0.000000
	3707	-0.002821
	3708	-0.001514
	3709	-0.000978
	3710	-0.000832
	3711	-0.000568
	3712	-0.000180
	3713	0.000000
	3714	-0.004948
	3715	-0.002149
	3716	-0.001041
	3717	-0.000634
	3718	-0.000373
	3719	-0.000152
	3720	0.000000
	3721	-0.010041
	3722	-0.004515
	3723	-0.002287
	3724	-0.001415
	3725	-0.000746
	3726	-0.000210
	3727	0.000000
	3728	-0.003014
	3729	-0.001560
	3730	-0.001005
	3731	-0.000864
	3732	-0.000592
	3733	-0.000190
	3734	0.000000
	3735	-0.005180
	3736	-0.002181
	3737	-0.001050
	3738	-0.000640
	3739	-0.000376
	3740	-0.000154
	3741	0.000000
	3742	-0.010674
	3743	-0.004626
	3744	-0.002318
	3745	-0.001434
	3746	-0.000756
	3747	-0.000215
	3748	0.000000
	3749	-0.003249
	3750	-0.001612
	3751	-0.001033
	3752	-0.000899
	3753	-0.000619
	3754	-0.000201
	3755	0.000000
	3756	-0.005468
	3757	-0.002221
	3758	-0.001062
	3759	-0.000648
	3760	-0.000381
	3761	-0.000157
	3762	0.000000
	3763	-0.011439
	3764	-0.004753
	3765	-0.002353
	3766	-0.001455
	3767	-0.000769
	3768	-0.000221
	3769	0.000000
	3770	-0.003536
	3771	-0.001670
	3772	-0.001060
	3773	-0.000938
	3774	-0.000651
	3775	-0.000214
	3776	0.000000
	3777	-0.005824
	3778	-0.002272
	3779	-0.001077
	3780	-0.000659
	3781	-0.000388
	3782	-0.000161
	3783	0.000000
	3784	-0.012361
	3785	-0.004896
	3786	-0.002386
	3787	-0.001479
	3788	-0.000784
	3789	-0.000229
	3790	0.000000
	3791	-0.003884
	3792	-0.001731
	3793	-0.001084
	3794	-0.000978
	3795	-0.000686
	3796	-0.000230
	3797	0.000000
	3798	-0.006262
	3799	-0.002331
	3800	-0.001094
	3801	-0.000673
	3802	-0.000397
	3803	-0.000166
	3804	0.000000
	3805	-0.013461
	3806	-0.005049
	3807	-0.002416
	3808	-0.001501
	3809	-0.000800
	3810	-0.000239
	3811	0.000000
	3812	-0.004298
	3813	-0.001794
	3814	-0.001098
	3815	-0.001018
	3816	-0.000725
	3817	-0.000248
	3818	0.000000
	3819	-0.006794
	3820	-0.002399
	3821	-0.001112
	3822	-0.000689
	3823	-0.000408
	3824	-0.000171
	3825	0.000000
	3826	-0.014741
	3827	-0.005202
	3828	-0.002435
	3829	-0.001519
	3830	-0.000817
	3831	-0.000249
	3832	0.000000
	3833	-0.004774
	3834	-0.001849
	3835	-0.001098
	3836	-0.001050
	3837	-0.000766
	3838	-0.000269
	3839	0.000000
	3840	-0.007425
	3841	-0.002469
	3842	-0.001129
	3843	-0.000708
	3844	-0.000421
	3845	-0.000178
	3846	0.000000
	3847	-0.016152
	3848	-0.005329
	3849	-0.002432
	3850	-0.001528
	3851	-0.000832
	3852	-0.000262
	3853	0.000000
	3854	-0.005279
	3855	-0.001884
	3856	-0.001073
	3857	-0.001067
	3858	-0.000804
	3859	-0.000291
	3860	0.000000
	3861	-0.008123
	3862	-0.002527
	3863	-0.001136
	3864	-0.000724
	3865	-0.000435
	3866	-0.000186
	3867	0.000000
	3868	-0.017525
	3869	-0.005378
	3870	-0.002389
	3871	-0.001516
	3872	-0.000842
	3873	-0.000275
	3874	0.000000
	3875	-0.005726
	3876	-0.001873
	3877	-0.001012
	3878	-0.001054
	3879	-0.000833
	3880	-0.000314
	3881	0.000000
	3882	-0.008774
	3883	-0.002538
	3884	-0.001120
	3885	-0.000731
	3886	-0.000449
	3887	-0.000195
	3888	0.000000
	3889	-0.018462
	3890	-0.005251
	3891	-0.002273
	3892	-0.001469
	3893	-0.000842
	3894	-0.000290
	3895	0.000000
	3896	-0.005941
	3897	-0.001779
	3898	-0.000905
	3899	-0.000993
	3900	-0.000842
	3901	-0.000334
	3902	0.000000
	3903	-0.009106
	3904	-0.002439
	3905	-0.001056
	3906	-0.000715
	3907	-0.000457
	3908	-0.000204
	3909	0.000000
	3910	-0.018227
	3911	-0.004803
	3912	-0.002036
	3913	-0.001362
	3914	-0.000826
	3915	-0.000307
	3916	0.000000
	3917	-0.005646
	3918	-0.001558
	3919	-0.000747
	3920	-0.000871
	3921	-0.000816
	3922	-0.000346
	3923	0.000000
	3924	-0.008624
	3925	-0.002137
	3926	-0.000911
	3927	-0.000656
	3928	-0.000454
	3929	-0.000216
	3930	0.000000
	3931	-0.015886
	3932	-0.003892
	3933	-0.001635
	3934	-0.001169
	3935	-0.000784
	3936	-0.000328
	3937	0.000000
	3938	-0.004595
	3939	-0.001189
	3940	-0.000549
	3941	-0.000689
	3942	-0.000739
	3943	-0.000343
	3944	0.000000
	3945	-0.006862
	3946	-0.001577
	3947	-0.000671
	3948	-0.000537
	3949	-0.000434
	3950	-0.000230
	3951	0.000000
	3952	-0.010928
	3953	-0.002506
	3954	-0.001066
	3955	-0.000872
	3956	-0.000709
	3957	-0.000356
	3958	0.000000
	3959	-0.002746
	3960	-0.000703
	3961	-0.000338
	3962	-0.000468
	3963	-0.000601
	3964	-0.000318
	3965	0.000000
	3966	-0.003763
	3967	-0.000822
	3968	-0.000365
	3969	-0.000360
	3970	-0.000382
	3971	-0.000241
	3972	0.000000
	3973	-0.004313
	3974	-0.000973
	3975	-0.000469
	3976	-0.000523
	3977	-0.000585
	3978	-0.000368
	3979	0.000000
	3980	-0.000656
	3981	-0.000244
	3982	-0.000180
	3983	-0.000284
	3984	-0.000416
	3985	-0.000258
	3986	0.000000
	3987	-0.000353
	3988	-0.000104
	3989	-0.000085
	3990	-0.000178
	3991	-0.000321
	3992	-0.000252
	3993	0.000000
	3994	0.001903
	3995	0.000294
	3996	0.000012
	3997	-0.000208
	3998	-0.000484
	3999	-0.000448
	4000	0.000000
	4001	0.001153
	4002	0.000093
	4003	-0.000117
	4004	-0.000196
	4005	-0.000208
	4006	-0.000175
	4007	0.000000
	4008	0.002339
	4009	0.000398
	4010	0.000102
	4011	-0.000023
	4012	-0.000168
	4013	-0.000186
	4014	0.000000
	4015	0.005463
	4016	0.001055
	4017	0.000378
	4018	0.000141
	4019	-0.000093
	4020	-0.000187
	4021	0.000000
	4022	0.001983
	4023	0.000239
	4024	-0.000073
	4025	-0.000051
	4026	0.000080
	4027	0.000015
	4028	0.000000
	4029	0.003271
	4030	0.000623
	4031	0.000236
	4032	0.000119
	4033	-0.000015
	4034	-0.000075
	4035	0.000000
	4036	0.006182
	4037	0.001188
	4038	0.000419
	4039	0.000182
	4040	0.000004
	4041	-0.000119
	4042	0.000000
	4043	0.002066
	4044	0.000165
	4045	-0.000266
	4046	-0.000275
	4047	0.000125
	4048	0.000101
	4049	0.000000
	4050	0.002325
	4051	0.000340
	4052	0.000061
	4053	0.000001
	4054	-0.000019
	4055	-0.000116
	4056	0.000000
	4057	0.003622
	4058	0.000484
	4059	-0.000018
	4060	-0.000260
	4061	-0.000369
	4062	-0.000393
	4063	0.000000
	4064	0.001383
	4065	0.000007
	4066	-0.000429
	4067	-0.000855
	4068	-0.000604
	4069	-0.000038
	4070	0.000000
	4071	0.000736
	4072	0.000049
	4073	-0.000069
	4074	-0.000169
	4075	-0.000239
	4076	-0.000313
	4077	0.000000
	4078	0.001228
	4079	0.000078
	4080	-0.000106
	4081	-0.000329
	4082	-0.000627
	4083	-0.000924
	4084	0.000000
	4085	0.000849
	4086	-0.000023
	4087	-0.000216
	4088	-0.000626
	4089	-0.001052
	4090	-0.000791
	4091	0.000000
	4092	0.000324
	4093	-0.000000
	4094	-0.000047
	4095	-0.000128
	4096	-0.000244
	4097	-0.000353
	4098	0.000000
	4099	0.000428
	4100	-0.000004
	4101	-0.000062
	4102	-0.000156
	4103	-0.000312
	4104	-0.000455
	4105	0.000000
	4106	0.000286
	4107	-0.000018
	4108	-0.000064
	4109	-0.000154
	4110	-0.000295
	4111	-0.000335
	4112	0.000000
	4113	-0.087929
	4114	-0.119368
	4115	-0.029274
	4116	-0.225225
	4117	-0.305392
	4118	-0.074904
	4119	-0.222383
	4120	-0.301270
	4121	-0.073833
	4122	-0.220985
	4123	-0.299066
	4124	-0.073238
	4125	-0.218283
	4126	-0.295072
	4127	-0.072196
	4128	-0.214357
	4129	-0.289389
	4130	-0.070736
	4131	-0.209350
	4132	-0.282218
	4133	-0.068906
	4134	-0.203474
	4135	-0.273843
	4136	-0.066777
	4137	-0.196822
	4138	-0.264390
	4139	-0.064378
	4140	-0.189448
	4141	-0.253935
	4142	-0.061729
	4143	-0.181381
	4144	-0.242515
	4145	-0.058839
	4146	-0.172630
	4147	-0.230148
	4148	-0.055714
	4149	-0.163197
	4150	-0.216839
	4151	-0.052355
	4152	-0.153080
	4153	-0.202593
	4154	-0.048764
	4155	-0.142279
	4156	-0.187418
	4157	-0.044947
	4158	-0.130801
	4159	-0.171336
	4160	-0.040910
	4161	-0.118666
	4162	-0.154393
	4163	-0.036668
	4164	-0.105919
	4165	-0.136666
	4166	-0.032244
	4167	-0.092637
	4168	-0.118286
	4169	-0.027675
	4170	-0.078944
	4171	-0.099451
	4172	-0.023015
	4173	-0.065040
	4174	-0.080481
	4175	-0.018354
	4176	-0.051235
	4177	-0.061880
	4178	-0.013833
	4179	-0.038031
	4180	-0.044441
	4181	-0.009668
	4182	-0.026039
	4183	-0.029133
	4184	-0.006121
	4185	-0.016142
	4186	-0.017034
	4187	-0.003408
	4188	-0.008696
	4189	-0.008610
	4190	-0.001664
	4191	-0.004177
	4192	-0.003864
	4193	-0.000699
	4194	-0.001720
	4195	-0.001407
	4196	-0.000227
	4197	-0.000509
	4198	-0.000331
	4199	-0.000039
	4200	-0.000070
	4201	-0.000022
	4202	-0.000001
	4203	2.831605
	4204	4.033638
	4205	2.502148
	4206	2.923438
	4207	4.159526
	4208	2.580529
	4209	2.785960
	4210	3.960378
	4211	2.455009
	4212	2.646169
	4213	3.757768
	4214	2.327656
	4215	2.508343
	4216	3.557965
	4217	2.201954
	4218	2.367656
	4219	3.354071
	4220	2.073724
	4221	2.225642
	4222	3.148293
	4223	1.944325
	4224	2.082960
	4225	2.941585
	4226	1.814359
	4227	1.940176
	4228	2.734771
	4229	1.684349
	4230	1.797734
	4231	2.528509
	4232	1.554714
	4233	1.656042
	4234	2.323412
	4235	1.425853
	4236	1.515508
	4237	2.120103
	4238	1.298172
	4239	1.376576
	4240	1.919259
	4241	1.172116
	4242	1.239740
	4243	1.721646
	4244	1.048192
	4245	1.105567
	4246	1.528141
	4247	0.926977
	4248	0.974710
	4249	1.339746
	4250	0.809132
	4251	0.847902
	4252	1.157584
	4253	0.695392
	4254	0.725948
	4255	0.982877
	4256	0.586552
	4257	0.609696
	4258	0.816900
	4259	0.483435
	4260	0.500014
	4261	0.660968
	4262	0.386905
	4263	0.397754
	4264	0.516458
	4265	0.297912
	4266	0.304008
	4267	0.385281
	4268	0.217853
	4269	0.219992
	4270	0.269748
	4271	0.148428
	4272	0.148362
	4273	0.174172
	4274	0.092557
	4275	0.090201
	4276	0.099883
	4277	0.050542
	4278	0.050133
	4279	0.052082
	4280	0.025459
	4281	0.024602
	4282	0.023881
	4283	0.010932
	4284	0.009638
	4285	0.008273
	4286	0.003383
	4287	0.002876
	4288	0.001959
	4289	0.000590
	4290	0.000349
	4291	0.000116
	4292	0.000007
	4293	-6.476289
	4294	-6.753588
	4295	-6.417680
	4296	-6.071489
	4297	-5.721689
	4298	-5.365718
	4299	-5.008032
	4300	-4.650708
	4301	-4.295514
	4302	-3.943838
	4303	-3.596936
	4304	-3.256033
	4305	-2.922413
	4306	-2.597469
	4307	-2.282730
	4308	-1.979869
	4309	-1.690667
	4310	-1.416952
	4311	-1.160535
	4312	-0.923163
	4313	-0.706836
	4314	-0.514110
	4315	-0.349025
	4316	-0.216682
	4317	-0.118628
	4318	-0.059999
	4319	-0.025360
	4320	-0.008244
	4321	-0.001315
	4322	-5.569119
	4323	0.411303
	4324	0.000012
	4325	-0.000010
	4326	-0.000017
	4327	-0.000017
	4328	-0.000011
	4329	-0.000004
	4330	0.566742
	4331	0.000027
	4332	-0.000002
	4333	-0.000007
	4334	-0.000006
	4335	-0.000003
	4336	-0.000001
	4337	0.441532
	4338	0.000014
	4339	-0.000007
	4340	-0.000011
	4341	-0.000010
	4342	-0.000005
	4343	-0.000001
	4344	0.499853
	4345	0.000466
	4346	0.000056
	4347	-0.000061
	4348	-0.000081
	4349	-0.000046
	4350	-0.000012
	4351	0.692523
	4352	0.000627
	4353	0.000024
	4354	-0.000152
	4355	-0.000167
	4356	-0.000085
	4357	-0.000019
	4358	0.532504
	4359	0.000427
	4360	-0.000002
	4361	-0.000151
	4362	-0.000179
	4363	-0.000103
	4364	-0.000023
	4365	0.498042
	4366	0.000565
	4367	0.000086
	4368	-0.000050
	4369	-0.000074
	4370	-0.000039
	4371	-0.000008
	4372	0.688920
	4373	0.000747
	4374	0.000055
	4375	-0.000137
	4376	-0.000150
	4377	-0.000070
	4378	-0.000013
	4379	0.529236
	4380	0.000525
	4381	0.000029
	4382	-0.000134
	4383	-0.000162
	4384	-0.000087
	4385	-0.000016
	4386	0.493689
	4387	0.000617
	4388	0.000123
	4389	-0.000025
	4390	-0.000061
	4391	-0.000034
	4392	-0.000007
	4393	0.682984
	4394	0.000818
	4395	0.000100
	4396	-0.000109
	4397	-0.000135
	4398	-0.000064
	4399	-0.000011
	4400	0.524345
	4401	0.000565
	4402	0.000054
	4403	-0.000122
	4404	-0.000159
	4405	-0.000085
	4406	-0.000016
	4407	0.488213
	4408	0.000661
	4409	0.000153
	4410	-0.000006
	4411	-0.000050
	4412	-0.000030
	4413	-0.000006
	4414	0.675324
	4415	0.000874
	4416	0.000138
	4417	-0.000084
	4418	-0.000122
	4419	-0.000059
	4420	-0.000010
	4421	0.518125
	4422	0.000602
	4423	0.000078
	4424	-0.000108
	4425	-0.000152
	4426	-0.000082
	4427	-0.000015
	4428	0.480666
	4429	0.000699
	4430	0.000182
	4431	0.000013
	4432	-0.000041
	4433	-0.000027
	4434	-0.000006
	4435	0.664897
	4436	0.000926
	4437	0.000175
	4438	-0.000061
	4439	-0.000111
	4440	-0.000056
	4441	-0.000010
	4442	0.509802
	4443	0.000634
	4444	0.000101
	4445	-0.000095
	4446	-0.000146
	4447	-0.000081
	4448	-0.000015
	4449	0.471186
	4450	0.000734
	4451	0.000211
	4452	0.000031
	4453	-0.000033
	4454	-0.000024
	4455	-0.000006
	4456	0.651842
	4457	0.000971
	4458	0.000212
	4459	-0.000039
	4460	-0.000101
	4461	-0.000052
	4462	-0.000009
	4463	0.499476
	4464	0.000662
	4465	0.000124
	4466	-0.000082
	4467	-0.000142
	4468	-0.000080
	4469	-0.000015
	4470	0.459715
	4471	0.000764
	4472	0.000239
	4473	0.000050
	4474	-0.000025
	4475	-0.000022
	4476	-0.000006
	4477	0.636094
	4478	0.001011
	4479	0.000248
	4480	-0.000017
	4481	-0.000091
	4482	-0.000049
	4483	-0.000009
	4484	0.487103
	4485	0.000686
	4486	0.000146
	4487	-0.000070
	4488	-0.000137
	4489	-0.000079
	4490	-0.000016
	4491	0.446206
	4492	0.000790
	4493	0.000268
	4494	0.000069
	4495	-0.000017
	4496	-0.000020
	4497	-0.000005
	4498	0.617591
	4499	0.001043
	4500	0.000284
	4501	0.000006
	4502	-0.000081
	4503	-0.000047
	4504	-0.000009
	4505	0.472642
	4506	0.000705
	4507	0.000168
	4508	-0.000058
	4509	-0.000133
	4510	-0.000079
	4511	-0.000016
	4512	0.430605
	4513	0.000810
	4514	0.000298
	4515	0.000089
	4516	-0.000009
	4517	-0.000018
	4518	-0.000005
	4519	0.596267
	4520	0.001067
	4521	0.000320
	4522	0.000030
	4523	-0.000071
	4524	-0.000044
	4525	-0.000009
	4526	0.456051
	4527	0.000717
	4528	0.000189
	4529	-0.000045
	4530	-0.000129
	4531	-0.000078
	4532	-0.000017
	4533	0.412874
	4534	0.000823
	4535	0.000327
	4536	0.000110
	4537	-0.000000
	4538	-0.000016
	4539	-0.000005
	4540	0.572081
	4541	0.001081
	4542	0.000355
	4543	0.000055
	4544	-0.000061
	4545	-0.000042
	4546	-0.000009
	4547	0.437311
	4548	0.000722
	4549	0.000210
	4550	-0.000031
	4551	-0.000125
	4552	-0.000078
	4553	-0.000017
	4554	0.393012
	4555	0.000827
	4556	0.000356
	4557	0.000134
	4558	0.000009
	4559	-0.000014
	4560	-0.000005
	4561	0.545044
	4562	0.001083
	4563	0.000389
	4564	0.000082
	4565	-0.000051
	4566	-0.000039
	4567	-0.000009
	4568	0.416446
	4569	0.000717
	4570	0.000228
	4571	-0.000018
	4572	-0.000122
	4573	-0.000078
	4574	-0.000018
	4575	0.371070
	4576	0.000822
	4577	0.000384
	4578	0.000159
	4579	0.000018
	4580	-0.000012
	4581	-0.000005
	4582	0.515242
	4583	0.001069
	4584	0.000420
	4585	0.000110
	4586	-0.000040
	4587	-0.000037
	4588	-0.000009
	4589	0.393539
	4590	0.000701
	4591	0.000244
	4592	-0.000004
	4593	-0.000118
	4594	-0.000078
	4595	-0.000019
	4596	0.347177
	4597	0.000805
	4598	0.000409
	4599	0.000187
	4600	0.000029
	4601	-0.000010
	4602	-0.000005
	4603	0.482867
	4604	0.001040
	4605	0.000447
	4606	0.000140
	4607	-0.000029
	4608	-0.000035
	4609	-0.000009
	4610	0.368762
	4611	0.000673
	4612	0.000255
	4613	0.000011
	4614	-0.000114
	4615	-0.000079
	4616	-0.000020
	4617	0.321556
	4618	0.000775
	4619	0.000430
	4620	0.000218
	4621	0.000040
	4622	-0.000008
	4623	-0.000005
	4624	0.448248
	4625	0.000992
	4626	0.000467
	4627	0.000172
	4628	-0.000017
	4629	-0.000032
	4630	-0.000009
	4631	0.342389
	4632	0.000632
	4633	0.000260
	4634	0.000025
	4635	-0.000110
	4636	-0.000079
	4637	-0.000021
	4638	0.294555
	4639	0.000732
	4640	0.000444
	4641	0.000252
	4642	0.000054
	4643	-0.000005
	4644	-0.000005
	4645	0.411883
	4646	0.000925
	4647	0.000476
	4648	0.000205
	4649	-0.000003
	4650	-0.000030
	4651	-0.000009
	4652	0.314827
	4653	0.000577
	4654	0.000256
	4655	0.000038
	4656	-0.000105
	4657	-0.000079
	4658	-0.000023
	4659	0.266658
	4660	0.000674
	4661	0.000449
	4662	0.000288
	4663	0.000069
	4664	-0.000003
	4665	-0.000005
	4666	0.374452
	4667	0.000841
	4668	0.000474
	4669	0.000239
	4670	0.000012
	4671	-0.000027
	4672	-0.000010
	4673	0.286612
	4674	0.000511
	4675	0.000244
	4676	0.000051
	4677	-0.000100
	4678	-0.000079
	4679	-0.000024
	4680	0.238488
	4681	0.000605
	4682	0.000442
	4683	0.000325
	4684	0.000088
	4685	0.000000
	4686	-0.000005
	4687	0.336801
	4688	0.000744
	4689	0.000459
	4690	0.000275
	4691	0.000030
	4692	-0.000024
	4693	-0.000010
	4694	0.258387
	4695	0.000439
	4696	0.000224
	4697	0.000063
	4698	-0.000091
	4699	-0.000078
	4700	-0.000026
	4701	0.210759
	4702	0.000528
	4703	0.000423
	4704	0.000365
	4705	0.000112
	4706	0.000004
	4707	-0.000005
	4708	0.299843
	4709	0.000645
	4710	0.000436
	4711	0.000317
	4712	0.000055
	4713	-0.000019
	4714	-0.000010
	4715	0.230787
	4716	0.000370
	4717	0.000204
	4718	0.000083
	4719	-0.000076
	4720	-0.000075
	4721	-0.000027
	4722	0.184166
	4723	0.000451
	4724	0.000396
	4725	0.000410
	4726	0.000146
	4727	0.000010
	4728	-0.000004
	4729	0.264330
	4730	0.000554
	4731	0.000418
	4732	0.000380
	4733	0.000099
	4734	-0.000011
	4735	-0.000009
	4736	0.204215
	4737	0.000316
	4738	0.000198
	4739	0.000127
	4740	-0.000044
	4741	-0.000067
	4742	-0.000028
	4743	0.159118
	4744	0.000382
	4745	0.000371
	4746	0.000469
	4747	0.000200
	4748	0.000021
	4749	-0.000003
	4750	0.230378
	4751	0.000488
	4752	0.000424
	4753	0.000499
	4754	0.000187
	4755	0.000007
	4756	-0.000008
	4757	0.178427
	4758	0.000289
	4759	0.000225
	4760	0.000232
	4761	0.000032
	4762	-0.000049
	4763	-0.000027
	4764	0.135551
	4765	0.000329
	4766	0.000360
	4767	0.000566
	4768	0.000302
	4769	0.000042
	4770	-0.000001
	4771	0.197234
	4772	0.000454
	4773	0.000471
	4774	0.000725
	4775	0.000374
	4776	0.000046
	4777	-0.000003
	4778	0.152433
	4779	0.000290
	4780	0.000294
	4781	0.000442
	4782	0.000196
	4783	-0.000011
	4784	-0.000022
	4785	0.112383
	4786	0.000292
	4787	0.000366
	4788	0.000720
	4789	0.000497
	4790	0.000086
	4791	0.000005
	4792	0.162788
	4793	0.000440
	4794	0.000548
	4795	0.001082
	4796	0.000748
	4797	0.000130
	4798	0.000008
	4799	0.124386
	4800	0.000304
	4801	0.000387
	4802	0.000771
	4803	0.000521
	4804	0.000068
	4805	-0.000009
	4806	0.089529
	4807	0.000267
	4808	0.000386
	4809	0.000929
	4810	0.000827
	4811	0.000169
	4812	0.000018
	4813	0.127308
	4814	0.000425
	4815	0.000620
	4816	0.001502
	4817	0.001342
	4818	0.000278
	4819	0.000031
	4820	0.095056
	4821	0.000305
	4822	0.000459
	4823	0.001123
	4824	0.001001
	4825	0.000193
	4826	0.000013
	4827	0.064242
	4828	0.000220
	4829	0.000352
	4830	0.001039
	4831	0.001307
	4832	0.000333
	4833	0.000043
	4834	0.087801
	4835	0.000355
	4836	0.000576
	4837	0.001715
	4838	0.002183
	4839	0.000567
	4840	0.000079
	4841	0.062859
	4842	0.000260
	4843	0.000434
	4844	0.001299
	4845	0.001660
	4846	0.000430
	4847	0.000060
	4848	0.046639
	4849	0.000204
	4850	0.000392
	4851	0.001246
	4852	0.001570
	4853	0.000403
	4854	0.000065
	4855	0.061227
	4856	0.000320
	4857	0.000618
	4858	0.001968
	4859	0.002466
	4860	0.000632
	4861	0.000102
	4862	0.042192
	4863	0.000233
	4864	0.000458
	4865	0.001448
	4866	0.001793
	4867	0.000462
	4868	0.000078
	4869	0.027727
	4870	0.000157
	4871	0.000357
	4872	0.001274
	4873	0.001616
	4874	0.000393
	4875	0.000059
	4876	0.033710
	4877	0.000236
	4878	0.000542
	4879	0.001942
	4880	0.002487
	4881	0.000613
	4882	0.000098
	4883	0.021493
	4884	0.000174
	4885	0.000399
	4886	0.001396
	4887	0.001766
	4888	0.000441
	4889	0.000078
	4890	0.011471
	4891	0.000063
	4892	0.000124
	4893	0.000531
	4894	0.001393
	4895	0.000785
	4896	0.000187
	4897	0.012786
	4898	0.000088
	4899	0.000174
	4900	0.000745
	4901	0.001960
	4902	0.001117
	4903	0.000271
	4904	0.007469
	4905	0.000074
	4906	0.000140
	4907	0.000545
	4908	0.001346
	4909	0.000741
	4910	0.000184
	4911	0.003509
	4912	0.000014
	4913	0.000019
	4914	0.000073
	4915	0.000333
	4916	0.000694
	4917	0.000450
	4918	0.003743
	4919	0.000021
	4920	0.000028
	4921	0.000104
	4922	0.000473
	4923	0.000989
	4924	0.000648
	4925	0.002034
	4926	0.000028
	4927	0.000036
	4928	0.000114
	4929	0.000426
	4930	0.000793
	4931	0.000478
	4932	0.000842
	4933	0.000004
	4934	0.000004
	4935	0.000010
	4936	0.000043
	4937	0.000160
	4938	0.000326
	4939	0.000654
	4940	0.000005
	4941	0.000004
	4942	0.000011
	4943	0.000048
	4944	0.000177
	4945	0.000361
	4946	0.000180
	4947	0.000007
	4948	0.000006
	4949	0.000014
	4950	0.000041
	4951	0.000118
	4952	0.000207
	4953	-1.428983
	4954	-0.000183
	4955	-0.000018
	4956	0.000025
	4957	0.000038
	4958	0.000026
	4959	0.000014
	4960	-1.472046
	4961	-0.000554
	4962	-0.000080
	4963	0.000072
	4964	0.000119
	4965	0.000077
	4966	0.000040
	4967	-1.454009
	4968	-0.000608
	4969	-0.000116
	4970	0.000046
	4971	0.000101
	4972	0.000066
	4973	0.000034
	4974	-1.430604
	4975	-0.000650
	4976	-0.000145
	4977	0.000028
	4978	0.000093
	4979	0.000064
	4980	0.000034
	4981	-1.402074
	4982	-0.000689
	4983	-0.000173
	4984	0.000011
	4985	0.000085
	4986	0.000062
	4987	0.000034
	4988	-1.367583
	4989	-0.000723
	4990	-0.000201
	4991	-0.000006
	4992	0.000078
	4993	0.000061
	4994	0.000035
	4995	-1.327464
	4996	-0.000754
	4997	-0.000228
	4998	-0.000023
	4999	0.000072
	5000	0.000060
	5001	0.000036
	5002	-1.281747
	5003	-0.000779
	5004	-0.000256
	5005	-0.000040
	5006	0.000065
	5007	0.000059
	5008	0.000037
	5009	-1.230484
	5010	-0.000800
	5011	-0.000285
	5012	-0.000059
	5013	0.000059
	5014	0.000058
	5015	0.000038
	5016	-1.173756
	5017	-0.000813
	5018	-0.000314
	5019	-0.000079
	5020	0.000053
	5021	0.000058
	5022	0.000040
	5023	-1.111734
	5024	-0.000819
	5025	-0.000342
	5026	-0.000100
	5027	0.000046
	5028	0.000058
	5029	0.000042
	5030	-1.044726
	5031	-0.000816
	5032	-0.000370
	5033	-0.000124
	5034	0.000039
	5035	0.000058
	5036	0.000044
	5037	-0.973228
	5038	-0.000801
	5039	-0.000395
	5040	-0.000151
	5041	0.000032
	5042	0.000059
	5043	0.000047
	5044	-0.897975
	5045	-0.000773
	5046	-0.000416
	5047	-0.000180
	5048	0.000023
	5049	0.000059
	5050	0.000050
	5051	-0.819983
	5052	-0.000732
	5053	-0.000431
	5054	-0.000213
	5055	0.000013
	5056	0.000060
	5057	0.000053
	5058	-0.740572
	5059	-0.000676
	5060	-0.000435
	5061	-0.000249
	5062	-0.000000
	5063	0.000061
	5064	0.000057
	5065	-0.661359
	5066	-0.000609
	5067	-0.000428
	5068	-0.000287
	5069	-0.000016
	5070	0.000061
	5071	0.000061
	5072	-0.584139
	5073	-0.000534
	5074	-0.000406
	5075	-0.000329
	5076	-0.000039
	5077	0.000060
	5078	0.000065
	5079	-0.510611
	5080	-0.000457
	5081	-0.000376
	5082	-0.000374
	5083	-0.000072
	5084	0.000057
	5085	0.000069
	5086	-0.441787
	5087	-0.000388
	5088	-0.000344
	5089	-0.000430
	5090	-0.000126
	5091	0.000049
	5092	0.000071
	5093	-0.377360
	5094	-0.000337
	5095	-0.000328
	5096	-0.000519
	5097	-0.000225
	5098	0.000030
	5099	0.000070
	5100	-0.314899
	5101	-0.000306
	5102	-0.000337
	5103	-0.000665
	5104	-0.000410
	5105	-0.000011
	5106	0.000061
	5107	-0.252269
	5108	-0.000292
	5109	-0.000369
	5110	-0.000875
	5111	-0.000738
	5112	-0.000093
	5113	0.000039
	5114	-0.186754
	5115	-0.000270
	5116	-0.000386
	5117	-0.001071
	5118	-0.001204
	5119	-0.000228
	5120	0.000003
	5121	-0.127318
	5122	-0.000249
	5123	-0.000392
	5124	-0.001136
	5125	-0.001639
	5126	-0.000425
	5127	-0.000066
	5128	-0.081736
	5129	-0.000250
	5130	-0.000456
	5131	-0.001404
	5132	-0.001652
	5133	-0.000367
	5134	-0.000076
	5135	-0.038372
	5136	-0.000187
	5137	-0.000311
	5138	-0.000947
	5139	-0.001654
	5140	-0.000552
	5141	-0.000154
	5142	-0.012851
	5143	-0.000104
	5144	-0.000157
	5145	-0.000356
	5146	-0.000787
	5147	-0.000774
	5148	-0.000361
	5149	-0.003127
	5150	-0.000060
	5151	-0.000069
	5152	-0.000172
	5153	-0.000316
	5154	-0.000410
	5155	-0.000417
	5156	-0.911981
	5157	-0.000000
	5158	0.000000
	5159	0.000000
	5160	0.000000
	5161	0.000000
	5162	0.000000
	5163	0.001731
	5164	0.001293
	5165	0.000189
	5166	0.001482
	5167	0.001089
	5168	0.000314
	5169	0.000860
	5170	0.001043
	5171	0.000233
	5172	0.000725
	5173	0.000896
	5174	0.000210
	5175	0.000646
	5176	0.000825
	5177	0.000195
	5178	0.000595
	5179	0.000769
	5180	0.000184
	5181	0.000556
	5182	0.000724
	5183	0.000173
	5184	0.000522
	5185	0.000683
	5186	0.000164
	5187	0.000492
	5188	0.000645
	5189	0.000155
	5190	0.000463
	5191	0.000608
	5192	0.000146
	5193	0.000436
	5194	0.000572
	5195	0.000138
	5196	0.000409
	5197	0.000536
	5198	0.000129
	5199	0.000382
	5200	0.000501
	5201	0.000120
	5202	0.000356
	5203	0.000465
	5204	0.000112
	5205	0.000329
	5206	0.000429
	5207	0.000103
	5208	0.000302
	5209	0.000394
	5210	0.000094
	5211	0.000275
	5212	0.000357
	5213	0.000086
	5214	0.000248
	5215	0.000321
	5216	0.000077
	5217	0.000221
	5218	0.000284
	5219	0.000068
	5220	0.000194
	5221	0.000247
	5222	0.000059
	5223	0.000167
	5224	0.000211
	5225	0.000050
	5226	0.000140
	5227	0.000175
	5228	0.000041
	5229	0.000114
	5230	0.000141
	5231	0.000032
	5232	0.000089
	5233	0.000109
	5234	0.000025
	5235	0.000068
	5236	0.000081
	5237	0.000017
	5238	0.000046
	5239	0.000057
	5240	0.000014
	5241	0.000038
	5242	0.000049
	5243	0.000012
	5244	0.000033
	5245	0.000040
	5246	0.000009
	5247	0.000022
	5248	0.000020
	5249	0.000002
	5250	0.000005
	5251	0.000002
	5252	0.000000
	5253	-0.001194
	5254	-0.000936
	5255	-0.000345
	5256	-0.001829
	5257	-0.001409
	5258	-0.001027
	5259	-0.001655
	5260	-0.002107
	5261	-0.001189
	5262	-0.001784
	5263	-0.002314
	5264	-0.001374
	5265	-0.001906
	5266	-0.002553
	5267	-0.001530
	5268	-0.002017
	5269	-0.002735
	5270	-0.001651
	5271	-0.002104
	5272	-0.002876
	5273	-0.001743
	5274	-0.002167
	5275	-0.002974
	5276	-0.001807
	5277	-0.002205
	5278	-0.003034
	5279	-0.001846
	5280	-0.002220
	5281	-0.003058
	5282	-0.001861
	5283	-0.002213
	5284	-0.003048
	5285	-0.001855
	5286	-0.002184
	5287	-0.003007
	5288	-0.001829
	5289	-0.002135
	5290	-0.002936
	5291	-0.001786
	5292	-0.002069
	5293	-0.002840
	5294	-0.001725
	5295	-0.001985
	5296	-0.002718
	5297	-0.001650
	5298	-0.001885
	5299	-0.002575
	5300	-0.001561
	5301	-0.001772
	5302	-0.002412
	5303	-0.001460
	5304	-0.001646
	5305	-0.002230
	5306	-0.001347
	5307	-0.001508
	5308	-0.002033
	5309	-0.001225
	5310	-0.001361
	5311	-0.001822
	5312	-0.001094
	5313	-0.001205
	5314	-0.001600
	5315	-0.000955
	5316	-0.001044
	5317	-0.001372
	5318	-0.000812
	5319	-0.000882
	5320	-0.001142
	5321	-0.000667
	5322	-0.000721
	5323	-0.000923
	5324	-0.000535
	5325	-0.000576
	5326	-0.000712
	5327	-0.000388
	5328	-0.000431
	5329	-0.000559
	5330	-0.000339
	5331	-0.000367
	5332	-0.000499
	5333	-0.000298
	5334	-0.000321
	5335	-0.000408
	5336	-0.000218
	5337	-0.000230
	5338	-0.000217
	5339	-0.000066
	5340	-0.000046
	5341	-0.000019
	5342	-0.000002
	5343	0.001947
	5344	0.003097
	5345	0.003467
	5346	0.003770
	5347	0.004029
	5348	0.004232
	5349	0.004376
	5350	0.004464
	5351	0.004499
	5352	0.004486
	5353	0.004426
	5354	0.004325
	5355	0.004184
	5356	0.004009
	5357	0.003803
	5358	0.003570
	5359	0.003313
	5360	0.003037
	5361	0.002744
	5362	0.002439
	5363	0.002124
	5364	0.001809
	5365	0.001490
	5366	0.001213
	5367	0.000874
	5368	0.000779
	5369	0.000705
	5370	0.000568
	5371	0.000172
	5372	0.002014
	5373	-0.000035
	5374	-0.000030
	5375	-0.000037
	5376	-0.001227
	5377	-0.001886
	5378	-0.001477
	5379	-0.001661
	5380	-0.002550
	5381	-0.001985
	5382	-0.002020
	5383	-0.002900
	5384	-0.002215
	5385	-0.002212
	5386	-0.003129
	5387	-0.002377
	5388	-0.002407
	5389	-0.003354
	5390	-0.002538
	5391	-0.002579
	5392	-0.003560
	5393	-0.002687
	5394	-0.002741
	5395	-0.003755
	5396	-0.002830
	5397	-0.002892
	5398	-0.003939
	5399	-0.002966
	5400	-0.003034
	5401	-0.004111
	5402	-0.003093
	5403	-0.003165
	5404	-0.004270
	5405	-0.003212
	5406	-0.003286
	5407	-0.004414
	5408	-0.003320
	5409	-0.003396
	5410	-0.004544
	5411	-0.003418
	5412	-0.003495
	5413	-0.004658
	5414	-0.003505
	5415	-0.003583
	5416	-0.004755
	5417	-0.003581
	5418	-0.003660
	5419	-0.004837
	5420	-0.003645
	5421	-0.003726
	5422	-0.004901
	5423	-0.003696
	5424	-0.003781
	5425	-0.004950
	5426	-0.003734
	5427	-0.003824
	5428	-0.004982
	5429	-0.003759
	5430	-0.003855
	5431	-0.004996
	5432	-0.003765
	5433	-0.003868
	5434	-0.004989
	5435	-0.003750
	5436	-0.003850
	5437	-0.004939
	5438	-0.003697
	5439	-0.003806
	5440	-0.004861
	5441	-0.003617
	5442	-0.003640
	5443	-0.004601
	5444	-0.003394
	5445	-0.003571
	5446	-0.004527
	5447	-0.003330
	5448	-0.002716
	5449	-0.003257
	5450	-0.002305
	5451	-0.001920
	5452	-0.002329
	5453	-0.001659
	5454	-0.001995
	5455	-0.002313
	5456	-0.001606
	5457	-0.001830
	5458	-0.001803
	5459	-0.001169
	5460	-0.000749
	5461	-0.000406
	5462	-0.000162
	5463	0.001011
	5464	0.006119
	5465	0.007657
	5466	0.008823
	5467	0.009768
	5468	0.010623
	5469	0.011390
	5470	0.012084
	5471	0.012710
	5472	0.013269
	5473	0.013761
	5474	0.014188
	5475	0.014549
	5476	0.014844
	5477	0.015073
	5478	0.015238
	5479	0.015338
	5480	0.015373
	5481	0.015337
	5482	0.015221
	5483	0.014993
	5484	0.014642
	5485	0.014021
	5486	0.013376
	5487	0.011559
	5488	0.008416
	5489	0.007085
	5490	0.006575
	5491	0.003766
	5492	0.000005
	5493	0.103376
	5494	0.453372
	5495	0.489613
	5496	0.527422
	5497	0.558898
	5498	0.585862
	5499	0.609502
	5500	0.630921
	5501	0.650749
	5502	0.669399
	5503	0.687097
	5504	0.703918
	5505	0.719768
	5506	0.734379
	5507	0.747290
	5508	0.757919
	5509	0.765893
	5510	0.772125
	5511	0.781798
	5512	0.811476
	5513	0.901705
	5514	1.128389
	5515	1.581866
	5516	2.287691
	5517	3.100574
	5518	3.635998
	5519	3.605576
	5520	2.885914
	5521	1.406500
	5522	0.345568
	5523	0.000000
	5524	4.704293
	5525	3.257862
