	0.000000
	0.000000
	0.000000
	0.000000
	0.000000
	0.000000
	0.000000
	0.000000
	0.000000
	0.000000
	0.000000
	0.000000
	0.000000
	0.000000
	0.000000
	0.000000
	0.000000
	0.000000
	0.000000
	0.000000
	0.000000
	0.000000
	0.000000
	0.000000
	0.000000
	0.000000
	0.000000
	0.000000
	0.000000
	0.000000
	0.000000
	0.000000
	0.000000
	0.000000
	0.000000
	0.000000
	0.000000
	0.000000
	0.000000
	0.000000
	0.000000
	0.000000
	0.000000
	0.000000
	0.000000
	0.000000
	0.000000
	0.000000
	0.000000
	0.000000
	0.000000
	0.000000
	0.000000
	0.000000
	0.000000
	0.000000
	0.000000
	0.000000
	0.000000
	0.000000
	0.000000
	0.000000
	0.000000
	0.000000
	0.000000
	0.000000
	0.000000
	0.000000
	0.000000
	0.000000
	0.000000
	0.000000
	0.000000
	0.000000
	0.000000
	0.000000
	0.000000
	0.000000
	0.000000
	0.000000
	0.000000
	0.000000
	0.000000
	0.000000
	0.000000
	0.000000
	0.000000
	0.000000
	0.000000
	0.000000
	0.000000
	0.000000
	0.000000
	0.000000
	0.000000
	0.000000
	0.000000
	0.000000
	0.000000
	0.000000
	0.000000
	0.000000
	0.000000
	0.000000
	0.000000
	0.000000
	0.000000
	0.000000
	0.000000
	0.000000
	0.000000
	0.000000
	0.000000
	0.000000
	0.000000
	0.000000
	0.000000
	0.000000
	0.000000
	0.000000
	0.000476
	-0.172971
	-0.175027
	-0.090385
	-0.032801
	-0.009210
	-0.001416
	0.001677
	-0.234625
	-0.424428
	-0.412918
	-0.264081
	-0.119167
	-0.023777
	0.002430
	-0.242802
	-0.465573
	-0.522849
	-0.390530
	-0.197247
	-0.041400
	0.002605
	-0.280940
	-0.497026
	-0.509451
	-0.357706
	-0.174450
	-0.037317
	0.003025
	-0.304311
	-0.517031
	-0.487473
	-0.312977
	-0.142808
	-0.029509
	0.003321
	-0.299759
	-0.512296
	-0.483350
	-0.308634
	-0.139670
	-0.028559
	0.003476
	-0.299625
	-0.515592
	-0.487947
	-0.311825
	-0.141183
	-0.028900
	0.004009
	-0.300423
	-0.528023
	-0.508129
	-0.327579
	-0.148777
	-0.030487
	0.004432
	-0.301769
	-0.538914
	-0.525851
	-0.341888
	-0.155836
	-0.031963
	0.004597
	-0.306813
	-0.543057
	-0.524780
	-0.338529
	-0.153405
	-0.031560
	0.005142
	-0.309844
	-0.553082
	-0.533498
	-0.341423
	-0.153436
	-0.031421
	0.005577
	-0.309449
	-0.561477
	-0.548151
	-0.352595
	-0.158552
	-0.032433
	0.005754
	-0.313801
	-0.565463
	-0.547778
	-0.350111
	-0.156666
	-0.032135
	0.006347
	-0.316014
	-0.576414
	-0.559661
	-0.355955
	-0.158245
	-0.032337
	0.006823
	-0.315415
	-0.586026
	-0.577193
	-0.369549
	-0.164506
	-0.033591
	0.007014
	-0.320488
	-0.590617
	-0.576414
	-0.366337
	-0.162187
	-0.033221
	0.007652
	-0.322567
	-0.602318
	-0.589109
	-0.372222
	-0.163560
	-0.033358
	0.008170
	-0.321323
	-0.612428
	-0.608809
	-0.387588
	-0.170559
	-0.034754
	0.008375
	-0.326956
	-0.617625
	-0.607783
	-0.383822
	-0.167922
	-0.034335
	0.009065
	-0.328655
	-0.630181
	-0.622007
	-0.390424
	-0.169436
	-0.034484
	0.009629
	-0.326648
	-0.640900
	-0.644563
	-0.408195
	-0.177462
	-0.036081
	0.009851
	-0.333010
	-0.646887
	-0.643166
	-0.403660
	-0.174393
	-0.035595
	0.010597
	-0.334222
	-0.660312
	-0.659049
	-0.410953
	-0.175980
	-0.035736
	0.011212
	-0.331205
	-0.671512
	-0.684993
	-0.431648
	-0.185239
	-0.037575
	0.011452
	-0.338433
	-0.678496
	-0.683129
	-0.426144
	-0.181640
	-0.037006
	0.012259
	-0.338980
	-0.692776
	-0.700957
	-0.434252
	-0.183306
	-0.037135
	0.012932
	-0.334646
	-0.704263
	-0.731012
	-0.458612
	-0.194100
	-0.039275
	0.013190
	-0.342929
	-0.712538
	-0.728546
	-0.451852
	-0.189833
	-0.038602
	0.014063
	-0.342590
	-0.727597
	-0.748618
	-0.460881
	-0.191556
	-0.038709
	0.014801
	-0.336539
	-0.738994
	-0.783665
	-0.489877
	-0.204277
	-0.041225
	0.015080
	-0.346112
	-0.748972
	-0.780424
	-0.481471
	-0.199160
	-0.040420
	0.016024
	-0.344607
	-0.764630
	-0.803075
	-0.491536
	-0.200902
	-0.040489
	0.016833
	-0.336318
	-0.775287
	-0.844180
	-0.526467
	-0.216077
	-0.043484
	0.017134
	-0.347474
	-0.787550
	-0.839956
	-0.515875
	-0.209860
	-0.042509
	0.018153
	-0.344460
	-0.803468
	-0.865526
	-0.527075
	-0.211555
	-0.042515
	0.019043
	-0.333264
	-0.812281
	-0.913937
	-0.569695
	-0.229891
	-0.046127
	0.019367
	-0.346364
	-0.827666
	-0.908487
	-0.556164
	-0.222238
	-0.044930
	0.020464
	-0.341430
	-0.843257
	-0.937275
	-0.568555
	-0.223765
	-0.044835
	0.021443
	-0.326483
	-0.848415
	-0.994345
	-0.621236
	-0.246227
	-0.049251
	0.021791
	-0.341954
	-0.868117
	-0.987429
	-0.603709
	-0.236672
	-0.047762
	0.022967
	-0.334635
	-0.882429
	-1.019591
	-0.617243
	-0.237828
	-0.047506
	0.024042
	-0.314914
	-0.881038
	-1.086537
	-0.683179
	-0.265730
	-0.052983
	0.024415
	-0.333222
	-0.906740
	-1.078009
	-0.660175
	-0.253631
	-0.051105
	0.025666
	-0.323040
	-0.918323
	-1.113370
	-0.674591
	-0.254076
	-0.050593
	0.026843
	-0.297382
	-0.905923
	-1.190679
	-0.758001
	-0.289204
	-0.057484
	0.027241
	-0.318958
	-0.939899
	-1.180703
	-0.727475
	-0.273678
	-0.055082
	0.028556
	-0.305505
	-0.946682
	-1.218435
	-0.742118
	-0.272860
	-0.054170
	0.029835
	-0.272757
	-0.916778
	-1.304597
	-0.848308
	-0.317583
	-0.062948
	0.030257
	-0.297830
	-0.961824
	-1.294065
	-0.807529
	-0.297435
	-0.059840
	0.031614
	-0.280909
	-0.961094
	-1.332176
	-0.821061
	-0.294490
	-0.058311
	0.032983
	-0.240269
	-0.905110
	-1.421315
	-0.955999
	-0.351793
	-0.069588
	0.033424
	-0.268563
	-0.964000
	-1.412539
	-0.901586
	-0.325472
	-0.065537
	0.034790
	-0.248379
	-0.952625
	-1.447139
	-0.911577
	-0.319111
	-0.063076
	0.036214
	-0.199993
	-0.861124
	-1.525370
	-1.080222
	-0.392331
	-0.077578
	0.036666
	-0.230310
	-0.935110
	-1.522822
	-1.008636
	-0.358001
	-0.072288
	0.037986
	-0.207628
	-0.910096
	-1.547226
	-1.011094
	-0.346457
	-0.068482
	0.039397
	-0.153386
	-0.776457
	-1.589018
	-1.213311
	-0.438348
	-0.086905
	0.039842
	-0.183290
	-0.862654
	-1.599093
	-1.122135
	-0.394177
	-0.080058
	0.041041
	-0.159437
	-0.822003
	-1.602709
	-1.110726
	-0.375166
	-0.074399
	0.042327
	-0.103570
	-0.648790
	-1.571851
	-1.333626
	-0.485608
	-0.097028
	0.042733
	-0.129486
	-0.737259
	-1.599540
	-1.224303
	-0.430742
	-0.088410
	0.043713
	-0.105976
	-0.680378
	-1.567295
	-1.190261
	-0.401987
	-0.080455
	0.044725
	-0.054687
	-0.485193
	-1.429746
	-1.399283
	-0.524492
	-0.106544
	0.045039
	-0.073302
	-0.560534
	-1.471485
	-1.278002
	-0.459557
	-0.096071
	0.045665
	-0.051714
	-0.489875
	-1.384278
	-1.204633
	-0.416921
	-0.085110
	0.046239
	-0.011301
	-0.304295
	-1.136152
	-1.338272
	-0.532331
	-0.111524
	0.046394
	-0.020409
	-0.348772
	-1.170063
	-1.219637
	-0.463753
	-0.100064
	0.046540
	-0.001226
	-0.265862
	-1.008339
	-1.091680
	-0.407454
	-0.086677
	0.046569
	0.024394
	-0.122928
	-0.693600
	-1.079558
	-0.487208
	-0.108639
	0.046502
	0.022742
	-0.136192
	-0.700227
	-0.964743
	-0.414264
	-0.095310
	0.045996
	0.037429
	-0.057755
	-0.480506
	-0.735582
	-0.320428
	-0.074386
	0.045406
	0.049171
	0.026605
	-0.194079
	-0.544561
	-0.314691
	-0.080204
	0.045092
	0.052811
	0.045108
	-0.132002
	-0.437591
	-0.262661
	-0.070708
	0.043880
	0.061621
	0.112517
	0.147267
	-0.066676
	-0.135810
	-0.048490
	0.042681
	0.060836
	0.130793
	0.310193
	0.320812
	0.024872
	-0.025894
	0.042119
	0.069732
	0.174297
	0.423494
	0.409008
	0.066447
	-0.011450
	0.040639
	0.090103
	0.289130
	0.747959
	0.652161
	0.144850
	0.011978
	0.039618
	0.094780
	0.328959
	0.920975
	0.878990
	0.220736
	0.026191
	0.039163
	0.097824
	0.349828
	0.997828
	0.970467
	0.252745
	0.032702
	0.037530
	0.094493
	0.356511
	1.155459
	1.401737
	0.435904
	0.066029
	0.036018
	0.083836
	0.315554
	1.145391
	1.827067
	0.718968
	0.122145
	0.035245
	0.078053
	0.289914
	1.101830
	2.013348
	0.904054
	0.162412
	0.032353
	0.058574
	0.195872
	0.825488
	2.323963
	1.850277
	0.431351
	0.029952
	0.046009
	0.132533
	0.565230
	2.037248
	2.678900
	0.854209
	0.028854
	0.041415
	0.109692
	0.460323
	1.796077
	2.952674
	1.127619
	0.025367
	0.030652
	0.059823
	0.217243
	0.961147
	2.746063
	2.081866
	0.022915
	0.025675
	0.040913
	0.124379
	0.547849
	1.980681
	2.446124
	0.021886
	0.024003
	0.035664
	0.099677
	0.429553
	1.645672
	2.424439
	0.018846
	0.019865
	0.025406
	0.055884
	0.217305
	0.917478
	2.026300
	0.016848
	0.017519
	0.021123
	0.040872
	0.146001
	0.627376
	1.658536
	-0.122847
	-0.105458
	-0.055957
	-0.022272
	-0.007240
	-0.001929
	-0.000285
	-0.124585
	-0.190277
	-0.181981
	-0.120916
	-0.062277
	-0.025113
	-0.004687
	-0.126039
	-0.188741
	-0.204967
	-0.162006
	-0.095995
	-0.042237
	-0.008142
	-0.126740
	-0.203208
	-0.204340
	-0.149418
	-0.085100
	-0.036760
	-0.007300
	-0.129046
	-0.209151
	-0.198654
	-0.133987
	-0.071124
	-0.029318
	-0.005707
	-0.130756
	-0.209366
	-0.198086
	-0.132961
	-0.070025
	-0.028624
	-0.005518
	-0.131503
	-0.211618
	-0.200842
	-0.134737
	-0.070877
	-0.028959
	-0.005586
	-0.133899
	-0.218253
	-0.210206
	-0.142118
	-0.074894
	-0.030578
	-0.005894
	-0.135671
	-0.223537
	-0.217921
	-0.148479
	-0.078498
	-0.032066
	-0.006178
	-0.136466
	-0.225539
	-0.218038
	-0.147379
	-0.077474
	-0.031512
	-0.006096
	-0.139014
	-0.231383
	-0.223484
	-0.149833
	-0.077975
	-0.031456
	-0.006062
	-0.140891
	-0.236381
	-0.230645
	-0.155328
	-0.080807
	-0.032531
	-0.006255
	-0.141730
	-0.238518
	-0.231119
	-0.154611
	-0.080045
	-0.032104
	-0.006195
	-0.144414
	-0.245149
	-0.238131
	-0.158446
	-0.081348
	-0.032389
	-0.006228
	-0.146386
	-0.250866
	-0.246696
	-0.165123
	-0.084808
	-0.033705
	-0.006468
	-0.147269
	-0.253305
	-0.247065
	-0.164098
	-0.083827
	-0.033180
	-0.006394
	-0.150088
	-0.260614
	-0.254838
	-0.168203
	-0.085111
	-0.033414
	-0.006413
	-0.152153
	-0.266922
	-0.264681
	-0.175896
	-0.089042
	-0.034883
	-0.006680
	-0.153078
	-0.269709
	-0.265030
	-0.174635
	-0.087893
	-0.034288
	-0.006596
	-0.156024
	-0.277835
	-0.273948
	-0.179343
	-0.089344
	-0.034547
	-0.006617
	-0.158170
	-0.284847
	-0.285448
	-0.188394
	-0.093914
	-0.036230
	-0.006922
	-0.159132
	-0.288072
	-0.285734
	-0.186790
	-0.092531
	-0.035540
	-0.006824
	-0.162187
	-0.297112
	-0.295983
	-0.192165
	-0.094136
	-0.035807
	-0.006843
	-0.164395
	-0.304887
	-0.309516
	-0.202910
	-0.099494
	-0.037748
	-0.007193
	-0.165387
	-0.308661
	-0.309708
	-0.200854
	-0.097814
	-0.036941
	-0.007080
	-0.168517
	-0.318724
	-0.321578
	-0.207049
	-0.099603
	-0.037217
	-0.007095
	-0.170755
	-0.327316
	-0.337654
	-0.219962
	-0.105958
	-0.039478
	-0.007502
	-0.171762
	-0.331794
	-0.337703
	-0.217295
	-0.103891
	-0.038524
	-0.007368
	-0.174914
	-0.342981
	-0.351541
	-0.224484
	-0.105888
	-0.038803
	-0.007379
	-0.177130
	-0.352396
	-0.370814
	-0.240207
	-0.113520
	-0.041466
	-0.007856
	-0.178130
	-0.357794
	-0.370654
	-0.236701
	-0.110942
	-0.040326
	-0.007696
	-0.181220
	-0.370183
	-0.386891
	-0.245105
	-0.113173
	-0.040599
	-0.007699
	-0.183335
	-0.380341
	-0.410206
	-0.264525
	-0.122466
	-0.043774
	-0.008266
	-0.184291
	-0.386965
	-0.409750
	-0.259848
	-0.119202
	-0.042393
	-0.008073
	-0.187191
	-0.400575
	-0.428908
	-0.269741
	-0.121689
	-0.042645
	-0.008062
	-0.189084
	-0.411220
	-0.457337
	-0.294092
	-0.133176
	-0.046481
	-0.008745
	-0.189945
	-0.419514
	-0.456478
	-0.287761
	-0.128976
	-0.044786
	-0.008509
	-0.192464
	-0.434245
	-0.479166
	-0.299470
	-0.131732
	-0.044989
	-0.008478
	-0.193955
	-0.444802
	-0.514026
	-0.330493
	-0.146159
	-0.049690
	-0.009311
	-0.194642
	-0.455417
	-0.512655
	-0.321790
	-0.140663
	-0.047580
	-0.009019
	-0.196501
	-0.470949
	-0.539534
	-0.335694
	-0.143674
	-0.047691
	-0.008956
	-0.197335
	-0.480277
	-0.582323
	-0.375841
	-0.162097
	-0.053536
	-0.009987
	-0.197734
	-0.494162
	-0.580380
	-0.363700
	-0.154779
	-0.050870
	-0.009621
	-0.198539
	-0.509808
	-0.612059
	-0.380192
	-0.157976
	-0.050818
	-0.009508
	-0.198352
	-0.515813
	-0.664174
	-0.432889
	-0.181887
	-0.058189
	-0.010802
	-0.198304
	-0.534325
	-0.661792
	-0.415739
	-0.171984
	-0.054777
	-0.010338
	-0.197513
	-0.548813
	-0.698580
	-0.435137
	-0.175195
	-0.054445
	-0.010148
	-0.195818
	-0.547925
	-0.760559
	-0.505013
	-0.206675
	-0.063862
	-0.011795
	-0.195108
	-0.572879
	-0.758373
	-0.480604
	-0.193085
	-0.059439
	-0.011196
	-0.192015
	-0.584116
	-0.799779
	-0.502945
	-0.195953
	-0.058650
	-0.010890
	-0.188197
	-0.570759
	-0.869595
	-0.595795
	-0.237794
	-0.070782
	-0.013005
	-0.186554
	-0.604250
	-0.869318
	-0.561091
	-0.218975
	-0.065005
	-0.012229
	-0.180313
	-0.609145
	-0.913158
	-0.585712
	-0.220839
	-0.063493
	-0.011749
	-0.173681
	-0.575726
	-0.983078
	-0.707551
	-0.276471
	-0.079139
	-0.014469
	-0.170798
	-0.619349
	-0.988264
	-0.658970
	-0.250420
	-0.071584
	-0.013461
	-0.160529
	-0.613910
	-1.029291
	-0.683791
	-0.250167
	-0.068989
	-0.012732
	-0.150465
	-0.552335
	-1.081643
	-0.837785
	-0.323009
	-0.088918
	-0.016198
	-0.146073
	-0.605450
	-1.097851
	-0.772189
	-0.287451
	-0.079138
	-0.014898
	-0.131110
	-0.585402
	-1.125964
	-0.792338
	-0.283286
	-0.074995
	-0.013829
	-0.117360
	-0.491243
	-1.130927
	-0.972011
	-0.374808
	-0.099534
	-0.018114
	-0.111350
	-0.548433
	-1.163310
	-0.889215
	-0.328076
	-0.087248
	-0.016483
	-0.091648
	-0.510250
	-1.162320
	-0.895645
	-0.317594
	-0.081110
	-0.014996
	-0.074680
	-0.388714
	-1.084869
	-1.075104
	-0.423833
	-0.109467
	-0.020003
	-0.067294
	-0.439549
	-1.131598
	-0.979492
	-0.365657
	-0.094664
	-0.018023
	-0.043938
	-0.382807
	-1.079734
	-0.953462
	-0.343976
	-0.085719
	-0.015995
	-0.025241
	-0.252193
	-0.902707
	-1.078755
	-0.448894
	-0.114534
	-0.021211
	-0.017180
	-0.282618
	-0.944697
	-0.983175
	-0.384887
	-0.098535
	-0.019044
	0.007523
	-0.208729
	-0.819229
	-0.902840
	-0.349379
	-0.087112
	-0.016612
	0.025723
	-0.094871
	-0.565971
	-0.903602
	-0.425809
	-0.111201
	-0.021272
	0.033369
	-0.102134
	-0.582606
	-0.810351
	-0.356240
	-0.093534
	-0.018732
	0.055866
	-0.026221
	-0.392405
	-0.626496
	-0.282624
	-0.074176
	-0.014929
	0.070881
	0.051266
	-0.141064
	-0.459748
	-0.280749
	-0.081190
	-0.016859
	0.077003
	0.069667
	-0.089591
	-0.370014
	-0.231840
	-0.069445
	-0.015159
	0.094332
	0.138988
	0.167035
	-0.035018
	-0.117060
	-0.047367
	-0.011732
	0.104405
	0.166432
	0.325134
	0.327609
	0.035815
	-0.023897
	-0.009526
	0.108232
	0.204254
	0.429677
	0.399277
	0.068114
	-0.009631
	-0.006185
	0.119711
	0.304273
	0.727067
	0.624374
	0.139915
	0.012744
	-0.000602
	0.126682
	0.344612
	0.894551
	0.846498
	0.215662
	0.027482
	0.001904
	0.129308
	0.365275
	0.970364
	0.933818
	0.245357
	0.033716
	0.003010
	0.135313
	0.381485
	1.132075
	1.359586
	0.428866
	0.068577
	0.008291
	0.136825
	0.354898
	1.136599
	1.780801
	0.711275
	0.127201
	0.017100
	0.136606
	0.336131
	1.101429
	1.964583
	0.898187
	0.169574
	0.023558
	0.132344
	0.261970
	0.856783
	2.278094
	1.835374
	0.451672
	0.069496
	0.126449
	0.208287
	0.617586
	2.014765
	2.655248
	0.890634
	0.150726
	0.123295
	0.187952
	0.519841
	1.786949
	2.910101
	1.172439
	0.209858
	0.112031
	0.139776
	0.289029
	0.994873
	2.704382
	2.120605
	0.496332
	0.103246
	0.117799
	0.196911
	0.597748
	1.956871
	2.451406
	0.756774
	0.099394
	0.110563
	0.171278
	0.483783
	1.639499
	2.415983
	0.849761
	0.087529
	0.092891
	0.121796
	0.274368
	0.936814
	2.001044
	1.044787
	0.079365
	0.082890
	0.101667
	0.201123
	0.656490
	1.637541
	1.095131
	0.000000
	0.000000
	0.000000
	-0.000000
	-0.000000
	-0.000000
	-0.000000
	-0.000000
	-0.000000
	-0.000000
	-0.000000
	-0.000000
	-0.000000
	-0.000000
	-0.000000
	-0.000000
	-0.000000
	-0.000000
	-0.000000
	-0.000000
	-0.000000
	-0.000000
	-0.000000
	-0.000000
	-0.000000
	-0.000000
	-0.000000
	-0.000000
	-0.000000
	-0.000000
	-0.000000
	-0.000000
	-0.000000
	-0.000000
	-0.000000
	-0.000000
	-0.000000
	-0.000000
	-0.000000
	-0.000000
	-0.000000
	-0.000000
	-0.000000
	-0.000000
	-0.000000
	-0.000000
	-0.000000
	-0.000000
	-0.000000
	-0.000000
	-0.000000
	-0.000000
	-0.000000
	-0.000000
	-0.000000
	-0.000000
	-0.000000
	-0.000000
	-0.000000
	-0.000000
	-0.000000
	-0.000000
	-0.000000
	-0.000000
	-0.000000
	-0.000000
	-0.000000
	-0.000000
	-0.000000
	-0.000000
	-0.000000
	-0.000000
	-0.000000
	-0.000000
	-0.000000
	-0.000000
	-0.000000
	-0.000000
	-0.000000
	-0.000000
	-0.000000
	-0.000000
	-0.000000
	-0.000000
	-0.000000
	-0.000000
	-0.000000
	-0.000000
	-0.000000
	-0.000000
	-0.000259
	-0.008137
	-0.016738
	-0.019339
	-0.023264
	-0.024111
	-0.024424
	-0.025357
	-0.026023
	-0.026289
	-0.026946
	-0.027364
	-0.027537
	-0.028000
	-0.028333
	-0.028476
	-0.028863
	-0.029151
	-0.029278
	-0.029625
	-0.029892
	-0.030012
	-0.030340
	-0.030599
	-0.030717
	-0.031039
	-0.031297
	-0.031415
	-0.031740
	-0.032003
	-0.032125
	-0.032457
	-0.032730
	-0.032857
	-0.033202
	-0.033489
	-0.033623
	-0.033984
	-0.034288
	-0.034431
	-0.034812
	-0.035137
	-0.035290
	-0.035693
	-0.036042
	-0.036207
	-0.036634
	-0.037008
	-0.037187
	-0.037637
	-0.038039
	-0.038232
	-0.038703
	-0.039131
	-0.039336
	-0.039824
	-0.040272
	-0.040485
	-0.040979
	-0.041434
	-0.041647
	-0.042130
	-0.042571
	-0.042769
	-0.043215
	-0.043604
	-0.043770
	-0.044144
	-0.044447
	-0.044563
	-0.044800
	-0.044942
	-0.044987
	-0.045064
	-0.045037
	-0.045010
	-0.044877
	-0.044742
	-0.044678
	-0.044444
	-0.044187
	-0.044023
	-0.043218
	-0.041961
	-0.041168
	-0.036810
	-0.032474
	-0.030432
	-0.024616
	-0.021140
	-1.000000
	0.000000
	0.000000
	0.000000
	0.000000
	0.000000
	0.000000
	0.000000
	0.000000
	0.000000
	0.000000
	0.000000
	0.000000
	0.000000
	0.000000
	0.000000
	0.000000
	0.000000
	0.000000
	0.000000
	0.000000
	0.000000
	0.000000
	0.000000
	0.000000
	0.000000
	0.000000
	0.000000
	0.000000
	0.000000
	0.000000
	0.000000
	0.000000
	0.000000
	0.000000
	0.000000
	0.000000
	0.000000
	0.000000
	0.000000
	0.000000
	0.000000
	0.000000
	0.000000
	0.000000
	0.000000
	0.000000
	0.000000
	0.000000
	0.000000
	0.000000
	0.000000
	0.000000
	0.000000
	0.000000
	0.000000
	0.000000
	0.000000
	0.000000
	0.000000
	0.000000
	0.000000
	0.000000
	0.000000
	0.000000
	0.000000
	0.000000
	0.000000
	0.000000
	0.000000
	0.000000
	0.000000
	0.000000
	0.000000
	0.000000
	0.000000
	0.000000
	0.000000
	0.000000
	0.000000
	0.000000
	0.000000
	0.000000
	0.000000
	0.000000
	0.000000
	0.000000
	0.000000
	0.000000
	0.000000
	0.000000
	0.000000
	0.000000
	0.000000
	0.000000
	0.000000
	0.000000
	0.000000
	0.000000
	0.000000
	0.000000
	0.000000
	0.000000
	0.000000
	0.000000
	0.000000
	0.000000
	0.000000
	0.000000
	0.000000
	0.000000
	0.000000
	0.000000
	0.000000
	0.000000
	0.000000
	0.000000
	0.000000
	0.000000
	0.000000
	0.000000
	0.000000
	0.000000
	0.000000
	0.000000
	0.000000
	0.000000
	0.000000
	0.000000
	0.002430
	-0.242802
	-0.465573
	-0.522849
	-0.390530
	-0.197247
	-0.041400
	0.003321
	-0.299759
	-0.512296
	-0.483350
	-0.308634
	-0.139670
	-0.028559
	0.004432
	-0.301769
	-0.538914
	-0.525851
	-0.341888
	-0.155836
	-0.031963
	0.005577
	-0.309449
	-0.561477
	-0.548151
	-0.352595
	-0.158552
	-0.032433
	0.006823
	-0.315415
	-0.586026
	-0.577193
	-0.369549
	-0.164506
	-0.033591
	0.008170
	-0.321323
	-0.612428
	-0.608809
	-0.387588
	-0.170559
	-0.034754
	0.009629
	-0.326648
	-0.640900
	-0.644563
	-0.408195
	-0.177462
	-0.036081
	0.011212
	-0.331205
	-0.671512
	-0.684993
	-0.431648
	-0.185239
	-0.037575
	0.012932
	-0.334646
	-0.704263
	-0.731012
	-0.458612
	-0.194100
	-0.039275
	0.014801
	-0.336539
	-0.738994
	-0.783665
	-0.489877
	-0.204277
	-0.041225
	0.016833
	-0.336318
	-0.775287
	-0.844180
	-0.526467
	-0.216077
	-0.043484
	0.019043
	-0.333264
	-0.812281
	-0.913937
	-0.569695
	-0.229891
	-0.046127
	0.021443
	-0.326483
	-0.848415
	-0.994345
	-0.621236
	-0.246227
	-0.049251
	0.024042
	-0.314914
	-0.881038
	-1.086537
	-0.683179
	-0.265730
	-0.052983
	0.026843
	-0.297382
	-0.905923
	-1.190679
	-0.758001
	-0.289204
	-0.057484
	0.029835
	-0.272757
	-0.916778
	-1.304597
	-0.848308
	-0.317583
	-0.062948
	0.032983
	-0.240269
	-0.905110
	-1.421315
	-0.955999
	-0.351793
	-0.069588
	0.036214
	-0.199993
	-0.861124
	-1.525370
	-1.080222
	-0.392331
	-0.077578
	0.039397
	-0.153386
	-0.776457
	-1.589018
	-1.213311
	-0.438348
	-0.086905
	0.042327
	-0.103570
	-0.648790
	-1.571851
	-1.333626
	-0.485608
	-0.097028
	0.044725
	-0.054687
	-0.485193
	-1.429746
	-1.399283
	-0.524492
	-0.106544
	0.046239
	-0.011301
	-0.304295
	-1.136152
	-1.338272
	-0.532331
	-0.111524
	0.046569
	0.024394
	-0.122928
	-0.693600
	-1.079558
	-0.487208
	-0.108639
	0.045406
	0.049171
	0.026605
	-0.194079
	-0.544561
	-0.314691
	-0.080204
	0.042681
	0.060836
	0.130793
	0.310193
	0.320812
	0.024872
	-0.025894
	0.039618
	0.094780
	0.328959
	0.920975
	0.878990
	0.220736
	0.026191
	0.036018
	0.083836
	0.315554
	1.145391
	1.827067
	0.718968
	0.122145
	0.029952
	0.046009
	0.132533
	0.565230
	2.037248
	2.678900
	0.854209
	0.022915
	0.025675
	0.040913
	0.124379
	0.547849
	1.980681
	2.446124
	0.067438
	-18.054275
	-22.082816
	-15.030631
	-7.389783
	-2.787291
	-0.512193
	0.050657
	4.207537
	-4.568223
	-12.850808
	-11.695477
	-6.264059
	-1.335507
	0.050485
	-9.461691
	-2.328207
	-0.097580
	-3.399589
	-3.272228
	-0.837772
	0.024257
	-4.228026
	-3.508351
	1.746535
	4.117482
	2.871363
	0.557787
	0.018134
	0.665588
	0.541767
	0.497394
	0.685951
	0.504110
	0.191643
	0.022123
	-0.761164
	-0.469420
	0.121150
	0.162498
	0.092886
	-0.064982
	0.023979
	0.003816
	-0.521563
	-0.773512
	-0.562413
	-0.267735
	-0.058360
	0.026946
	-0.072826
	-0.667228
	-1.114918
	-0.898254
	-0.437960
	-0.090528
	0.028903
	-0.100997
	-0.770424
	-1.202397
	-0.966312
	-0.482969
	-0.102755
	0.025086
	-0.556719
	-0.566934
	0.004013
	0.330205
	0.265475
	0.048086
	0.027375
	0.085483
	-0.468011
	-0.778985
	-0.536752
	-0.226651
	-0.035429
	0.030242
	-0.128475
	-0.680177
	-1.124508
	-0.901314
	-0.426940
	-0.098511
	0.027038
	-0.473218
	-0.564415
	-0.114535
	0.196380
	0.186324
	0.031934
	0.029942
	0.097398
	-0.544043
	-0.957191
	-0.687287
	-0.299141
	-0.051698
	0.033150
	-0.104455
	-0.756811
	-1.323019
	-1.071562
	-0.507410
	-0.113978
	0.029114
	-0.544165
	-0.636218
	-0.079718
	0.276661
	0.237149
	0.041180
	0.032362
	0.148465
	-0.563869
	-1.062059
	-0.762431
	-0.326190
	-0.055386
	0.036134
	-0.087709
	-0.813170
	-1.500520
	-1.225555
	-0.575706
	-0.129394
	0.031389
	-0.594831
	-0.709775
	-0.071458
	0.329268
	0.271048
	0.046893
	0.035114
	0.206410
	-0.590774
	-1.208208
	-0.875115
	-0.370546
	-0.062869
	0.039550
	-0.060135
	-0.876392
	-1.726934
	-1.425907
	-0.665206
	-0.148942
	0.033857
	-0.661099
	-0.802214
	-0.051019
	0.406442
	0.318714
	0.055072
	0.038129
	0.281881
	-0.607675
	-1.377984
	-1.008243
	-0.421715
	-0.071254
	0.043398
	-0.021759
	-0.936896
	-1.999543
	-1.673556
	-0.774999
	-0.172963
	0.036528
	-0.738691
	-0.915558
	-0.023034
	0.504717
	0.377508
	0.065120
	0.041451
	0.378201
	-0.610748
	-1.581853
	-1.173156
	-0.484540
	-0.081547
	0.047764
	0.032033
	-0.989735
	-2.333182
	-1.986609
	-0.913052
	-0.203053
	0.039407
	-0.832225
	-1.058044
	0.016967
	0.634352
	0.452527
	0.077926
	0.045096
	0.501567
	-0.589290
	-1.825816
	-1.378271
	-0.561788
	-0.094133
	0.052735
	0.106535
	-1.023936
	-2.742453
	-2.386794
	-1.088608
	-0.241206
	0.042487
	-0.945616
	-1.240416
	0.072711
	0.807069
	0.549210
	0.094403
	0.049077
	0.659316
	-0.527330
	-2.117404
	-1.636257
	-0.657894
	-0.109711
	0.058412
	0.208989
	-1.021127
	-3.245002
	-2.905185
	-1.315021
	-0.290272
	0.045749
	-1.084120
	-1.478675
	0.148951
	1.040415
	0.675590
	0.115903
	0.053384
	0.860313
	-0.399790
	-2.462975
	-1.963804
	-0.778668
	-0.129178
	0.064904
	0.348790
	-0.950388
	-3.858799
	-3.585130
	-1.611096
	-0.354275
	0.049151
	-1.253829
	-1.796157
	0.250293
	1.359724
	0.843045
	0.144344
	0.057973
	1.114430
	-0.168290
	-2.864615
	-2.383009
	-0.931898
	-0.153730
	0.072313
	0.537662
	-0.761061
	-4.596391
	-4.486788
	-2.003449
	-0.438943
	0.052619
	-1.461039
	-2.226428
	0.378817
	1.801573
	1.067798
	0.182458
	0.062732
	1.431123
	0.224151
	-3.312747
	-2.922092
	-1.127824
	-0.184930
	0.080704
	0.788998
	-0.372995
	-5.450382
	-5.691372
	-2.529347
	-0.552370
	0.056034
	-1.710188
	-2.815428
	0.528074
	2.417682
	1.372736
	0.234116
	0.067439
	1.816058
	0.857504
	-3.771345
	-3.614513
	-1.379434
	-0.224755
	0.090014
	1.115349
	0.333350
	-6.361595
	-7.301658
	-3.239420
	-0.705766
	0.059210
	-1.999250
	-3.619102
	0.670347
	3.277854
	1.789273
	0.304675
	0.071686
	2.264508
	1.832583
	-4.150556
	-4.493224
	-1.701895
	-0.275522
	0.099904
	1.522150
	1.517875
	-7.156519
	-9.428789
	-4.197795
	-0.913870
	0.061873
	-2.310924
	-4.686775
	0.733787
	4.466971
	2.357903
	0.401173
	0.074791
	2.750439
	3.249586
	-4.262924
	-5.573222
	-2.109658
	-0.339499
	0.109465
	1.995412
	3.350052
	-7.443843
	-12.142681
	-5.473235
	-1.193930
	0.063609
	-2.599391
	-6.012481
	0.574007
	6.065626
	3.124403
	0.531918
	0.075703
	3.212738
	5.146888
	-3.771645
	-6.809320
	-2.607792
	-0.417705
	0.116809
	2.483132
	5.906963
	-6.497260
	-15.344332
	-7.107330
	-1.560639
	0.063772
	-2.776824
	-7.434691
	-0.027955
	8.092410
	4.123407
	0.704172
	0.072994
	3.546818
	7.386893
	-2.181301
	-8.015274
	-3.173112
	-0.507331
	0.118710
	2.878792
	8.974198
	-3.270206
	-18.518165
	-9.039702
	-2.012922
	0.061261
	-2.721378
	-8.519018
	-1.238072
	10.413015
	5.348262
	0.919923
	0.064992
	3.620336
	9.531719
	1.017485
	-8.730204
	-3.712172
	-0.595264
	0.110754
	3.028850
	11.825182
	3.122450
	-20.387328
	-10.964786
	-2.506103
	0.054370
	-2.314708
	-8.521873
	-2.811397
	12.576357
	6.666291
	1.161474
	0.050432
	3.330082
	10.862160
	5.906007
	-8.157495
	-4.028357
	-0.654427
	0.089020
	2.793105
	13.277431
	12.258499
	-18.828119
	-12.204775
	-2.923347
	0.040444
	-1.583081
	-6.895953
	-3.652457
	14.132148
	7.898619
	1.407719
	0.028217
	2.681614
	10.680394
	11.563646
	-5.098816
	-3.668829
	-0.609204
	0.052156
	2.145995
	12.257099
	20.967341
	-11.487298
	-11.489082
	-3.009488
	0.018069
	-0.624489
	-3.385903
	-1.690864
	14.180658
	8.333377
	1.529103
	0.000605
	1.825833
	8.894477
	16.082147
	0.946343
	-2.351706
	-0.435574
	0.005579
	1.223529
	8.702671
	24.901917
	2.168770
	-7.865334
	-2.562381
	-0.013810
	0.084824
	-0.106022
	2.367479
	14.917940
	9.054313
	1.776156
	-0.033543
	0.986630
	5.984499
	16.756402
	9.855127
	1.189213
	0.209733
	-0.043692
	0.388189
	4.298463
	20.060735
	16.859088
	0.232652
	-0.986377
	-0.049340
	0.546698
	3.131752
	11.042317
	16.029700
	6.813521
	1.263442
	-0.068750
	0.209734
	2.585548
	13.458940
	21.099342
	7.281357
	1.122813
	-0.090610
	-0.358802
	-0.557476
	6.885074
	30.918856
	14.960537
	1.997030
	-0.080179
	1.272068
	6.445914
	16.920872
	12.422887
	5.263872
	1.819213
	-0.065746
	0.625706
	4.130726
	13.556624
	12.423807
	3.538216
	0.766020
	-0.071245
	-0.035182
	0.911811
	8.987037
	18.353364
	7.163384
	1.290772
	-0.070133
	0.287218
	2.411004
	10.894890
	15.595869
	5.351995
	1.013148
	-0.088780
	-0.529950
	-1.575406
	3.373605
	25.251550
	13.531489
	2.547931
	-0.112193
	-0.837150
	-3.728865
	-5.130544
	30.682513
	24.552923
	5.056155
	-0.122819
	-0.904069
	-4.127550
	-8.605563
	26.432448
	33.323297
	7.162416
	-0.151659
	-0.909113
	-4.548367
	-16.490943
	-1.360243
	53.458376
	20.321615
	-0.164107
	-0.723191
	-3.644672
	-17.162756
	-38.934349
	53.966306
	36.425273
	-0.166710
	-0.646951
	-3.172725
	-14.837639
	-38.843355
	26.673612
	44.819925
	-0.165217
	-0.396768
	-1.672747
	-8.432548
	-36.150578
	-38.907999
	38.739002
	-0.157499
	-0.267606
	-0.862569
	-3.833681
	-15.843391
	-58.182589
	5.282557
	-0.153128
	-0.236978
	-0.703747
	-3.246221
	-15.603528
	-46.390219
	-8.456215
	-0.137689
	-0.167120
	-0.331338
	-1.240231
	-6.033280
	-24.709965
	-25.255969
	-0.126058
	-0.146793
	-0.262203
	-0.897299
	-4.078044
	-14.338439
	-20.995312
	0.000000
	0.000000
	-0.000000
	-0.000000
	-0.000000
	-0.000000
	-0.000000
	-0.000000
	-0.000000
	-0.000000
	-0.000000
	-0.000000
	-0.000000
	-0.000000
	-0.000000
	-0.000000
	-0.000000
	-0.000000
	-0.000000
	-0.000000
	-0.000000
	-0.000000
	-0.000000
	-0.000000
	-0.000000
	-0.000000
	-0.000000
	-0.000000
	-0.000000
	-0.000000
	0.000000
	0.000000
	0.000000
	-0.000000
	-0.000000
	-0.000000
	0.000000
	0.000000
	0.000000
	0.000000
	0.000000
	0.000000
	0.000000
	0.000000
	0.000000
	0.000000
	0.000000
	0.000000
	0.000000
	0.000000
	0.000000
	0.000000
	0.000000
	0.000000
	0.000000
	0.000000
	0.000000
	0.000000
	0.000000
	0.000000
	0.000000
	0.000000
	0.000000
	0.000000
	0.000000
	0.000000
	0.000000
	0.000000
	0.000000
	0.000000
	0.000000
	0.000000
	0.000000
	0.000000
	0.000000
	0.000000
	0.000000
	0.000000
	0.000000
	0.000000
	0.000000
	0.000000
	0.000000
	0.000000
	0.000000
	0.000000
	0.000000
	0.000000
	0.000000
	0.000000
	0.000000
	0.000000
	0.000000
	0.000000
	0.000000
	0.000000
	0.000000
	0.000000
	0.000000
	0.000000
	0.000000
	0.000000
	0.000000
	0.000000
	0.000000
	0.000000
	0.000000
	0.000000
	0.000000
	0.000000
	0.000000
	0.000000
	0.000000
	0.000000
	0.000000
	0.000000
	0.000000
	0.000000
	0.000000
	0.000000
	0.000000
	-0.016738
	-0.024111
	-0.026023
	-0.027364
	-0.028333
	-0.029151
	-0.029892
	-0.030599
	-0.031297
	-0.032003
	-0.032730
	-0.033489
	-0.034288
	-0.035137
	-0.036042
	-0.037008
	-0.038039
	-0.039131
	-0.040272
	-0.041434
	-0.042571
	-0.043604
	-0.044447
	-0.044942
	-0.045037
	-0.044742
	-0.044187
	-0.041961
	-0.032474
	-0.142981
	-0.539363
	-0.558633
	-0.331406
	-0.083106
	-0.049256
	-0.046361
	-0.043682
	-0.044792
	-0.037376
	-0.027634
	-0.028625
	-0.024758
	-0.020991
	-0.023707
	-0.020508
	-0.017821
	-0.020951
	-0.018193
	-0.016259
	-0.019711
	-0.017139
	-0.015565
	-0.019281
	-0.016769
	-0.015397
	-0.019405
	-0.016859
	-0.015585
	-0.019947
	-0.017285
	-0.016038
	-0.020842
	-0.017984
	-0.016703
	-0.022066
	-0.018921
	-0.017544
	-0.023613
	-0.020076
	-0.018533
	-0.025492
	-0.021430
	-0.019634
	-0.027702
	-0.022953
	-0.020797
	-0.030220
	-0.024589
	-0.021942
	-0.032955
	-0.026224
	-0.022946
	-0.035688
	-0.027650
	-0.023632
	-0.037981
	-0.028524
	-0.023732
	-0.039058
	-0.028346
	-0.022940
	-0.037948
	-0.026474
	-0.020595
	-0.033142
	-0.022335
	-0.016736
	-0.025109
	-0.015449
	-0.008950
	-0.010618
	-0.006193
	-0.000821
	0.004569
	0.004696
	0.007933
	0.009877
	0.009676
	0.013779
	0.020706
	0.025678
	0.058877
	0.110973
	0.144613
	0.261466
	0.305313
	0.302144
	0.251778
	0.205821
	-0.021140
	-0.000005
	-0.000000
	0.000000
	0.000000
	0.000000
	0.000000
	0.000000
	-0.000007
	-0.000000
	0.000000
	0.000000
	0.000000
	0.000000
	0.000000
	-0.000001
	-0.000000
	0.000000
	0.000000
	0.000000
	0.000000
	0.000000
	-0.000005
	-0.000000
	-0.000000
	0.000000
	0.000000
	0.000000
	0.000000
	-0.000007
	-0.000000
	-0.000000
	0.000000
	0.000000
	0.000000
	0.000000
	-0.000001
	-0.000000
	0.000000
	0.000000
	0.000000
	0.000000
	0.000000
	-0.000005
	-0.000000
	-0.000000
	0.000000
	0.000000
	0.000000
	0.000000
	-0.000006
	-0.000000
	-0.000000
	0.000000
	0.000000
	0.000000
	0.000000
	-0.000001
	-0.000000
	-0.000000
	0.000000
	0.000000
	0.000000
	0.000000
	-0.000005
	-0.000000
	-0.000000
	0.000000
	0.000000
	0.000000
	0.000000
	-0.000006
	-0.000000
	-0.000000
	0.000000
	0.000000
	0.000000
	0.000000
	-0.000001
	-0.000000
	-0.000000
	0.000000
	0.000000
	0.000000
	0.000000
	-0.000005
	-0.000000
	-0.000000
	0.000000
	0.000000
	0.000000
	0.000000
	-0.000006
	-0.000000
	-0.000000
	0.000000
	0.000000
	0.000000
	0.000000
	-0.000001
	-0.000000
	-0.000000
	0.000000
	0.000000
	0.000000
	0.000000
	-0.000004
	-0.000000
	-0.000000
	-0.000000
	0.000000
	0.000000
	0.000000
	-0.000006
	-0.000000
	-0.000000
	0.000000
	0.000000
	0.000000
	0.000000
	-0.000001
	-0.000000
	-0.000000
	0.000000
	0.000000
	0.000000
	0.000000
	-0.000004
	-0.000000
	-0.000000
	-0.000000
	0.000000
	0.000000
	0.000000
	-0.000006
	-0.000000
	-0.000000
	0.000000
	0.000000
	0.000000
	0.000000
	-0.000001
	-0.000000
	-0.000000
	0.000000
	0.000000
	0.000000
	0.000000
	-0.000004
	-0.000000
	-0.000000
	-0.000000
	0.000000
	0.000000
	0.000000
	-0.000006
	-0.000000
	-0.000000
	0.000000
	0.000000
	0.000000
	0.000000
	-0.000001
	-0.000000
	-0.000000
	0.000000
	0.000000
	0.000000
	0.000000
	-0.000004
	-0.000000
	-0.000000
	-0.000000
	0.000000
	0.000000
	0.000000
	-0.000006
	-0.000000
	-0.000000
	-0.000000
	0.000000
	0.000000
	0.000000
	-0.000001
	-0.000000
	-0.000000
	0.000000
	0.000000
	0.000000
	0.000000
	-0.000004
	-0.000000
	-0.000000
	-0.000000
	0.000000
	0.000000
	0.000000
	-0.000006
	-0.000000
	-0.000000
	-0.000000
	0.000000
	0.000000
	0.000000
	-0.000001
	-0.000000
	-0.000000
	0.000000
	0.000000
	0.000000
	0.000000
	-0.000004
	-0.000000
	-0.000000
	-0.000000
	0.000000
	0.000000
	0.000000
	-0.000006
	-0.000000
	-0.000000
	-0.000000
	0.000000
	0.000000
	0.000000
	-0.000001
	-0.000000
	-0.000000
	0.000000
	0.000000
	0.000000
	0.000000
	-0.000004
	-0.000000
	-0.000000
	-0.000000
	-0.000000
	0.000000
	0.000000
	-0.000005
	-0.000000
	-0.000000
	-0.000000
	0.000000
	0.000000
	0.000000
	-0.000001
	-0.000000
	-0.000000
	0.000000
	0.000000
	0.000000
	0.000000
	-0.000004
	-0.000000
	-0.000000
	-0.000000
	-0.000000
	0.000000
	0.000000
	-0.000005
	-0.000000
	-0.000000
	-0.000000
	0.000000
	0.000000
	0.000000
	-0.000001
	-0.000000
	-0.000000
	0.000000
	0.000000
	0.000000
	0.000000
	-0.000004
	-0.000000
	-0.000000
	-0.000000
	-0.000000
	0.000000
	0.000000
	-0.000005
	-0.000000
	-0.000000
	-0.000000
	0.000000
	0.000000
	0.000000
	-0.000001
	-0.000000
	-0.000000
	-0.000000
	0.000000
	0.000000
	0.000000
	-0.000004
	-0.000000
	-0.000000
	-0.000000
	-0.000000
	0.000000
	0.000000
	-0.000005
	-0.000000
	-0.000000
	-0.000000
	0.000000
	0.000000
	0.000000
	-0.000001
	-0.000000
	-0.000000
	-0.000000
	0.000000
	0.000000
	0.000000
	-0.000004
	-0.000000
	-0.000000
	-0.000000
	-0.000000
	0.000000
	0.000000
	-0.000005
	-0.000000
	-0.000000
	-0.000000
	0.000000
	0.000000
	0.000000
	-0.000001
	-0.000000
	-0.000000
	-0.000000
	0.000000
	0.000000
	0.000000
	-0.000004
	-0.000000
	-0.000000
	-0.000000
	-0.000000
	0.000000
	0.000000
	-0.000005
	-0.000000
	-0.000000
	-0.000000
	-0.000000
	0.000000
	0.000000
	-0.000001
	-0.000000
	-0.000000
	-0.000000
	0.000000
	0.000000
	0.000000
	-0.000004
	-0.000000
	-0.000000
	-0.000000
	-0.000000
	-0.000000
	0.000000
	-0.000006
	-0.000000
	-0.000000
	-0.000000
	-0.000000
	0.000000
	0.000000
	-0.000001
	-0.000000
	-0.000000
	-0.000000
	0.000000
	0.000000
	0.000000
	-0.000004
	-0.000000
	-0.000000
	-0.000000
	-0.000000
	-0.000000
	0.000000
	-0.000006
	-0.000000
	-0.000000
	-0.000000
	-0.000000
	0.000000
	0.000000
	-0.000001
	-0.000000
	-0.000000
	-0.000000
	0.000000
	0.000000
	0.000000
	-0.000004
	-0.000000
	-0.000000
	-0.000000
	-0.000000
	-0.000000
	0.000000
	-0.000006
	-0.000000
	-0.000000
	-0.000000
	-0.000000
	0.000000
	0.000000
	-0.000001
	-0.000000
	-0.000000
	-0.000000
	0.000000
	0.000000
	0.000000
	-0.000005
	-0.000000
	-0.000000
	-0.000000
	-0.000000
	-0.000000
	0.000000
	-0.000007
	-0.000000
	-0.000000
	-0.000000
	-0.000000
	-0.000000
	0.000000
	-0.000002
	-0.000000
	-0.000000
	-0.000000
	-0.000000
	0.000000
	0.000000
	-0.000005
	-0.000000
	-0.000000
	-0.000000
	-0.000000
	-0.000000
	0.000000
	-0.000007
	-0.000000
	-0.000000
	-0.000000
	-0.000000
	-0.000000
	0.000000
	-0.000002
	-0.000000
	-0.000000
	-0.000000
	-0.000000
	0.000000
	0.000000
	-0.000006
	-0.000000
	-0.000000
	-0.000000
	-0.000000
	-0.000000
	-0.000000
	-0.000008
	-0.000000
	-0.000000
	-0.000000
	-0.000000
	-0.000000
	-0.000000
	-0.000002
	-0.000000
	-0.000000
	-0.000000
	-0.000000
	-0.000000
	0.000000
	-0.000006
	-0.000000
	-0.000000
	-0.000000
	-0.000000
	-0.000000
	-0.000000
	-0.000009
	-0.000000
	-0.000000
	-0.000000
	-0.000000
	-0.000000
	-0.000000
	-0.000002
	-0.000000
	-0.000000
	-0.000000
	-0.000000
	-0.000000
	-0.000000
	-0.000006
	-0.000000
	-0.000000
	-0.000000
	-0.000000
	-0.000000
	-0.000000
	-0.000009
	-0.000000
	-0.000000
	-0.000000
	-0.000000
	-0.000000
	-0.000000
	-0.000002
	-0.000000
	-0.000000
	-0.000000
	-0.000000
	-0.000000
	-0.000000
	-0.000006
	-0.000000
	-0.000000
	-0.000000
	-0.000000
	-0.000000
	-0.000000
	-0.000008
	-0.000000
	-0.000000
	-0.000000
	-0.000000
	-0.000000
	-0.000000
	-0.000002
	-0.000000
	-0.000000
	-0.000000
	-0.000000
	-0.000000
	-0.000000
	-0.000005
	-0.000000
	-0.000000
	-0.000000
	-0.000000
	-0.000000
	-0.000000
	-0.000006
	-0.000000
	-0.000000
	-0.000000
	-0.000000
	-0.000000
	-0.000000
	-0.000001
	-0.000000
	-0.000000
	-0.000000
	-0.000000
	-0.000000
	-0.000000
	-0.000004
	-0.000000
	-0.000000
	-0.000000
	-0.000000
	-0.000000
	-0.000000
	-0.000004
	-0.000000
	-0.000000
	-0.000000
	-0.000000
	-0.000000
	-0.000000
	-0.000001
	-0.000000
	-0.000000
	-0.000000
	-0.000000
	-0.000000
	-0.000000
	-0.000002
	-0.000000
	-0.000000
	-0.000000
	-0.000000
	-0.000000
	-0.000000
	-0.000002
	-0.000000
	-0.000000
	-0.000000
	-0.000000
	-0.000000
	-0.000000
	-0.000000
	-0.000000
	-0.000000
	-0.000000
	-0.000000
	-0.000000
	-0.000000
	-0.000001
	-0.000000
	-0.000000
	-0.000000
	-0.000000
	-0.000000
	-0.000000
	-0.000001
	-0.000000
	-0.000000
	-0.000000
	-0.000000
	-0.000000
	-0.000000
	-0.000000
	-0.000000
	-0.000000
	-0.000000
	-0.000000
	-0.000000
	-0.000000
	0.000001
	0.000001
	0.000000
	0.000001
	0.000002
	0.000000
	0.000001
	0.000002
	0.000001
	0.000002
	0.000003
	0.000001
	0.000002
	0.000003
	0.000001
	0.000002
	0.000003
	0.000001
	0.000002
	0.000003
	0.000001
	0.000003
	0.000004
	0.000001
	0.000003
	0.000004
	0.000001
	0.000003
	0.000004
	0.000001
	0.000003
	0.000004
	0.000001
	0.000003
	0.000004
	0.000001
	0.000003
	0.000004
	0.000001
	0.000003
	0.000004
	0.000001
	0.000003
	0.000003
	0.000001
	0.000002
	0.000003
	0.000001
	0.000002
	0.000003
	0.000001
	0.000002
	0.000003
	0.000001
	0.000002
	0.000003
	0.000001
	0.000002
	0.000003
	0.000001
	0.000002
	0.000002
	0.000000
	0.000002
	0.000002
	0.000000
	0.000001
	0.000002
	0.000000
	0.000001
	0.000001
	0.000000
	0.000001
	0.000001
	0.000000
	0.000001
	0.000001
	0.000000
	0.000001
	0.000001
	0.000000
	0.000000
	0.000000
	0.000000
	0.000000
	0.000000
	0.000000
	0.000000
	0.000000
	0.000000
	-0.000001
	-0.000001
	-0.000002
	-0.000003
	-0.000007
	-0.000015
	0.000000
	-0.000001
	-0.000001
	-0.000001
	-0.000001
	-0.000002
	-0.000003
	0.000000
	-0.000000
	-0.000000
	-0.000000
	-0.000001
	-0.000001
	-0.000001
	0.000000
	-0.000001
	-0.000001
	-0.000001
	-0.000001
	-0.000001
	-0.000002
	0.000000
	-0.000001
	-0.000001
	-0.000001
	-0.000001
	-0.000002
	-0.000003
	0.000000
	-0.000000
	-0.000000
	-0.000000
	-0.000000
	-0.000001
	-0.000001
	0.000000
	-0.000001
	-0.000000
	-0.000000
	-0.000001
	-0.000001
	-0.000002
	0.000000
	-0.000001
	-0.000001
	-0.000001
	-0.000001
	-0.000002
	-0.000002
	0.000000
	-0.000000
	-0.000000
	-0.000000
	-0.000000
	-0.000001
	-0.000001
	0.000000
	-0.000001
	-0.000000
	-0.000000
	-0.000001
	-0.000001
	-0.000002
	0.000000
	-0.000001
	-0.000001
	-0.000001
	-0.000001
	-0.000001
	-0.000002
	0.000000
	-0.000000
	-0.000000
	-0.000000
	-0.000000
	-0.000001
	-0.000001
	0.000000
	-0.000001
	-0.000000
	-0.000000
	-0.000001
	-0.000001
	-0.000002
	0.000000
	-0.000001
	-0.000001
	-0.000001
	-0.000001
	-0.000001
	-0.000002
	0.000000
	-0.000000
	-0.000000
	-0.000000
	-0.000000
	-0.000001
	-0.000001
	0.000000
	-0.000001
	-0.000000
	-0.000000
	-0.000000
	-0.000001
	-0.000001
	0.000000
	-0.000001
	-0.000001
	-0.000001
	-0.000001
	-0.000001
	-0.000002
	0.000000
	-0.000000
	-0.000000
	-0.000000
	-0.000000
	-0.000001
	-0.000001
	0.000000
	-0.000001
	-0.000000
	-0.000000
	-0.000000
	-0.000001
	-0.000001
	0.000000
	-0.000001
	-0.000001
	-0.000001
	-0.000001
	-0.000001
	-0.000002
	0.000000
	-0.000000
	-0.000000
	-0.000000
	-0.000000
	-0.000001
	-0.000001
	0.000000
	-0.000001
	-0.000000
	-0.000000
	-0.000000
	-0.000001
	-0.000001
	0.000000
	-0.000001
	-0.000001
	-0.000001
	-0.000001
	-0.000001
	-0.000001
	0.000000
	-0.000000
	-0.000000
	-0.000000
	-0.000000
	-0.000001
	-0.000001
	0.000000
	-0.000001
	-0.000000
	-0.000000
	-0.000000
	-0.000001
	-0.000001
	0.000000
	-0.000001
	-0.000001
	-0.000001
	-0.000001
	-0.000001
	-0.000001
	0.000000
	-0.000000
	-0.000000
	-0.000000
	-0.000000
	-0.000001
	-0.000001
	0.000000
	-0.000001
	-0.000000
	-0.000000
	-0.000000
	-0.000001
	-0.000001
	0.000000
	-0.000001
	-0.000001
	-0.000001
	-0.000001
	-0.000001
	-0.000001
	0.000000
	-0.000000
	-0.000000
	-0.000000
	-0.000000
	-0.000001
	-0.000001
	0.000000
	-0.000001
	-0.000000
	-0.000000
	-0.000000
	-0.000001
	-0.000001
	0.000000
	-0.000001
	-0.000001
	-0.000001
	-0.000001
	-0.000001
	-0.000001
	0.000000
	-0.000000
	-0.000000
	-0.000000
	-0.000000
	-0.000001
	-0.000001
	0.000000
	-0.000001
	-0.000000
	-0.000000
	-0.000000
	-0.000001
	-0.000001
	0.000000
	-0.000001
	-0.000001
	-0.000001
	-0.000001
	-0.000001
	-0.000001
	0.000000
	-0.000000
	-0.000000
	-0.000000
	-0.000000
	-0.000001
	-0.000001
	0.000000
	-0.000001
	-0.000000
	-0.000000
	-0.000000
	-0.000001
	-0.000001
	0.000000
	-0.000001
	-0.000001
	-0.000000
	-0.000001
	-0.000001
	-0.000001
	0.000000
	-0.000000
	-0.000000
	-0.000000
	-0.000000
	-0.000001
	-0.000001
	0.000000
	-0.000001
	-0.000000
	-0.000000
	-0.000000
	-0.000000
	-0.000001
	0.000000
	-0.000001
	-0.000001
	-0.000000
	-0.000001
	-0.000001
	-0.000001
	0.000000
	-0.000000
	-0.000000
	-0.000000
	-0.000000
	-0.000001
	-0.000001
	0.000000
	-0.000001
	-0.000000
	-0.000000
	-0.000000
	-0.000000
	-0.000001
	0.000000
	-0.000002
	-0.000001
	-0.000000
	-0.000001
	-0.000001
	-0.000001
	0.000000
	-0.000000
	-0.000000
	-0.000000
	-0.000000
	-0.000001
	-0.000001
	0.000000
	-0.000001
	-0.000000
	-0.000000
	-0.000000
	-0.000000
	-0.000001
	0.000000
	-0.000002
	-0.000001
	-0.000000
	-0.000000
	-0.000001
	-0.000001
	0.000000
	-0.000000
	-0.000000
	-0.000000
	-0.000000
	-0.000000
	-0.000001
	0.000000
	-0.000001
	-0.000000
	-0.000000
	-0.000000
	-0.000000
	-0.000001
	0.000000
	-0.000002
	-0.000001
	-0.000000
	-0.000000
	-0.000001
	-0.000001
	0.000000
	-0.000001
	-0.000000
	-0.000000
	-0.000000
	-0.000000
	-0.000001
	0.000000
	-0.000001
	-0.000000
	-0.000000
	-0.000000
	-0.000000
	-0.000001
	0.000000
	-0.000002
	-0.000001
	-0.000000
	-0.000000
	-0.000001
	-0.000001
	0.000000
	-0.000001
	-0.000000
	-0.000000
	-0.000000
	-0.000000
	-0.000001
	0.000000
	-0.000002
	-0.000001
	-0.000000
	-0.000000
	-0.000000
	-0.000001
	0.000000
	-0.000003
	-0.000001
	-0.000000
	-0.000000
	-0.000001
	-0.000001
	0.000000
	-0.000001
	-0.000000
	-0.000000
	-0.000000
	-0.000000
	-0.000001
	0.000000
	-0.000002
	-0.000001
	-0.000000
	-0.000000
	-0.000000
	-0.000001
	0.000000
	-0.000004
	-0.000001
	-0.000000
	-0.000000
	-0.000001
	-0.000001
	0.000000
	-0.000001
	-0.000000
	-0.000000
	-0.000000
	-0.000000
	-0.000001
	0.000000
	-0.000002
	-0.000001
	-0.000000
	-0.000000
	-0.000000
	-0.000001
	0.000000
	-0.000004
	-0.000001
	-0.000000
	-0.000000
	-0.000000
	-0.000001
	0.000000
	-0.000001
	-0.000000
	-0.000000
	-0.000000
	-0.000000
	-0.000001
	0.000000
	-0.000003
	-0.000001
	-0.000000
	-0.000000
	-0.000000
	-0.000001
	0.000000
	-0.000005
	-0.000001
	-0.000000
	-0.000000
	-0.000000
	-0.000001
	0.000000
	-0.000001
	-0.000000
	-0.000000
	-0.000000
	-0.000000
	-0.000001
	0.000000
	-0.000003
	-0.000001
	-0.000000
	-0.000000
	-0.000000
	-0.000001
	0.000000
	-0.000004
	-0.000001
	-0.000000
	-0.000000
	-0.000000
	-0.000001
	0.000000
	-0.000001
	-0.000000
	-0.000000
	-0.000000
	-0.000000
	-0.000000
	0.000000
	-0.000002
	-0.000000
	-0.000000
	-0.000000
	-0.000000
	-0.000000
	0.000000
	-0.000002
	-0.000000
	-0.000000
	-0.000000
	-0.000000
	-0.000001
	0.000000
	-0.000000
	-0.000000
	-0.000000
	-0.000000
	-0.000000
	-0.000000
	0.000000
	-0.000000
	-0.000000
	-0.000000
	-0.000000
	-0.000000
	-0.000000
	0.000000
	0.000001
	0.000000
	0.000000
	-0.000000
	-0.000000
	-0.000000
	0.000000
	0.000001
	0.000000
	-0.000000
	-0.000000
	-0.000000
	-0.000000
	0.000000
	0.000002
	0.000000
	0.000000
	-0.000000
	-0.000000
	-0.000000
	0.000000
	0.000005
	0.000001
	0.000000
	0.000000
	-0.000000
	-0.000000
	0.000000
	0.000002
	0.000000
	-0.000000
	-0.000000
	0.000000
	0.000000
	0.000000
	0.000004
	0.000001
	0.000000
	0.000000
	-0.000000
	-0.000000
	0.000000
	0.000008
	0.000001
	0.000000
	0.000000
	0.000000
	-0.000000
	0.000000
	0.000003
	0.000000
	-0.000000
	-0.000000
	0.000000
	0.000000
	0.000000
	0.000005
	0.000001
	0.000000
	0.000000
	-0.000000
	-0.000000
	0.000000
	0.000008
	0.000001
	-0.000000
	-0.000000
	-0.000000
	-0.000000
	0.000000
	0.000003
	0.000000
	-0.000001
	-0.000000
	-0.000000
	-0.000000
	0.000000
	0.000003
	0.000000
	-0.000000
	-0.000000
	-0.000000
	-0.000000
	0.000000
	0.000006
	0.000000
	-0.000000
	-0.000000
	-0.000000
	-0.000000
	0.000000
	0.000004
	-0.000000
	-0.000001
	-0.000001
	-0.000000
	-0.000000
	0.000000
	0.000003
	-0.000000
	-0.000000
	-0.000000
	-0.000000
	-0.000000
	0.000000
	0.000004
	-0.000000
	-0.000001
	-0.000001
	-0.000000
	-0.000000
	0.000000
	0.000002
	-0.000000
	-0.000001
	-0.000001
	-0.000000
	-0.000000
	0.000000
	-0.000000
	-0.000000
	-0.000000
	-0.000000
	-0.000000
	-0.000000
	-0.000000
	-0.000000
	-0.000000
	-0.000000
	-0.000000
	-0.000000
	-0.000000
	-0.000000
	-0.000000
	-0.000000
	-0.000000
	-0.000000
	-0.000000
	-0.000000
	-0.000000
	-0.000000
	-0.000000
	-0.000000
	-0.000000
	-0.000000
	-0.000000
	-0.000000
	-0.000000
	-0.000000
	-0.000000
	-0.000000
	-0.000000
	-0.000000
	-0.000000
	-0.000000
	-0.000000
	-0.000000
	-0.000000
	-0.000000
	-0.000000
	-0.000000
	-0.000000
	-0.000000
	-0.000000
	-0.000000
	-0.000000
	-0.000000
	-0.000000
	-0.000000
	-0.000000
	-0.000000
	-0.000000
	-0.000000
	-0.000000
	-0.000000
	-0.000000
	-0.000000
	-0.000000
	-0.000000
	-0.000000
	-0.000000
	-0.000000
	-0.000000
	-0.000000
	-0.000000
	-0.000000
	-0.000000
	-0.000000
	-0.000000
	-0.000000
	-0.000000
	-0.000000
	-0.000000
	-0.000000
	-0.000000
	-0.000000
	-0.000000
	-0.000000
	-0.000000
	-0.000000
	-0.000000
	-0.000000
	-0.000000
	-0.000000
	-0.000000
	-0.000000
	-0.000000
	-0.000000
	-0.000000
	0.000000
	0.000000
	0.000000
	0.000000
	0.000000
	0.000000
	0.000000
	0.000000
	0.000000
	0.000000
	0.000000
	0.000000
	0.000000
	0.000000
	0.000000
	0.000000
	0.000000
	0.000000
	0.000000
	0.000000
	0.000000
	0.000000
	0.000000
	0.000000
	0.000000
	0.000000
	0.000000
	0.000000
	0.000000
	0.000000
	0.000000
	0.000000
	0.000000
	0.000000
	0.000000
	0.000000
	0.000000
	0.000000
	0.000000
	0.000000
	0.000000
	0.000000
	0.000000
	0.000000
	0.000000
	0.000000
	0.000000
	0.000000
	0.000000
	0.000000
	0.000000
	0.000000
	0.000000
	0.000000
	0.000000
	0.000000
	0.000000
	0.000000
	0.000000
	0.000000
	0.000000
	0.000000
	0.000000
	0.000000
	0.000000
	0.000000
	0.000000
	0.000000
	0.000000
	0.000000
	0.000000
	0.000000
	0.000000
	0.000000
	0.000000
	0.000000
	0.000000
	0.000000
	0.000000
	0.000000
	0.000000
	0.000000
	0.000000
	0.000000
	0.000000
	0.000000
	0.000000
	0.000000
	0.000000
	0.000000
	-0.000002
	-0.000002
	-0.000002
	-0.000002
	-0.000002
	-0.000002
	-0.000002
	-0.000002
	-0.000002
	-0.000002
	-0.000001
	-0.000001
	-0.000001
	-0.000001
	-0.000001
	-0.000001
	-0.000001
	-0.000001
	-0.000001
	-0.000001
	-0.000000
	-0.000000
	-0.000000
	-0.000000
	-0.000000
	-0.000000
	-0.000000
	-0.000000
	-0.000000
	-0.000002
	0.000005
	0.000000
	-0.000000
	-0.000000
	-0.000000
	-0.000000
	-0.000000
	0.000007
	0.000000
	-0.000000
	-0.000000
	-0.000000
	-0.000000
	-0.000000
	0.000001
	0.000000
	-0.000000
	-0.000000
	-0.000000
	-0.000000
	-0.000000
	0.000005
	0.000000
	0.000000
	-0.000000
	-0.000000
	-0.000000
	-0.000000
	0.000007
	0.000000
	0.000000
	-0.000000
	-0.000000
	-0.000000
	-0.000000
	0.000001
	0.000000
	-0.000000
	-0.000000
	-0.000000
	-0.000000
	-0.000000
	0.000005
	0.000000
	0.000000
	-0.000000
	-0.000000
	-0.000000
	-0.000000
	0.000006
	0.000000
	0.000000
	-0.000000
	-0.000000
	-0.000000
	-0.000000
	0.000001
	0.000000
	0.000000
	-0.000000
	-0.000000
	-0.000000
	-0.000000
	0.000005
	0.000000
	0.000000
	-0.000000
	-0.000000
	-0.000000
	-0.000000
	0.000006
	0.000000
	0.000000
	-0.000000
	-0.000000
	-0.000000
	-0.000000
	0.000001
	0.000000
	0.000000
	-0.000000
	-0.000000
	-0.000000
	-0.000000
	0.000005
	0.000000
	0.000000
	-0.000000
	-0.000000
	-0.000000
	-0.000000
	0.000006
	0.000000
	0.000000
	-0.000000
	-0.000000
	-0.000000
	-0.000000
	0.000001
	0.000000
	0.000000
	-0.000000
	-0.000000
	-0.000000
	-0.000000
	0.000004
	0.000000
	0.000000
	0.000000
	-0.000000
	-0.000000
	-0.000000
	0.000006
	0.000000
	0.000000
	-0.000000
	-0.000000
	-0.000000
	-0.000000
	0.000001
	0.000000
	0.000000
	-0.000000
	-0.000000
	-0.000000
	-0.000000
	0.000004
	0.000000
	0.000000
	0.000000
	-0.000000
	-0.000000
	-0.000000
	0.000006
	0.000000
	0.000000
	-0.000000
	-0.000000
	-0.000000
	-0.000000
	0.000001
	0.000000
	0.000000
	-0.000000
	-0.000000
	-0.000000
	-0.000000
	0.000004
	0.000000
	0.000000
	0.000000
	-0.000000
	-0.000000
	-0.000000
	0.000006
	0.000000
	0.000000
	-0.000000
	-0.000000
	-0.000000
	-0.000000
	0.000001
	0.000000
	0.000000
	-0.000000
	-0.000000
	-0.000000
	-0.000000
	0.000004
	0.000000
	0.000000
	0.000000
	-0.000000
	-0.000000
	-0.000000
	0.000006
	0.000000
	0.000000
	0.000000
	-0.000000
	-0.000000
	-0.000000
	0.000001
	0.000000
	0.000000
	-0.000000
	-0.000000
	-0.000000
	-0.000000
	0.000004
	0.000000
	0.000000
	0.000000
	-0.000000
	-0.000000
	-0.000000
	0.000006
	0.000000
	0.000000
	0.000000
	-0.000000
	-0.000000
	-0.000000
	0.000001
	0.000000
	0.000000
	-0.000000
	-0.000000
	-0.000000
	-0.000000
	0.000004
	0.000000
	0.000000
	0.000000
	-0.000000
	-0.000000
	-0.000000
	0.000006
	0.000000
	0.000000
	0.000000
	-0.000000
	-0.000000
	-0.000000
	0.000001
	0.000000
	0.000000
	-0.000000
	-0.000000
	-0.000000
	-0.000000
	0.000004
	0.000000
	0.000000
	0.000000
	0.000000
	-0.000000
	-0.000000
	0.000005
	0.000000
	0.000000
	0.000000
	-0.000000
	-0.000000
	-0.000000
	0.000001
	0.000000
	0.000000
	-0.000000
	-0.000000
	-0.000000
	-0.000000
	0.000004
	0.000000
	0.000000
	0.000000
	0.000000
	-0.000000
	-0.000000
	0.000005
	0.000000
	0.000000
	0.000000
	-0.000000
	-0.000000
	-0.000000
	0.000001
	0.000000
	0.000000
	-0.000000
	-0.000000
	-0.000000
	-0.000000
	0.000004
	0.000000
	0.000000
	0.000000
	0.000000
	-0.000000
	-0.000000
	0.000005
	0.000000
	0.000000
	0.000000
	-0.000000
	-0.000000
	-0.000000
	0.000001
	0.000000
	0.000000
	0.000000
	-0.000000
	-0.000000
	-0.000000
	0.000004
	0.000000
	0.000000
	0.000000
	0.000000
	-0.000000
	-0.000000
	0.000005
	0.000000
	0.000000
	0.000000
	-0.000000
	-0.000000
	-0.000000
	0.000001
	0.000000
	0.000000
	0.000000
	-0.000000
	-0.000000
	-0.000000
	0.000004
	0.000000
	0.000000
	0.000000
	0.000000
	-0.000000
	-0.000000
	0.000005
	0.000000
	0.000000
	0.000000
	-0.000000
	-0.000000
	-0.000000
	0.000001
	0.000000
	0.000000
	0.000000
	-0.000000
	-0.000000
	-0.000000
	0.000004
	0.000000
	0.000000
	0.000000
	0.000000
	-0.000000
	-0.000000
	0.000005
	0.000000
	0.000000
	0.000000
	0.000000
	-0.000000
	-0.000000
	0.000001
	0.000000
	0.000000
	0.000000
	-0.000000
	-0.000000
	-0.000000
	0.000004
	0.000000
	0.000000
	0.000000
	0.000000
	0.000000
	-0.000000
	0.000006
	0.000000
	0.000000
	0.000000
	0.000000
	-0.000000
	-0.000000
	0.000001
	0.000000
	0.000000
	0.000000
	-0.000000
	-0.000000
	-0.000000
	0.000004
	0.000000
	0.000000
	0.000000
	0.000000
	0.000000
	-0.000000
	0.000006
	0.000000
	0.000000
	0.000000
	0.000000
	-0.000000
	-0.000000
	0.000001
	0.000000
	0.000000
	0.000000
	-0.000000
	-0.000000
	-0.000000
	0.000004
	0.000000
	0.000000
	0.000000
	0.000000
	0.000000
	-0.000000
	0.000006
	0.000000
	0.000000
	0.000000
	0.000000
	-0.000000
	-0.000000
	0.000001
	0.000000
	0.000000
	0.000000
	-0.000000
	-0.000000
	-0.000000
	0.000005
	0.000000
	0.000000
	0.000000
	0.000000
	0.000000
	-0.000000
	0.000007
	0.000000
	0.000000
	0.000000
	0.000000
	0.000000
	-0.000000
	0.000002
	0.000000
	0.000000
	0.000000
	0.000000
	-0.000000
	-0.000000
	0.000005
	0.000000
	0.000000
	0.000000
	0.000000
	0.000000
	-0.000000
	0.000007
	0.000000
	0.000000
	0.000000
	0.000000
	0.000000
	-0.000000
	0.000002
	0.000000
	0.000000
	0.000000
	0.000000
	-0.000000
	-0.000000
	0.000006
	0.000000
	0.000000
	0.000000
	0.000000
	0.000000
	0.000000
	0.000008
	0.000000
	0.000000
	0.000000
	0.000000
	0.000000
	0.000000
	0.000002
	0.000000
	0.000000
	0.000000
	0.000000
	0.000000
	-0.000000
	0.000006
	0.000000
	0.000000
	0.000000
	0.000000
	0.000000
	0.000000
	0.000009
	0.000000
	0.000000
	0.000000
	0.000000
	0.000000
	0.000000
	0.000002
	0.000000
	0.000000
	0.000000
	0.000000
	0.000000
	0.000000
	0.000006
	0.000000
	0.000000
	0.000000
	0.000000
	0.000000
	0.000000
	0.000009
	0.000000
	0.000000
	0.000000
	0.000000
	0.000000
	0.000000
	0.000002
	0.000000
	0.000000
	0.000000
	0.000000
	0.000000
	0.000000
	0.000006
	0.000000
	0.000000
	0.000000
	0.000000
	0.000000
	0.000000
	0.000008
	0.000000
	0.000000
	0.000000
	0.000000
	0.000000
	0.000000
	0.000002
	0.000000
	0.000000
	0.000000
	0.000000
	0.000000
	0.000000
	0.000005
	0.000000
	0.000000
	0.000000
	0.000000
	0.000000
	0.000000
	0.000006
	0.000000
	0.000000
	0.000000
	0.000000
	0.000000
	0.000000
	0.000001
	0.000000
	0.000000
	0.000000
	0.000000
	0.000000
	0.000000
	0.000004
	0.000000
	0.000000
	0.000000
	0.000000
	0.000000
	0.000000
	0.000004
	0.000000
	0.000000
	0.000000
	0.000000
	0.000000
	0.000000
	0.000001
	0.000000
	0.000000
	0.000000
	0.000000
	0.000000
	0.000000
	0.000002
	0.000000
	0.000000
	0.000000
	0.000000
	0.000000
	0.000000
	0.000002
	0.000000
	0.000000
	0.000000
	0.000000
	0.000000
	0.000000
	0.000000
	0.000000
	0.000000
	0.000000
	0.000000
	0.000000
	0.000000
	0.000001
	0.000000
	0.000000
	0.000000
	0.000000
	0.000000
	0.000000
	0.000001
	0.000000
	0.000000
	0.000000
	0.000000
	0.000000
	0.000000
	0.000000
	0.000000
	0.000000
	0.000000
	0.000000
	0.000000
	0.000000
	-0.000301
	-0.000000
	-0.000000
	0.000000
	0.000000
	0.000001
	0.000004
	-0.000296
	-0.000000
	-0.000000
	0.000000
	0.000000
	0.000001
	0.000006
	-0.000290
	-0.000000
	-0.000000
	0.000000
	0.000000
	0.000001
	0.000005
	-0.000285
	-0.000000
	-0.000000
	0.000000
	0.000000
	0.000001
	0.000005
	-0.000280
	-0.000000
	-0.000000
	0.000000
	0.000000
	0.000001
	0.000005
	-0.000275
	-0.000000
	-0.000000
	-0.000000
	0.000000
	0.000001
	0.000005
	-0.000270
	-0.000000
	-0.000000
	-0.000000
	0.000000
	0.000001
	0.000005
	-0.000265
	-0.000000
	-0.000000
	-0.000000
	0.000000
	0.000001
	0.000005
	-0.000261
	-0.000000
	-0.000000
	-0.000000
	0.000000
	0.000001
	0.000004
	-0.000257
	-0.000000
	-0.000000
	-0.000000
	0.000000
	0.000001
	0.000004
	-0.000253
	-0.000000
	-0.000000
	-0.000000
	0.000000
	0.000001
	0.000004
	-0.000250
	-0.000000
	-0.000000
	-0.000000
	0.000000
	0.000001
	0.000004
	-0.000247
	-0.000000
	-0.000000
	-0.000000
	0.000000
	0.000001
	0.000004
	-0.000246
	-0.000000
	-0.000000
	-0.000000
	0.000000
	0.000001
	0.000004
	-0.000246
	-0.000000
	-0.000000
	-0.000000
	0.000000
	0.000001
	0.000004
	-0.000248
	-0.000000
	-0.000000
	-0.000000
	-0.000000
	0.000001
	0.000004
	-0.000252
	-0.000000
	-0.000000
	-0.000000
	-0.000000
	0.000001
	0.000004
	-0.000260
	-0.000000
	-0.000000
	-0.000000
	-0.000000
	0.000000
	0.000004
	-0.000272
	-0.000000
	-0.000000
	-0.000000
	-0.000000
	0.000000
	0.000003
	-0.000292
	-0.000000
	-0.000000
	-0.000000
	-0.000000
	0.000000
	0.000003
	-0.000318
	-0.000000
	-0.000000
	-0.000000
	-0.000000
	0.000000
	0.000002
	-0.000351
	-0.000000
	-0.000000
	-0.000000
	-0.000000
	-0.000000
	0.000002
	-0.000383
	-0.000001
	-0.000001
	-0.000001
	-0.000000
	-0.000000
	0.000001
	-0.000400
	-0.000001
	-0.000001
	-0.000001
	-0.000001
	-0.000001
	0.000000
	-0.000385
	-0.000001
	-0.000001
	-0.000001
	-0.000001
	-0.000001
	-0.000001
	-0.000332
	-0.000001
	-0.000001
	-0.000001
	-0.000001
	-0.000001
	-0.000001
	-0.000244
	-0.000002
	-0.000001
	-0.000001
	-0.000001
	-0.000001
	-0.000001
	-0.000144
	-0.000002
	-0.000002
	-0.000001
	-0.000001
	-0.000001
	-0.000001
	-0.000063
	-0.000003
	-0.000003
	-0.000002
	-0.000001
	-0.000000
	-0.000000
	-0.000305
	-0.000000
	0.000000
	0.000001
	0.000003
	0.000007
	0.000015
	0.000000
	0.000000
	0.000000
	0.000000
	0.000000
	0.000000
	0.000000
	0.000000
	0.000000
	0.000000
	0.000000
	0.000000
	0.000000
	0.000000
	0.000000
	0.000000
	0.000000
	0.000000
	0.000000
	0.000000
	0.000000
	0.000000
	0.000000
	0.000000
	0.000000
	0.000000
	0.000000
	0.000000
	0.000000
	0.000000
	0.000000
	0.000000
	0.000000
	0.000000
	0.000000
	0.000000
	0.000000
	0.000000
	0.000000
	0.000000
	0.000000
	0.000000
	0.000000
	0.000000
	0.000000
	0.000000
	0.000000
	0.000000
	0.000000
	0.000000
	0.000000
	0.000000
	0.000000
	0.000000
	0.000000
	0.000000
	0.000000
	0.000000
	0.000000
	0.000000
	0.000000
	0.000000
	0.000000
	0.000000
	0.000000
	0.000000
	0.000000
	0.000000
	0.000000
	0.000000
	0.000000
	0.000000
	0.000000
	0.000000
	0.000000
	0.000000
	0.000000
	0.000000
	0.000000
	0.000000
	0.000000
	0.000000
	0.000000
	0.000000
	0.000000
	0.000000
	0.000000
	0.000000
	0.000000
	0.000000
	-0.000000
	-0.000000
	-0.000000
	-0.000000
	-0.000000
	-0.000000
	-0.000000
	-0.000000
	-0.000000
	-0.000000
	-0.000000
	-0.000000
	-0.000000
	-0.000000
	-0.000000
	-0.000000
	-0.000000
	-0.000000
	-0.000000
	-0.000000
	-0.000000
	-0.000000
	-0.000000
	-0.000000
	-0.000000
	-0.000000
	-0.000000
	-0.000000
	-0.000000
	-0.000000
	-0.000000
	-0.000000
	-0.000000
	-0.000000
	-0.000000
	-0.000000
	-0.000000
	-0.000000
	-0.000000
	-0.000000
	-0.000000
	-0.000000
	-0.000000
	-0.000000
	-0.000000
	-0.000000
	-0.000000
	-0.000000
	-0.000000
	-0.000000
	-0.000000
	-0.000000
	-0.000000
	-0.000000
	-0.000000
	-0.000000
	-0.000000
	-0.000000
	-0.000000
	-0.000000
	-0.000000
	-0.000000
	-0.000000
	-0.000000
	-0.000000
	-0.000000
	-0.000000
	-0.000000
	-0.000000
	-0.000000
	-0.000000
	-0.000000
	-0.000000
	-0.000000
	-0.000000
	-0.000000
	-0.000000
	-0.000000
	-0.000000
	-0.000000
	-0.000000
	-0.000000
	-0.000000
	-0.000000
	-0.000000
	-0.000000
	-0.000000
	-0.000000
	-0.000000
	-0.000000
	0.000000
	0.000000
	0.000000
	0.000000
	0.000000
	0.000000
	0.000000
	0.000000
	0.000000
	0.000000
	0.000000
	0.000000
	0.000000
	0.000000
	0.000000
	0.000000
	0.000000
	0.000000
	0.000000
	0.000000
	0.000000
	0.000000
	0.000000
	0.000000
	0.000000
	0.000000
	0.000000
	0.000000
	0.000000
	0.000000
	-0.000001
	-0.000001
	-0.000000
	-0.000001
	-0.000002
	-0.000000
	-0.000001
	-0.000002
	-0.000001
	-0.000002
	-0.000003
	-0.000001
	-0.000002
	-0.000003
	-0.000001
	-0.000002
	-0.000003
	-0.000001
	-0.000002
	-0.000003
	-0.000001
	-0.000003
	-0.000004
	-0.000001
	-0.000003
	-0.000004
	-0.000001
	-0.000003
	-0.000004
	-0.000001
	-0.000003
	-0.000004
	-0.000001
	-0.000003
	-0.000004
	-0.000001
	-0.000003
	-0.000004
	-0.000001
	-0.000003
	-0.000004
	-0.000001
	-0.000003
	-0.000003
	-0.000001
	-0.000002
	-0.000003
	-0.000001
	-0.000002
	-0.000003
	-0.000001
	-0.000002
	-0.000003
	-0.000001
	-0.000002
	-0.000003
	-0.000001
	-0.000002
	-0.000003
	-0.000001
	-0.000002
	-0.000002
	-0.000000
	-0.000002
	-0.000002
	-0.000000
	-0.000001
	-0.000002
	-0.000000
	-0.000001
	-0.000001
	-0.000000
	-0.000001
	-0.000001
	-0.000000
	-0.000001
	-0.000001
	-0.000000
	-0.000001
	-0.000001
	-0.000000
	-0.000000
	-0.000000
	-0.000000
	-0.000000
	-0.000000
	-0.000000
	-0.000000
	-0.000000
	-0.000000
	0.000060
	0.000088
	0.000110
	0.000127
	0.000141
	0.000151
	0.000159
	0.000165
	0.000168
	0.000170
	0.000170
	0.000169
	0.000166
	0.000161
	0.000156
	0.000149
	0.000141
	0.000132
	0.000122
	0.000111
	0.000099
	0.000087
	0.000074
	0.000061
	0.000049
	0.000036
	0.000024
	0.000013
	0.000004
	0.000073
	0.000000
	0.000000
	0.000000
	0.000000
	0.000000
	0.000000
	0.000000
	0.000000
	0.000000
	0.000000
	0.000000
	0.000000
	0.000000
	0.000000
	0.000000
	0.000000
	0.000000
	0.000000
	0.000000
	0.000000
	0.000000
	0.000000
	0.000000
	0.000000
	0.000000
	0.000000
	0.000000
	0.000000
	0.000000
	0.000000
	0.000000
	0.000066
	0.000209
