	32.393855
	37.344417
	37.094151
	37.939579
	38.647587
	39.455421
	40.329864
	41.290260
	42.348909
	43.522723
	44.831802
	46.300512
	47.958118
	49.839311
	51.984158
	54.436808
	57.241767
	60.436218
	64.036264
	68.019227
	72.296375
	76.726880
	81.026786
	85.203774
	88.151529
	93.046462
	93.749999
	93.750000
	93.750000
	93.749999
	99.552751
	98.139626
	97.115471
	96.700972
	95.391326
	94.442166
	94.026012
	92.711134
	91.758183
	91.347622
	90.050416
	89.110272
	88.704395
	87.421987
	86.492569
	86.092036
	84.826514
	83.909334
	83.514585
	82.267342
	81.363408
	80.975013
	79.747844
	78.858459
	78.477068
	77.272027
	76.398679
	76.025053
	74.844548
	73.988982
	73.624016
	72.470873
	71.635139
	71.279889
	70.157446
	69.343961
	68.999677
	67.911882
	67.123507
	66.791669
	65.743194
	64.983318
	64.665668
	63.662026
	62.934642
	62.633218
	61.680842
	60.990612
	60.707745
	59.813999
	59.166261
	58.904526
	58.077552
	57.478206
	57.240288
	56.488563
	55.943754
	55.732184
	55.063712
	54.579241
	54.395967
	53.816897
	53.397219
	53.243256
	52.756794
	52.404233
	52.278715
	51.882131
	51.594709
	51.496824
	51.187549
	50.963403
	50.885020
	50.637359
	50.457869
	50.411867
	50.266522
	50.161184
	50.119837
	49.989198
	49.894518
	49.853171
	49.722531
	49.627851
	49.586504
	49.455865
	49.361184
	49.319837
	49.189198
	49.094518
	0.498196
	0.722121
	0.886822
	0.963434
	0.989980
	0.997677
	0.999707
	0.491542
	0.577033
	0.711341
	0.841382
	0.928505
	0.974229
	0.995833
	0.486339
	0.585686
	0.691575
	0.803999
	0.897947
	0.959122
	0.993062
	0.484103
	0.586303
	0.708917
	0.824861
	0.911694
	0.965268
	0.993923
	0.477009
	0.591495
	0.729115
	0.849717
	0.929782
	0.973810
	0.995501
	0.471799
	0.588212
	0.727761
	0.850032
	0.930771
	0.974496
	0.995670
	0.469492
	0.584388
	0.724471
	0.848133
	0.929889
	0.974164
	0.995609
	0.462067
	0.574100
	0.714265
	0.841072
	0.926289
	0.972794
	0.995373
	0.456557
	0.566580
	0.706561
	0.835460
	0.923300
	0.971626
	0.995170
	0.454129
	0.566671
	0.708375
	0.837436
	0.924586
	0.972215
	0.995250
	0.446347
	0.559611
	0.704232
	0.836274
	0.924749
	0.972495
	0.995312
	0.440582
	0.551853
	0.696727
	0.831322
	0.922405
	0.971670
	0.995178
	0.438040
	0.551427
	0.697857
	0.832729
	0.923356
	0.972115
	0.995235
	0.429886
	0.543169
	0.692039
	0.830180
	0.922729
	0.972071
	0.995240
	0.423843
	0.534692
	0.683502
	0.824380
	0.919931
	0.971074
	0.995076
	0.421179
	0.534438
	0.685050
	0.826184
	0.921111
	0.971610
	0.995145
	0.412637
	0.525720
	0.678940
	0.823638
	0.920595
	0.971638
	0.995165
	0.406305
	0.516556
	0.669464
	0.817136
	0.917480
	0.970543
	0.994984
	0.403516
	0.516355
	0.671275
	0.819217
	0.918816
	0.971137
	0.995062
	0.394571
	0.506974
	0.664520
	0.816365
	0.918238
	0.971166
	0.995083
	0.387940
	0.497030
	0.653897
	0.808960
	0.914697
	0.969933
	0.994880
	0.385021
	0.496930
	0.656080
	0.811427
	0.916249
	0.970607
	0.994968
	0.375661
	0.486864
	0.648655
	0.808285
	0.915641
	0.970655
	0.994995
	0.368723
	0.476062
	0.636693
	0.799796
	0.911590
	0.969261
	0.994765
	0.365670
	0.476086
	0.639328
	0.802737
	0.913405
	0.970030
	0.994865
	0.355887
	0.465278
	0.631132
	0.799248
	0.912759
	0.970100
	0.994898
	0.348638
	0.453530
	0.617587
	0.789432
	0.908082
	0.968510
	0.994636
	0.345449
	0.453713
	0.620788
	0.792972
	0.910224
	0.969393
	0.994751
	0.335241
	0.442121
	0.611722
	0.789087
	0.909544
	0.969494
	0.994793
	0.327679
	0.429335
	0.596303
	0.777630
	0.904088
	0.967662
	0.994491
	0.324357
	0.429718
	0.600210
	0.781934
	0.906645
	0.968687
	0.994625
	0.313728
	0.417306
	0.590166
	0.777593
	0.905935
	0.968828
	0.994678
	0.305861
	0.403395
	0.572521
	0.764086
	0.899498
	0.966697
	0.994326
	0.302408
	0.404026
	0.577313
	0.769372
	0.902583
	0.967898
	0.994483
	0.291377
	0.390776
	0.566178
	0.764510
	0.901854
	0.968095
	0.994551
	0.283219
	0.375662
	0.545893
	0.748417
	0.894167
	0.965586
	0.994137
	0.279644
	0.376595
	0.551790
	0.754978
	0.897933
	0.967008
	0.994323
	0.268242
	0.362519
	0.539459
	0.749527
	0.897207
	0.967280
	0.994410
	0.259823
	0.346150
	0.516053
	0.730142
	0.887902
	0.964291
	0.993916
	0.256140
	0.347437
	0.523321
	0.738367
	0.892555
	0.965990
	0.994139
	0.244421
	0.332591
	0.509714
	0.732261
	0.891867
	0.966367
	0.994252
	0.235785
	0.314960
	0.482660
	0.708662
	0.880446
	0.962758
	0.993655
	0.232016
	0.316649
	0.491599
	0.719058
	0.886262
	0.964809
	0.993924
	0.220061
	0.301152
	0.476690
	0.712251
	0.885671
	0.965331
	0.994073
	0.211274
	0.282331
	0.445460
	0.683243
	0.871449
	0.960913
	0.993342
	0.207452
	0.284444
	0.456376
	0.696461
	0.878799
	0.963413
	0.993669
	0.195372
	0.268497
	0.440233
	0.688946
	0.878402
	0.964136
	0.993866
	0.186530
	0.248675
	0.404402
	0.653035
	0.860442
	0.958654
	0.992958
	0.182697
	0.251188
	0.417536
	0.669859
	0.869811
	0.961723
	0.993359
	0.170647
	0.235092
	0.400375
	0.661697
	0.869752
	0.962723
	0.993621
	0.161873
	0.214619
	0.359799
	0.617139
	0.846803
	0.955834
	0.992479
	0.158087
	0.217437
	0.375204
	0.638413
	0.858799
	0.959620
	0.992972
	0.146262
	0.201590
	0.357438
	0.629768
	0.859281
	0.960993
	0.993321
	0.137715
	0.181010
	0.312522
	0.574794
	0.829738
	0.952253
	0.991869
	0.134046
	0.183945
	0.329883
	0.601211
	0.845060
	0.956925
	0.992474
	0.122683
	0.168814
	0.312122
	0.592342
	0.846317
	0.958776
	0.992936
	0.114547
	0.148859
	0.264123
	0.525696
	0.808287
	0.947640
	0.991078
	0.111077
	0.151641
	0.282602
	0.557418
	0.827624
	0.953365
	0.991815
	0.100440
	0.137710
	0.265604
	0.548646
	0.829865
	0.955789
	0.992413
	0.092916
	0.119220
	0.216793
	0.470537
	0.781481
	0.941657
	0.990041
	0.089731
	0.121538
	0.234956
	0.506528
	0.805176
	0.948539
	0.990920
	0.080081
	0.109185
	0.219336
	0.497830
	0.808253
	0.951512
	0.991657
	0.073358
	0.092948
	0.172765
	0.410905
	0.748180
	0.933787
	0.988654
	0.070536
	0.094609
	0.189110
	0.448975
	0.776145
	0.941882
	0.989680
	0.062097
	0.084133
	0.175584
	0.440692
	0.779927
	0.945377
	0.990558
	0.056320
	0.070697
	0.134418
	0.350854
	0.708770
	0.923814
	0.986855
	0.053917
	0.071522
	0.147101
	0.386071
	0.738571
	0.932570
	0.987942
	0.046823
	0.062760
	0.134719
	0.374744
	0.739310
	0.935380
	0.988741
	0.042058
	0.052289
	0.101113
	0.288627
	0.657550
	0.909041
	0.984111
	0.040095
	0.052691
	0.111108
	0.321530
	0.690959
	0.919411
	0.985420
	0.034390
	0.046183
	0.103183
	0.316694
	0.696707
	0.924119
	0.986621
	0.030635
	0.038502
	0.078220
	0.244761
	0.617024
	0.896984
	0.981767
	0.029099
	0.037824
	0.081231
	0.258043
	0.632789
	0.901767
	0.982123
	0.024651
	0.031564
	0.067315
	0.223238
	0.594359
	0.889358
	0.980023
	0.021761
	0.026073
	0.049127
	0.159329
	0.489401
	0.842058
	0.970637
	0.020598
	0.026705
	0.058271
	0.198606
	0.555804
	0.870856
	0.975243
	0.017372
	0.026016
	0.071274
	0.261763
	0.655018
	0.913510
	0.984256
	0.015371
	0.023567
	0.067256
	0.255218
	0.651838
	0.913949
	0.984708
	0.014570
	0.022796
	0.066697
	0.255580
	0.653017
	0.914381
	0.984661
	0.012275
	0.018770
	0.054336
	0.217090
	0.606791
	0.899066
	0.981901
	0.010801
	0.015440
	0.041366
	0.168125
	0.529681
	0.867634
	0.975763
	0.010200
	0.014070
	0.035872
	0.145557
	0.486458
	0.846906
	0.971483
	0.008461
	0.010374
	0.021376
	0.081250
	0.324615
	0.738354
	0.946101
	0.007353
	0.008391
	0.014426
	0.048634
	0.211197
	0.611075
	0.907424
	0.006908
	0.007692
	0.012257
	0.038451
	0.169481
	0.544069
	0.881869
	0.005656
	0.005978
	0.007855
	0.018925
	0.080575
	0.334412
	0.758130
	0.004881
	0.005061
	0.006100
	0.012288
	0.048136
	0.220798
	0.638167
	0.004575
	0.004719
	0.005544
	0.010482
	0.039445
	0.185331
	0.584966
	0.003723
	0.003803
	0.004252
	0.006964
	0.023268
	0.113069
	0.439437
	0.003203
	0.003261
	0.003580
	0.005510
	0.017225
	0.084023
	0.359474
	0.856257
	0.939730
	0.979173
	0.993714
	0.998316
	0.999612
	0.999951
	0.852949
	0.891133
	0.936652
	0.969537
	0.987329
	0.995611
	0.999303
	0.850319
	0.894534
	0.930813
	0.960956
	0.981410
	0.992947
	0.998837
	0.849176
	0.894774
	0.935949
	0.965822
	0.984113
	0.994039
	0.998982
	0.845500
	0.896776
	0.941690
	0.971367
	0.987570
	0.995538
	0.999247
	0.842750
	0.895513
	0.941313
	0.971436
	0.987755
	0.995657
	0.999276
	0.841519
	0.894029
	0.940392
	0.971021
	0.987590
	0.995599
	0.999265
	0.837499
	0.889962
	0.937494
	0.969468
	0.986911
	0.995360
	0.999226
	0.834457
	0.886921
	0.935263
	0.968219
	0.986344
	0.995156
	0.999192
	0.833100
	0.886958
	0.935792
	0.968660
	0.986588
	0.995259
	0.999205
	0.828682
	0.884049
	0.934582
	0.968401
	0.986619
	0.995308
	0.999216
	0.825341
	0.880789
	0.932360
	0.967289
	0.986174
	0.995164
	0.999193
	0.823848
	0.880608
	0.932697
	0.967606
	0.986355
	0.995242
	0.999203
	0.818979
	0.877059
	0.930953
	0.967031
	0.986235
	0.995234
	0.999204
	0.815288
	0.873333
	0.928354
	0.965712
	0.985701
	0.995060
	0.999176
	0.813638
	0.873220
	0.928829
	0.966124
	0.985927
	0.995154
	0.999188
	0.808251
	0.869294
	0.926944
	0.965542
	0.985828
	0.995159
	0.999191
	0.804160
	0.865065
	0.923968
	0.964043
	0.985231
	0.994967
	0.999161
	0.802330
	0.864971
	0.924542
	0.964525
	0.985488
	0.995071
	0.999174
	0.796347
	0.860525
	0.922389
	0.963864
	0.985377
	0.995076
	0.999177
	0.791795
	0.855682
	0.918936
	0.962131
	0.984695
	0.994860
	0.999143
	0.789758
	0.855633
	0.919652
	0.962711
	0.984994
	0.994978
	0.999158
	0.783088
	0.850586
	0.917200
	0.961972
	0.984877
	0.994987
	0.999162
	0.778002
	0.845003
	0.913156
	0.959951
	0.984093
	0.994742
	0.999124
	0.775724
	0.845015
	0.914057
	0.960655
	0.984445
	0.994877
	0.999140
	0.768258
	0.839249
	0.911237
	0.959819
	0.984320
	0.994889
	0.999146
	0.762553
	0.832763
	0.906453
	0.957437
	0.983409
	0.994610
	0.999102
	0.759996
	0.832866
	0.907598
	0.958301
	0.983827
	0.994765
	0.999121
	0.751604
	0.826239
	0.904332
	0.957352
	0.983695
	0.994783
	0.999128
	0.745178
	0.818645
	0.898607
	0.954508
	0.982626
	0.994461
	0.999078
	0.742296
	0.818877
	0.900079
	0.955584
	0.983128
	0.994641
	0.999100
	0.732827
	0.811214
	0.896266
	0.954499
	0.982989
	0.994666
	0.999109
	0.725561
	0.802250
	0.889329
	0.951059
	0.981719
	0.994291
	0.999050
	0.722301
	0.802666
	0.891244
	0.952417
	0.982329
	0.994503
	0.999076
	0.711576
	0.793755
	0.886757
	0.951169
	0.982185
	0.994537
	0.999088
	0.703331
	0.783089
	0.878238
	0.946947
	0.980655
	0.994095
	0.999018
	0.699629
	0.783763
	0.880762
	0.948685
	0.981407
	0.994346
	0.999049
	0.687445
	0.773348
	0.875439
	0.947243
	0.981263
	0.994394
	0.999064
	0.678060
	0.760560
	0.864829
	0.941975
	0.979392
	0.993866
	0.998981
	0.673846
	0.761594
	0.868197
	0.944236
	0.980331
	0.994166
	0.999018
	0.659972
	0.749373
	0.861836
	0.942561
	0.980193
	0.994233
	0.999037
	0.649270
	0.733945
	0.848434
	0.935875
	0.977869
	0.993594
	0.998937
	0.644466
	0.735468
	0.852978
	0.938863
	0.979059
	0.993958
	0.998982
	0.628654
	0.721103
	0.845332
	0.936915
	0.978939
	0.994050
	0.999007
	0.616448
	0.702417
	0.828172
	0.928274
	0.976004
	0.993266
	0.998884
	0.610973
	0.704587
	0.834356
	0.932281
	0.977530
	0.993710
	0.998939
	0.592977
	0.687723
	0.825136
	0.930017
	0.977448
	0.993839
	0.998972
	0.579091
	0.665092
	0.802913
	0.918652
	0.973679
	0.992863
	0.998819
	0.572872
	0.668071
	0.811358
	0.924093
	0.975661
	0.993410
	0.998887
	0.552483
	0.648392
	0.800250
	0.921480
	0.975649
	0.993588
	0.998931
	0.536784
	0.621155
	0.771274
	0.906292
	0.970731
	0.992358
	0.998739
	0.529771
	0.625063
	0.782757
	0.913745
	0.973328
	0.993036
	0.998822
	0.506884
	0.602375
	0.769459
	0.910763
	0.973431
	0.993280
	0.998881
	0.489341
	0.570095
	0.731728
	0.890240
	0.966931
	0.991712
	0.998636
	0.481535
	0.574910
	0.747070
	0.900453
	0.970348
	0.992554
	0.998738
	0.456236
	0.549266
	0.731362
	0.897100
	0.970624
	0.992885
	0.998816
	0.436999
	0.512043
	0.682895
	0.869283
	0.961973
	0.990875
	0.998502
	0.428488
	0.517485
	0.702695
	0.883134
	0.966451
	0.991913
	0.998626
	0.401172
	0.489331
	0.684541
	0.879421
	0.966960
	0.992350
	0.998727
	0.380654
	0.448167
	0.624174
	0.842078
	0.955472
	0.989779
	0.998326
	0.371646
	0.453587
	0.648220
	0.860310
	0.961236
	0.991039
	0.998475
	0.343106
	0.423766
	0.627667
	0.856077
	0.961965
	0.991578
	0.998600
	0.322031
	0.380742
	0.556162
	0.807140
	0.946884
	0.988320
	0.998091
	0.312871
	0.385362
	0.583208
	0.830186
	0.954135
	0.989821
	0.998265
	0.284308
	0.355325
	0.560995
	0.825405
	0.955084
	0.990462
	0.998414
	0.263672
	0.313400
	0.482336
	0.764313
	0.935907
	0.986441
	0.997785
	0.254808
	0.316093
	0.508558
	0.790493
	0.944292
	0.988093
	0.997970
	0.227644
	0.286618
	0.482980
	0.782423
	0.944493
	0.988617
	0.998106
	0.208500
	0.248710
	0.402958
	0.708828
	0.920133
	0.983597
	0.997316
	0.200395
	0.250223
	0.428562
	0.739815
	0.930627
	0.985602
	0.997540
	0.176065
	0.225116
	0.408398
	0.735508
	0.932354
	0.986499
	0.997745
	0.159395
	0.193721
	0.337372
	0.660384
	0.906251
	0.981218
	0.996914
	0.152417
	0.190849
	0.346610
	0.676032
	0.911812
	0.982168
	0.996975
	0.131676
	0.163568
	0.302184
	0.632944
	0.897870
	0.979687
	0.996614
	0.117754
	0.138396
	0.236635
	0.532088
	0.851872
	0.969686
	0.994983
	0.112047
	0.141357
	0.270744
	0.597901
	0.882458
	0.975880
	0.995787
	0.095901
	0.138128
	0.315286
	0.680252
	0.919304
	0.984465
	0.997341
	0.085642
	0.126495
	0.301986
	0.672780
	0.918256
	0.984550
	0.997418
	0.081483
	0.122782
	0.300102
	0.673199
	0.918646
	0.984634
	0.997410
	0.069393
	0.102959
	0.256368
	0.624585
	0.902525
	0.981633
	0.996937
	0.061487
	0.085999
	0.205661
	0.548048
	0.871089
	0.975204
	0.995877
	0.058228
	0.078869
	0.182501
	0.505470
	0.850379
	0.970753
	0.995131
	0.048705
	0.059172
	0.115873
	0.346668
	0.742522
	0.944233
	0.990594
	0.042553
	0.048320
	0.080731
	0.234727
	0.616338
	0.904096
	0.983281
	0.040067
	0.044445
	0.069296
	0.193504
	0.550441
	0.877449
	0.978162
	0.033001
	0.034828
	0.045350
	0.103732
	0.344614
	0.750908
	0.949512
	0.028589
	0.029618
	0.035516
	0.069458
	0.232788
	0.629655
	0.913661
	0.026837
	0.027660
	0.032368
	0.059762
	0.197684
	0.577159
	0.894254
	0.021931
	0.022392
	0.024983
	0.040381
	0.125058
	0.433396
	0.824670
	0.018917
	0.019249
	0.021100
	0.032172
	0.095154
	0.354999
	0.771026
	0.547249
	1.960374
	2.984529
	3.399028
	4.708674
	5.657834
	6.073988
	7.388866
	8.341817
	8.752378
	10.049584
	10.989728
	11.395605
	12.678013
	13.607431
	14.007964
	15.273486
	16.190666
	16.585415
	17.832658
	18.736592
	19.124987
	20.352156
	21.241541
	21.622932
	22.827973
	23.701321
	24.074947
	25.255452
	26.111018
	26.475984
	27.629127
	28.464861
	28.820111
	29.942554
	30.756039
	31.100323
	32.188118
	32.976493
	33.308331
	34.356806
	35.116682
	35.434332
	36.437974
	37.165358
	37.466782
	38.419158
	39.109388
	39.392255
	40.286001
	40.933739
	41.195474
	42.022448
	42.621794
	42.859712
	43.611437
	44.156246
	44.367816
	45.036288
	45.520759
	45.704033
	46.283103
	46.702781
	46.856744
	47.343206
	47.695767
	47.821285
	48.217869
	48.505291
	48.603176
	48.912451
	49.136597
	49.214980
	49.462641
	49.642131
	49.688133
	49.833478
	49.938816
	49.980163
	50.110802
	50.205482
	50.246829
	50.377469
	50.472149
	50.513496
	50.644135
	50.738816
	50.780163
	50.910802
	51.005482
	0.999933
	0.998532
	0.997084
	0.996677
	0.996133
	0.996064
	0.996035
	0.995939
	0.995863
	0.995833
	0.995764
	0.995721
	0.995703
	0.995658
	0.995625
	0.995610
	0.995575
	0.995547
	0.995535
	0.995504
	0.995480
	0.995469
	0.995441
	0.995418
	0.995408
	0.995382
	0.995360
	0.995350
	0.995325
	0.995303
	0.995293
	0.995268
	0.995247
	0.995236
	0.995212
	0.995190
	0.995179
	0.995154
	0.995131
	0.995120
	0.995095
	0.995071
	0.995059
	0.995033
	0.995008
	0.994996
	0.994969
	0.994943
	0.994930
	0.994902
	0.994874
	0.994860
	0.994831
	0.994801
	0.994786
	0.994755
	0.994723
	0.994706
	0.994673
	0.994639
	0.994621
	0.994585
	0.994548
	0.994529
	0.994490
	0.994449
	0.994430
	0.994386
	0.994341
	0.994320
	0.994273
	0.994229
	0.994208
	0.994147
	0.994081
	0.994062
	0.994022
	0.994003
	0.993995
	0.993969
	0.993941
	0.993923
	0.993839
	0.993716
	0.993637
	0.993199
	0.992652
	0.992342
	0.991102
	0.990000
	1.000000
	1.000000
	100.000000
	97.115471
	94.442166
	91.758183
	89.110272
	86.492569
	83.909334
	81.363408
	78.858459
	76.398679
	73.988982
	71.635139
	69.343961
	67.123507
	64.983318
	62.934642
	60.990612
	59.166261
	57.478206
	55.943754
	54.579241
	53.397219
	52.404233
	51.594709
	50.963403
	50.457869
	50.161184
	49.894518
	49.627851
	49.361184
	-67.606145
	-67.606145
	-67.606145
	-62.655583
	-62.655583
	-62.655583
	-62.905849
	-62.905849
	-62.905849
	-62.060421
	-62.060421
	-62.060421
	-61.352413
	-61.352413
	-61.352413
	-60.544579
	-60.544579
	-60.544579
	-59.670136
	-59.670136
	-59.670136
	-58.709740
	-58.709740
	-58.709740
	-57.651091
	-57.651091
	-57.651091
	-56.477277
	-56.477277
	-56.477277
	-55.168198
	-55.168198
	-55.168198
	-53.699488
	-53.699488
	-53.699488
	-52.041882
	-52.041882
	-52.041882
	-50.160689
	-50.160689
	-50.160689
	-48.015842
	-48.015842
	-48.015842
	-45.563192
	-45.563192
	-45.563192
	-42.758233
	-42.758233
	-42.758233
	-39.563782
	-39.563782
	-39.563782
	-35.963736
	-35.963736
	-35.963736
	-31.980773
	-31.980773
	-31.980773
	-27.703625
	-27.703625
	-27.703625
	-23.273120
	-23.273120
	-23.273120
	-18.973214
	-18.973214
	-18.973214
	-14.796226
	-14.796226
	-14.796226
	-11.848471
	-11.848471
	-11.848471
	-6.953538
	-6.953538
	-6.953538
	-6.250001
	-6.250001
	-6.250001
	-6.250000
	-6.250000
	-6.250000
	-6.250000
	-6.250000
	-6.250000
	-6.250001
	-6.250001
	-6.250001
	0.500000
	1.000000
	1.000000
	1.000000
	1.000000
	1.000000
	1.000000
	0.486339
	0.585686
	0.691575
	0.803999
	0.897947
	0.959122
	0.993062
	0.471799
	0.588212
	0.727761
	0.850032
	0.930771
	0.974496
	0.995670
	0.456557
	0.566580
	0.706561
	0.835460
	0.923300
	0.971626
	0.995170
	0.440582
	0.551853
	0.696727
	0.831322
	0.922405
	0.971670
	0.995178
	0.423843
	0.534692
	0.683502
	0.824380
	0.919931
	0.971074
	0.995076
	0.406305
	0.516556
	0.669464
	0.817136
	0.917480
	0.970543
	0.994984
	0.387940
	0.497030
	0.653897
	0.808960
	0.914697
	0.969933
	0.994880
	0.368723
	0.476062
	0.636693
	0.799796
	0.911590
	0.969261
	0.994765
	0.348638
	0.453530
	0.617587
	0.789432
	0.908082
	0.968510
	0.994636
	0.327679
	0.429335
	0.596303
	0.777630
	0.904088
	0.967662
	0.994491
	0.305861
	0.403395
	0.572521
	0.764086
	0.899498
	0.966697
	0.994326
	0.283219
	0.375662
	0.545893
	0.748417
	0.894167
	0.965586
	0.994137
	0.259823
	0.346150
	0.516053
	0.730142
	0.887902
	0.964291
	0.993916
	0.235785
	0.314960
	0.482660
	0.708662
	0.880446
	0.962758
	0.993655
	0.211274
	0.282331
	0.445460
	0.683243
	0.871449
	0.960913
	0.993342
	0.186530
	0.248675
	0.404402
	0.653035
	0.860442
	0.958654
	0.992958
	0.161873
	0.214619
	0.359799
	0.617139
	0.846803
	0.955834
	0.992479
	0.137715
	0.181010
	0.312522
	0.574794
	0.829738
	0.952253
	0.991869
	0.114547
	0.148859
	0.264123
	0.525696
	0.808287
	0.947640
	0.991078
	0.092916
	0.119220
	0.216793
	0.470537
	0.781481
	0.941657
	0.990041
	0.073358
	0.092948
	0.172765
	0.410905
	0.748180
	0.933787
	0.988654
	0.056320
	0.070697
	0.134418
	0.350854
	0.708770
	0.923814
	0.986855
	0.042058
	0.052289
	0.101113
	0.288627
	0.657550
	0.909041
	0.984111
	0.030635
	0.038502
	0.078220
	0.244761
	0.617024
	0.896984
	0.981767
	0.021761
	0.026073
	0.049127
	0.159329
	0.489401
	0.842058
	0.970637
	0.015371
	0.023567
	0.067256
	0.255218
	0.651838
	0.913949
	0.984708
	0.010801
	0.015440
	0.041366
	0.168125
	0.529681
	0.867634
	0.975763
	0.007353
	0.008391
	0.014426
	0.048634
	0.211197
	0.611075
	0.907424
	0.004881
	0.005061
	0.006100
	0.012288
	0.048136
	0.220798
	0.638167
	-0.286806
	-30.120553
	-14.624643
	-5.942109
	-2.108607
	-0.638393
	-0.095024
	-0.340040
	5.324204
	-3.394110
	-4.662558
	-2.980306
	-1.283022
	-0.222473
	-0.341652
	-9.914361
	0.139359
	0.291093
	-0.637317
	-0.542186
	-0.115405
	-0.338059
	0.190684
	2.123457
	2.554939
	1.715558
	0.775262
	0.116291
	-0.341474
	0.116279
	0.125175
	0.222490
	0.239154
	0.132460
	0.036751
	-0.346749
	-0.649408
	-0.137860
	0.028729
	0.009045
	0.005670
	-0.013301
	-0.350337
	-0.546958
	-0.492230
	-0.302313
	-0.144983
	-0.054672
	-0.009805
	-0.360123
	-0.470591
	-0.493450
	-0.363685
	-0.192104
	-0.074010
	-0.012615
	-0.367365
	-0.539625
	-0.528344
	-0.372174
	-0.198739
	-0.078940
	-0.014048
	-0.368124
	-0.096471
	0.131668
	0.196144
	0.142198
	0.068050
	0.009810
	-0.376859
	-0.497761
	-0.436710
	-0.252555
	-0.103340
	-0.032392
	-0.003856
	-0.384403
	-0.483733
	-0.506245
	-0.372430
	-0.193746
	-0.071798
	-0.013856
	-0.385535
	-0.168056
	0.035582
	0.116258
	0.095413
	0.048127
	0.006642
	-0.394994
	-0.545770
	-0.506141
	-0.309750
	-0.134709
	-0.044615
	-0.006181
	-0.403045
	-0.533360
	-0.575596
	-0.429594
	-0.223775
	-0.082911
	-0.015599
	-0.403954
	-0.157118
	0.075449
	0.159036
	0.121844
	0.059040
	0.008263
	-0.413782
	-0.589492
	-0.558878
	-0.343160
	-0.147055
	-0.047650
	-0.006463
	-0.422306
	-0.574300
	-0.638962
	-0.484015
	-0.251597
	-0.092348
	-0.017430
	-0.423048
	-0.161596
	0.093917
	0.184761
	0.138293
	0.065570
	0.009177
	-0.433276
	-0.639291
	-0.625518
	-0.389858
	-0.166678
	-0.053400
	-0.007256
	-0.442286
	-0.622654
	-0.716741
	-0.552211
	-0.286728
	-0.104380
	-0.019677
	-0.442766
	-0.161413
	0.123588
	0.222321
	0.161607
	0.074673
	0.010475
	-0.453318
	-0.693954
	-0.702449
	-0.444749
	-0.189361
	-0.059809
	-0.008107
	-0.462802
	-0.675510
	-0.807715
	-0.634775
	-0.329371
	-0.118814
	-0.022386
	-0.462931
	-0.159637
	0.160309
	0.268714
	0.189962
	0.085474
	0.012013
	-0.473709
	-0.754114
	-0.792983
	-0.511661
	-0.217124
	-0.067565
	-0.009140
	-0.483640
	-0.733797
	-0.915592
	-0.736533
	-0.382182
	-0.136521
	-0.025701
	-0.483298
	-0.154859
	0.207630
	0.328115
	0.225685
	0.098746
	0.013907
	-0.494152
	-0.819838
	-0.899565
	-0.593592
	-0.251201
	-0.076928
	-0.010382
	-0.504475
	-0.797563
	-1.043876
	-0.863198
	-0.448350
	-0.158470
	-0.029807
	-0.503510
	-0.146342
	0.268405
	0.404625
	0.271032
	0.115148
	0.016250
	-0.514224
	-0.890935
	-1.025249
	-0.694880
	-0.293541
	-0.088363
	-0.011895
	-0.524846
	-0.866679
	-1.196891
	-1.022682
	-0.532414
	-0.186040
	-0.034955
	-0.523069
	-0.133090
	0.346545
	0.504170
	0.329296
	0.135632
	0.019180
	-0.533339
	-0.966644
	-1.173251
	-0.821130
	-0.346733
	-0.102471
	-0.013756
	-0.544114
	-0.940461
	-1.379466
	-1.225710
	-0.640756
	-0.221145
	-0.041499
	-0.541291
	-0.114128
	0.446684
	0.634749
	0.405001
	0.161460
	0.022877
	-0.550698
	-1.045310
	-1.346587
	-0.979609
	-0.414317
	-0.120054
	-0.016067
	-0.561407
	-1.017363
	-1.596516
	-1.486764
	-0.782443
	-0.266473
	-0.049935
	-0.557261
	-0.088700
	0.573930
	0.807060
	0.504401
	0.194311
	0.027581
	-0.565241
	-1.123923
	-1.547176
	-1.179460
	-0.501094
	-0.142186
	-0.018966
	-0.575570
	-1.094512
	-1.851952
	-1.824992
	-0.970361
	-0.325807
	-0.060958
	-0.569782
	-0.056684
	0.732898
	1.034837
	0.636023
	0.236392
	0.033607
	-0.575600
	-1.197556
	-1.774188
	-1.431552
	-0.613515
	-0.170291
	-0.022635
	-0.585108
	-1.167135
	-2.146448
	-2.264544
	-1.222663
	-0.404443
	-0.075547
	-0.577344
	-0.019254
	0.925546
	1.334356
	0.811161
	0.290518
	0.041353
	-0.580080
	-1.258817
	-2.021242
	-1.747324
	-0.760000
	-0.206221
	-0.027312
	-0.588174
	-1.228003
	-2.473451
	-2.832914
	-1.564221
	-0.509635
	-0.095047
	-0.578129
	0.020282
	1.147127
	1.721602
	1.043853
	0.360067
	0.051293
	-0.576700
	-1.297646
	-2.272434
	-2.135473
	-0.950933
	-0.252308
	-0.033300
	-0.582627
	-1.267229
	-2.813202
	-3.554343
	-2.027063
	-0.650871
	-0.121245
	-0.570101
	0.055861
	1.380279
	2.204821
	1.349442
	0.448653
	0.063929
	-0.563357
	-1.302055
	-2.498089
	-2.594744
	-1.197630
	-0.311276
	-0.040967
	-0.566232
	-1.273038
	-3.126085
	-4.433515
	-2.647222
	-0.839419
	-0.156321
	-0.551248
	0.078799
	1.588379
	2.768316
	1.739155
	0.558969
	0.079626
	-0.538184
	-1.260622
	-2.653701
	-3.102159
	-1.509516
	-0.386008
	-0.050742
	-0.537110
	-1.234252
	-3.350310
	-5.426299
	-3.453866
	-1.086372
	-0.202575
	-0.520022
	0.080961
	1.718063
	3.353080
	2.211109
	0.691291
	0.098405
	-0.500114
	-1.166814
	-2.686623
	-3.597206
	-1.886531
	-0.478396
	-0.062984
	-0.494412
	-1.144577
	-3.412133
	-6.402290
	-4.443422
	-1.397258
	-0.261572
	-0.475991
	0.056435
	1.703654
	3.821058
	2.721227
	0.836615
	0.118913
	-0.449643
	-1.024658
	-2.559401
	-3.985617
	-2.316925
	-0.590702
	-0.078394
	-0.439180
	-1.006736
	-3.253532
	-7.139882
	-5.556457
	-1.769690
	-0.333816
	-0.420455
	0.016322
	1.540121
	4.049029
	3.216400
	0.988251
	0.140365
	-0.389152
	-0.848351
	-2.262160
	-4.124593
	-2.734428
	-0.712515
	-0.095640
	-0.374628
	-0.835994
	-2.872144
	-7.359433
	-6.596959
	-2.165146
	-0.413763
	-0.356984
	-0.045665
	1.164410
	3.684860
	3.392283
	1.066042
	0.150088
	-0.323634
	-0.667589
	-1.877183
	-4.046805
	-3.201415
	-0.886694
	-0.124395
	-0.306529
	-0.649041
	-2.311566
	-6.943500
	-7.529740
	-2.637674
	-0.513653
	-0.290440
	-0.054949
	0.947847
	3.515281
	3.837316
	1.267974
	0.181593
	-0.257146
	-0.484856
	-1.363229
	-3.324178
	-3.082589
	-0.890788
	-0.121737
	-0.239498
	-0.485642
	-1.752386
	-5.829253
	-7.329900
	-2.730014
	-0.548112
	-0.227232
	-0.167463
	0.101788
	0.921765
	1.328500
	0.478644
	0.045250
	-0.199322
	-0.376132
	-1.168091
	-3.610565
	-4.880365
	-1.894307
	-0.336205
	-0.182711
	-0.319664
	-1.093944
	-4.490058
	-8.910858
	-4.470358
	-0.950282
	-0.170132
	0.061102
	1.189737
	5.203226
	8.587969
	3.705696
	0.637394
	-0.140226
	-0.115777
	0.085279
	0.943817
	1.466187
	0.664751
	0.209639
	-0.124887
	-0.201657
	-0.599484
	-1.753182
	-1.591271
	-0.454984
	-0.157969
	-0.118120
	-0.141302
	-0.242301
	-0.499456
	-0.418996
	-0.099930
	-0.027334
	-0.102079
	-0.223317
	-0.827036
	-2.872848
	-3.932466
	-1.449764
	-0.267883
	-0.092870
	-0.205613
	-0.825775
	-3.428559
	-6.210144
	-2.744187
	-0.558786
	-0.089063
	-0.200390
	-0.802513
	-3.374473
	-6.989748
	-3.582719
	-0.729807
	-0.077332
	-0.151466
	-0.568823
	-2.640903
	-7.973233
	-6.948661
	-1.867966
	-0.068968
	-0.109301
	-0.340563
	-1.592872
	-6.726069
	-9.931252
	-3.327211
	-0.065387
	-0.099100
	-0.294331
	-1.367137
	-5.760495
	-10.320884
	-4.419892
	-0.054681
	-0.067610
	-0.143574
	-0.585489
	-2.910143
	-9.057600
	-7.222200
	-0.047688
	-0.054870
	-0.096937
	-0.335016
	-1.458649
	-5.583730
	-8.511943
	-0.044864
	-0.049634
	-0.077609
	-0.241916
	-1.154049
	-4.817583
	-7.806571
	-0.036865
	-0.038681
	-0.049308
	-0.113077
	-0.488171
	-2.367857
	-6.041522
	-0.031898
	-0.033277
	-0.041265
	-0.088650
	-0.359150
	-1.609277
	-4.475277
	0.100000
	2.984529
	5.657834
	8.341817
	10.989728
	13.607431
	16.190666
	18.736592
	21.241541
	23.701321
	26.111018
	28.464861
	30.756039
	32.976493
	35.116682
	37.165358
	39.109388
	40.933739
	42.621794
	44.156246
	45.520759
	46.702781
	47.695767
	48.505291
	49.136597
	49.642131
	49.938816
	50.205482
	50.472149
	50.738816
	67.606145
	67.606145
	67.606145
	62.655583
	62.655583
	62.655583
	62.905849
	62.905849
	62.905849
	62.060421
	62.060421
	62.060421
	61.352413
	61.352413
	61.352413
	60.544579
	60.544579
	60.544579
	59.670136
	59.670136
	59.670136
	58.709740
	58.709740
	58.709740
	57.651091
	57.651091
	57.651091
	56.477277
	56.477277
	56.477277
	55.168198
	55.168198
	55.168198
	53.699488
	53.699488
	53.699488
	52.041882
	52.041882
	52.041882
	50.160689
	50.160689
	50.160689
	48.015842
	48.015842
	48.015842
	45.563192
	45.563192
	45.563192
	42.758233
	42.758233
	42.758233
	39.563782
	39.563782
	39.563782
	35.963736
	35.963736
	35.963736
	31.980773
	31.980773
	31.980773
	27.703625
	27.703625
	27.703625
	23.273120
	23.273120
	23.273120
	18.973214
	18.973214
	18.973214
	14.796226
	14.796226
	14.796226
	11.848471
	11.848471
	11.848471
	6.953538
	6.953538
	6.953538
	6.250001
	6.250001
	6.250001
	6.250000
	6.250000
	6.250000
	6.250000
	6.250000
	6.250000
	6.250001
	6.250001
	6.250001
	1.000000
	0.997084
	0.996064
	0.995863
	0.995721
	0.995625
	0.995547
	0.995480
	0.995418
	0.995360
	0.995303
	0.995247
	0.995190
	0.995131
	0.995071
	0.995008
	0.994943
	0.994874
	0.994801
	0.994723
	0.994639
	0.994548
	0.994449
	0.994341
	0.994229
	0.994081
	0.994003
	0.993941
	0.993716
	0.992652
	-0.027937
	-0.093064
	-0.091112
	-0.050777
	-0.008410
	-0.004363
	-0.004416
	-0.004820
	-0.005225
	-0.004139
	-0.002793
	-0.003068
	-0.002519
	-0.002021
	-0.002477
	-0.002010
	-0.001623
	-0.002104
	-0.001702
	-0.001409
	-0.001911
	-0.001538
	-0.001288
	-0.001807
	-0.001448
	-0.001221
	-0.001762
	-0.001404
	-0.001189
	-0.001757
	-0.001392
	-0.001179
	-0.001784
	-0.001403
	-0.001185
	-0.001839
	-0.001432
	-0.001203
	-0.001918
	-0.001478
	-0.001230
	-0.002022
	-0.001538
	-0.001266
	-0.002153
	-0.001614
	-0.001308
	-0.002312
	-0.001705
	-0.001359
	-0.002502
	-0.001813
	-0.001421
	-0.002722
	-0.001940
	-0.001500
	-0.002969
	-0.002084
	-0.001605
	-0.003230
	-0.002244
	-0.001753
	-0.003496
	-0.002408
	-0.001933
	-0.003706
	-0.002574
	-0.002221
	-0.004002
	-0.002710
	-0.002315
	-0.003753
	-0.002910
	-0.003383
	-0.005596
	-0.002634
	-0.001363
	-0.001294
	-0.001167
	-0.001505
	-0.002263
	-0.002791
	-0.005923
	-0.010686
	-0.013829
	-0.029010
	-0.043665
	-0.050140
	-0.067724
	-0.077262
	0.000000
	0.000000
	0.000000
	0.000000
	0.000000
	0.000000
	0.000000
	0.000000
	0.000000
	0.000000
	0.000000
	0.000000
	0.000000
	0.000000
	0.000000
	0.000000
	0.000000
	0.000000
	0.000000
	0.000000
	0.000000
	0.000000
	0.000000
	0.000000
	0.000000
	0.000000
	0.000000
	0.000000
	0.000000
	0.000000
	0.000000
	0.000000
	0.000000
	0.000000
	0.000000
	0.000000
	0.000000
	0.000000
	0.000000
	0.000000
	0.000000
	0.000000
	0.000000
	0.000000
	0.000000
	0.000000
	0.000000
	0.000000
	0.000000
	0.000000
	0.000000
	0.000000
	0.000000
	0.000000
	0.000000
	0.000000
	0.000000
	0.000000
	0.000000
	0.000000
	0.000000
	0.000000
	0.000000
	0.000000
	0.000000
	0.000000
	0.000000
	0.000000
	0.000000
	0.000000
	0.000000
	0.000000
	0.000000
	0.000000
	0.000000
	0.000000
	0.000000
	0.000000
	0.000000
	0.000000
	0.000000
	0.000000
	0.000000
	0.000000
	0.000000
	0.000000
	0.000000
	0.000000
	0.000000
	0.000000
	0.000000
	0.000000
	0.000000
	0.000000
	0.000000
	0.000000
	0.000000
	0.000000
	0.000000
	0.000000
	0.000000
	0.000000
	0.000000
	0.000000
	0.000000
	0.000000
	0.000000
	0.000000
	0.000000
	0.000000
	0.000000
	0.000000
	0.000000
	0.000000
	0.000000
	0.000000
	0.000000
	0.000000
	0.000000
	0.000000
	0.000000
	0.000000
	0.000000
	0.000000
	0.000000
	0.000000
	0.000000
	0.000000
	0.000000
	0.000000
	0.000000
	0.000000
	0.000000
	0.000000
	0.000000
	0.000000
	0.000000
	0.000000
	0.000000
	0.000000
	0.000000
	0.000000
	0.000000
	0.000000
	0.000000
	0.000000
	0.000000
	0.000000
	0.000000
	0.000000
	0.000000
	0.000000
	0.000000
	0.000000
	0.000000
	0.000000
	0.000000
	0.000000
	0.000000
	0.000000
	0.000000
	0.000000
	0.000000
	0.000000
	0.000000
	0.000000
	0.000000
	0.000000
	0.000000
	0.000000
	0.000000
	0.000000
	0.000000
	0.000000
	0.000000
	0.000000
	0.000000
	0.000000
	0.000000
	0.000000
	0.000000
	0.000000
	0.000000
	0.000000
	0.000000
	0.000000
	0.000000
	0.000000
	0.000000
	0.000000
	0.000000
	0.000000
	0.000000
	0.000000
	0.000000
	0.000000
	0.000000
	0.000000
	0.000000
	0.000000
	0.000000
	0.000000
	0.000000
	0.000000
	0.000000
	0.000000
	0.000000
	0.000000
	0.000000
	0.000000
	0.000000
	0.000000
	0.000000
	0.000000
	0.000000
	0.000000
	0.000000
	0.000000
	0.000000
	0.000000
	0.000000
	0.000000
	0.000000
	0.000000
	0.000000
	0.000000
	0.000000
	0.000000
	0.000000
	0.000000
	0.000000
	0.000000
	0.000000
	0.000000
	0.000000
	0.000000
	0.000000
	0.000000
	0.000000
	0.000000
	0.000000
	0.000000
	0.000000
	0.000000
	0.000000
	0.000000
	0.000000
	0.000000
	0.000000
	0.000000
	0.000000
	0.000000
	0.000000
	0.000000
	0.000000
	0.000000
	0.000000
	0.000000
	0.000000
	0.000000
	0.000000
	0.000000
	0.000000
	0.000000
	0.000000
	0.000000
	0.000000
	0.000000
	0.000000
	0.000000
	0.000000
	0.000000
	0.000000
	0.000000
	0.000000
	0.000000
	0.000000
	0.000000
	0.000000
	0.000000
	0.000000
	0.000000
	0.000000
	0.000000
	0.000000
	0.000000
	0.000000
	0.000000
	0.000000
	0.000000
	0.000000
	0.000000
	0.000000
	0.000000
	0.000000
	0.000000
	0.000000
	0.000000
	0.000000
	0.000000
	0.000000
	0.000000
	0.000000
	0.000000
	0.000000
	0.000000
	0.000000
	0.000000
	0.000000
	0.000000
	0.000000
	0.000000
	0.000000
	0.000000
	0.000000
	0.000000
	0.000000
	0.000000
	0.000000
	0.000000
	0.000000
	0.000000
	0.000000
	0.000000
	0.000000
	0.000000
	0.000000
	0.000000
	0.000000
	0.000000
	0.000000
	0.000000
	0.000000
	0.000000
	0.000000
	0.000000
	0.000000
	0.000000
	0.000000
	0.000000
	0.000000
	0.000000
	0.000000
	0.000000
	0.000000
	0.000000
	0.000000
	0.000000
	0.000000
	0.000000
	0.000000
	0.000000
	0.000000
	0.000000
	0.000000
	0.000000
	0.000000
	0.000000
	0.000000
	0.000000
	0.000000
	0.000000
	0.000000
	0.000000
	0.000000
	0.000000
	0.000000
	0.000000
	0.000000
	0.000000
	0.000000
	0.000000
	0.000000
	0.000000
	0.000000
	0.000000
	0.000000
	0.000000
	0.000000
	0.000000
	0.000000
	0.000000
	0.000000
	0.000000
	0.000000
	0.000000
	0.000000
	0.000000
	0.000000
	0.000000
	0.000000
	0.000000
	0.000000
	0.000000
	0.000000
	0.000000
	0.000000
	0.000000
	0.000000
	0.000000
	0.000000
	0.000000
	0.000000
	0.000000
	0.000000
	0.000000
	0.000000
	0.000000
	0.000000
	0.000000
	0.000000
	0.000000
	0.000000
	0.000000
	0.000000
	0.000000
	0.000000
	0.000000
	0.000000
	0.000000
	0.000000
	0.000000
	0.000000
	0.000000
	0.000000
	0.000000
	0.000000
	0.000000
	0.000000
	0.000000
	0.000000
	0.000000
	0.000000
	0.000000
	0.000000
	0.000000
	0.000000
	0.000000
	0.000000
	0.000000
	0.000000
	0.000000
	0.000000
	0.000000
	0.000000
	0.000000
	0.000000
	0.000000
	0.000000
	0.000000
	0.000000
	0.000000
	0.000000
	0.000000
	0.000000
	0.000000
	0.000000
	0.000000
	0.000000
	0.000000
	0.000000
	0.000000
	0.000000
	0.000000
	0.000000
	0.000000
	0.000000
	0.000000
	0.000000
	0.000000
	0.000000
	0.000000
	0.000000
	0.000000
	0.000000
	0.000000
	0.000000
	0.000000
	0.000000
	0.000000
	0.000000
	0.000000
	0.000000
	0.000000
	0.000000
	0.000000
	0.000000
	0.000000
	0.000000
	0.000000
	0.000000
	0.000000
	0.000000
	0.000000
	0.000000
	0.000000
	0.000000
	0.000000
	0.000000
	0.000000
	0.000000
	0.000000
	0.000000
	0.000000
	0.000000
	0.000000
	0.000000
	0.000000
	0.000000
	0.000000
	0.000000
	0.000000
	0.000000
	0.000000
	0.000000
	0.000000
	0.000000
	0.000000
	0.000000
	0.000000
	0.000000
	0.000000
	0.000000
	0.000000
	0.000000
	0.000000
	0.000000
	0.000000
	0.000000
	0.000000
	0.000000
	0.000000
	0.000000
	0.000000
	0.000000
	0.000000
	0.000000
	0.000000
	0.000000
	0.000000
	0.000000
	0.000000
	0.000000
	0.000000
	0.000000
	0.000000
	0.000000
	0.000000
	0.000000
	0.000000
	0.000000
	0.000000
	0.000000
	0.000000
	0.000000
	0.000000
	0.000000
	0.000000
	0.000000
	0.000000
	0.000000
	0.000000
	0.000000
	0.000000
	0.000000
	0.000000
	0.000000
	0.000000
	0.000000
	0.000000
	0.000000
	0.000000
	0.000000
	0.000000
	0.000000
	0.000000
	0.000000
	0.000000
	0.000000
	0.000000
	0.000000
	0.000000
	0.000000
	0.000000
	0.000000
	0.000000
	0.000000
	0.000000
	0.000000
	0.000000
	0.000000
	0.000000
	0.000000
	0.000000
	0.000000
	0.000000
	0.000000
	0.000000
	0.000000
	0.000000
	0.000000
	0.000000
	0.000000
	0.000000
	0.000000
	0.000000
	0.000000
	0.000000
	0.000000
	0.000000
	0.000000
	0.000000
	0.000000
	0.000000
	0.000000
	0.000000
	0.000000
	0.000000
	0.000000
	0.000000
	0.000000
	0.000000
	0.000000
	0.000000
	0.000000
	0.000000
	0.000000
	0.000000
	0.000000
	0.000000
	0.000000
	0.000000
	0.000000
	0.000000
	0.000000
	0.000000
	0.000000
	0.000000
	0.000000
	0.000000
	0.000000
	0.000000
	0.000000
	0.000000
	0.000000
	0.000000
	0.000000
	0.000000
	0.000000
	0.000000
	0.000000
	0.000000
	0.000000
	0.000000
	0.000000
	0.000000
	0.000000
	0.000000
	0.000000
	0.000000
	0.000000
	0.000000
	0.000000
	0.000000
	0.000000
	0.000000
	0.000000
	0.000000
	0.000000
	0.000000
	0.000000
	0.000000
	0.000000
	0.000000
	0.000000
	0.000000
	0.000000
	0.000000
	0.000000
	0.000000
	0.000000
	0.000000
	0.000000
	0.000000
	0.000000
	0.000000
	0.000000
	0.000000
	0.000000
	0.000000
	0.000000
	0.000000
	0.000000
	0.000000
	0.000000
	0.000000
	0.000000
	0.000000
	0.000000
	0.000000
	0.000000
	0.000000
	0.000000
	0.000000
	0.000000
	0.000000
	0.000000
	0.000000
	0.000000
	0.000000
	0.000000
	0.000000
	0.000000
	0.000000
	0.000000
	0.000000
	0.000000
	0.000000
	0.000000
	0.000000
	0.000000
	0.000000
	0.000000
	0.000000
	0.000000
	0.000000
	0.000000
	0.000000
	0.000000
	0.000000
	0.000000
	0.000000
	0.000000
	0.000000
	0.000000
	0.000000
	0.000000
	0.000000
	0.000000
	0.000000
	0.000000
	0.000000
	0.000000
	0.000000
	0.000000
	0.000000
	0.000000
	0.000000
	0.000000
	0.000000
	0.000000
	0.000000
	0.000000
	0.000000
	0.000000
	0.000000
	0.000000
	0.000000
	0.000000
	0.000000
	0.000000
	0.000000
	0.000000
	0.000000
	0.000000
	0.000000
	0.000000
	0.000000
	0.000000
	0.000000
	0.000000
	0.000000
	0.000000
	0.000000
	0.000000
	0.000000
	0.000000
	0.000000
	0.000000
	0.000000
	0.000000
	0.000000
	0.000000
	0.000000
	0.000000
	0.000000
	0.000000
	0.000000
	0.000000
	0.000000
	0.000000
	0.000000
	0.000000
	0.000000
	0.000000
	0.000000
	0.000000
	0.000000
	0.000000
	0.000000
	0.000000
	0.000000
	0.000000
	0.000000
	0.000000
	0.000000
	0.000000
	0.000000
	0.000000
	0.000000
	0.000000
	0.000000
	0.000000
	0.000000
	0.000000
	0.000000
	0.000000
	0.000000
	0.000000
	0.000000
	0.000000
	0.000000
	0.000000
	0.000000
	0.000000
	0.000000
	0.000000
	0.000000
	0.000000
	0.000000
	0.000000
	0.000000
	0.000000
	0.000000
	0.000000
	0.000000
	0.000000
	0.000000
	0.000000
	0.000000
	0.000000
	0.000000
	0.000000
	0.000000
	0.000000
	0.000000
	0.000000
	0.000000
	0.000000
	0.000000
	0.000000
	0.000000
	0.000000
	0.000000
	0.000000
	0.000000
	0.000000
	0.000000
	0.000000
	0.000000
	0.000000
	0.000000
	0.000000
	0.000000
	0.000000
	0.000000
	0.000000
	0.000000
	0.000000
	0.000000
	0.000000
	0.000000
	0.000000
	0.000000
	0.000000
	0.000000
	0.000000
	0.000000
	0.000000
	0.000000
	0.000000
	0.000000
	0.000000
	0.000000
	0.000000
	0.000000
	0.000000
	0.000000
	0.000000
	0.000000
	0.000000
	0.000000
	0.000000
	0.000000
	0.000000
	0.000000
	0.000000
	0.000000
	0.000000
	0.000000
	0.000000
	0.000000
	0.000000
	0.000000
	0.000000
	0.000000
	0.000000
	0.000000
	0.000000
	0.000000
	0.000000
	0.000000
	0.000000
	0.000000
	0.000000
	0.000000
	0.000000
	0.000000
	0.000000
	0.000000
	0.000000
	0.000000
	0.000000
	0.000000
	0.000000
	0.000000
	0.000000
	0.000000
	0.000000
	0.000000
	0.000000
	0.000000
	0.000000
	0.000000
	0.000000
	0.000000
	0.000000
	0.000000
	0.000000
	0.000000
	0.000000
	0.000000
	0.000000
	0.000000
	0.000000
	0.000000
	0.000000
	0.000000
	0.000000
	0.000000
	0.000000
	0.000000
	0.000000
	0.000000
	0.000000
	0.000000
	0.000000
	0.000000
	0.000000
	0.000000
	0.000000
	0.000000
	0.000000
	0.000000
	0.000000
	0.000000
	0.000000
	0.000000
	0.000000
	0.000000
	0.000000
	0.000000
	0.000000
	0.000000
	0.000000
	0.000000
	0.000000
	0.000000
	0.000000
	0.000000
	0.000000
	0.000000
	0.000000
	0.000000
	0.000000
	0.000000
	0.000000
	0.000000
	0.000000
	0.000000
	0.000000
	0.000000
	0.000000
	0.000000
	0.000000
	0.000000
	0.000000
	0.000000
	0.000000
	0.000000
	0.000000
	0.000000
	0.000000
	0.000000
	0.000000
	0.000000
	0.000000
	0.000000
	0.000000
	0.000000
	0.000000
	0.000000
	0.000000
	0.000000
	0.000000
	0.000000
	0.000000
	0.000000
	0.000000
	0.000000
	0.000000
	0.000000
	0.000000
	0.000000
	0.000000
	0.000000
	0.000000
	0.000000
	0.000000
	0.000000
	0.000000
	0.000000
	0.000000
	0.000000
	0.000000
	0.000000
	0.000000
	0.000000
	0.000000
	0.000000
	0.000000
	0.000000
	0.000000
	0.000000
	0.000000
	0.000000
	0.000000
	0.000000
	0.000000
	0.000000
	0.000000
	0.000000
	0.000000
	0.000000
	0.000000
	0.000000
	0.000000
	0.000000
	0.000000
	0.000000
	0.000000
	0.000000
	0.000000
	0.000000
	0.000000
	0.000000
	0.000000
	0.000000
	0.000000
	0.000000
	0.000000
	0.000000
	0.000000
	0.000000
	0.000000
	0.000000
	0.000000
	0.000000
	0.000000
	0.000000
	0.000000
	0.000000
	0.000000
	0.000000
	0.000000
	0.000000
	0.000000
	0.000000
	0.000000
	0.000000
	0.000000
	0.000000
	0.000000
	0.000000
	0.000000
	0.000000
	0.000000
	0.000000
	0.000000
	0.000000
	0.000000
	0.000000
	0.000000
	0.000000
	0.000000
	0.000000
	0.000000
	0.000000
	0.000000
	0.000000
	0.000000
	0.000000
	0.000000
	0.000000
	0.000000
	0.000000
	0.000000
	0.000000
	0.000000
	0.000000
	0.000000
	0.000000
	0.000000
	0.000000
	0.000000
	0.000000
	0.000000
	0.000000
	0.000000
	0.000000
	0.000000
	0.000000
	0.000000
	0.000000
	0.000000
	0.000000
	0.000000
	0.000000
	0.000000
	0.000000
	0.000000
	0.000000
	0.000000
	0.000000
	0.000000
	0.000000
	0.000000
	0.000000
	0.000000
	0.000000
	0.000000
	0.000000
	0.000000
	0.000000
	0.000000
	0.000000
	0.000000
	0.000000
	0.000000
	0.000000
	0.000000
	0.000000
	0.000000
	0.000000
	0.000000
	0.000000
	0.000000
	0.000000
	0.000000
	0.000000
	0.000000
	0.000000
	0.000000
	0.000000
	0.000000
	0.000000
	0.000000
	0.000000
	0.000000
	0.000000
	0.000000
	0.000000
	0.000000
	0.000000
	0.000000
	0.000000
	0.000000
	0.000000
	0.000000
	0.000000
	0.000000
	0.000000
	0.000000
	0.000000
	0.000000
	0.000000
	0.000000
	0.000000
	0.000000
	0.000000
	0.000000
	0.000000
	0.000000
	0.000000
	0.000000
	0.000000
	0.000000
	0.000000
	0.000000
	0.000000
	0.000000
	0.000000
	0.000000
	0.000000
	0.000000
	0.000000
	0.000000
	0.000000
	0.000000
	0.000000
	0.000000
	0.000000
	0.000000
	0.000000
	0.000000
	0.000000
	0.000000
	0.000000
	0.000000
	0.000000
	0.000000
	0.000000
	0.000000
	0.000000
	0.000000
	0.000000
	0.000000
	0.000000
	0.000000
	0.000000
	0.000000
	0.000000
	0.000000
	0.000000
	0.000000
	0.000000
	0.000000
	0.000000
	0.000000
	0.000000
	0.000000
	0.000000
	0.000000
	0.000000
	0.000000
	0.000000
	0.000000
	0.000000
	0.000000
	0.000000
	0.000000
	0.000000
	0.000000
	0.000000
	0.000000
	0.000000
	0.000000
	0.000000
	0.000000
	0.000000
	0.000000
	0.000000
	0.000000
	0.000000
	0.000000
	0.000000
	0.000000
	0.000000
	0.000000
	0.000000
	0.000000
	0.000000
	0.000000
	0.000000
	0.000000
	0.000000
	0.000000
	0.000000
	0.000000
	0.000000
	0.000000
	0.000000
	0.000000
	0.000000
	0.000000
	0.000000
	0.000000
	0.000000
	0.000000
	0.000000
	0.000000
	0.000000
	0.000000
	0.000000
	0.000000
	0.000000
	0.000000
	0.000000
	0.000000
	0.000000
	0.000000
	0.000000
	0.000000
	0.000000
	0.000000
	0.000000
	0.000000
	0.000000
	0.000000
	0.000000
	0.000000
	0.000000
	0.000000
	0.000000
	0.000000
	0.000000
	0.000000
	0.000000
	0.000000
	0.000000
	0.000000
	0.000000
	0.000000
	0.000000
	0.000000
	0.000000
	0.000000
	0.000000
	0.000000
	0.000000
	0.000000
	0.000000
	0.000000
	0.000000
	0.000000
	0.000000
	0.000000
	0.000000
	0.000000
	0.000000
	0.000000
	0.000000
	0.000000
	0.000000
	0.000000
	0.000000
	0.000000
	0.000000
	0.000000
	0.000000
	0.000000
	0.000000
	0.000000
	0.000000
	0.000000
	0.000000
	0.000000
	0.000000
	0.000000
	0.000000
	0.000000
	0.000000
	0.000000
	0.000000
	0.000000
	0.000000
	0.000000
	0.000000
	0.000000
	0.000000
	0.000000
	0.000000
	0.000000
	0.000000
	0.000000
	0.000000
	0.000000
	0.000000
	0.000000
	0.000000
	0.000000
	0.000000
	0.000000
	0.000000
	0.000000
	0.000000
	0.000000
	0.000000
	0.000000
	0.000000
	0.000000
	0.000000
	0.000000
	0.000000
	0.000000
	0.000000
	0.000000
	0.000000
	0.000000
	0.000000
	0.000000
	0.000000
	0.000000
	0.000000
	0.000000
	0.000000
	0.000000
	0.000000
	0.000000
	0.000000
	0.000000
	0.000000
	0.000000
	0.000000
	0.000000
	0.000000
	0.000000
	0.000000
	0.000000
	0.000000
	0.000000
	0.000000
	0.000000
	0.000000
	0.000000
	0.000000
	0.000000
	0.000000
	0.000000
	0.000000
	0.000000
	0.000000
	0.000000
	0.000000
	0.000000
	0.000000
	0.000000
	0.000000
	0.000000
	0.000000
	0.000000
	0.000000
	0.000000
	0.000000
	0.000000
	0.000000
	0.000000
	0.000000
	0.000000
	0.000000
	0.000000
	0.000000
	0.000000
	0.000000
	0.000000
	0.000000
	0.000000
	0.000000
	0.000000
	0.000000
	0.000000
	0.000000
	0.000000
	0.000000
	0.000000
	0.000000
	0.000000
	0.000000
	0.000000
	0.000000
	0.000000
	0.000000
	0.000000
	0.000000
	0.000000
	0.000000
	0.000000
	0.000000
	0.000000
	0.000000
	0.000000
	0.000000
	0.000000
	0.000000
	0.000000
	0.000000
	0.000000
	0.000000
	0.000000
	0.000000
	0.000000
	0.000000
	0.000000
	0.000000
	0.000000
	0.000000
	0.000000
	0.000000
	0.000000
	0.000000
	0.000000
	0.000000
	0.000000
	0.000000
	0.000000
	0.000000
	0.000000
	0.000000
	0.000000
	0.000000
	0.000000
	0.000000
	0.000000
	0.000000
	0.000000
	0.000000
	0.000000
	0.000000
	0.000000
	0.000000
	0.000000
	0.000000
	0.000000
	0.000000
	0.000000
	0.000000
	0.000000
	0.000000
	0.000000
	0.000000
	0.000000
	0.000000
	0.000000
	0.000000
	0.000000
	0.000000
	0.000000
	0.000000
	0.000000
	0.000000
	0.000000
	0.000000
	0.000000
	0.000000
	0.000000
	0.000000
	0.000000
	0.000000
	0.000000
	0.000000
	0.000000
	0.000000
	0.000000
	0.000000
	0.000000
	0.000000
	0.000000
	0.000000
	0.000000
	0.000000
	0.000000
	0.000000
	0.000000
	0.000000
	0.000000
	0.000000
	0.000000
	0.000000
	0.000000
	0.000000
	0.000000
	0.000000
	0.000000
	0.000000
	0.000000
	0.000000
	0.000000
	0.000000
	0.000000
	0.000000
	0.000000
	0.000000
	0.000000
	0.000000
	0.000000
	0.000000
	0.000000
	0.000000
	0.000000
	0.000000
	0.000000
	0.000000
	0.000000
	0.000000
	0.000000
	0.000000
	0.000000
	0.000000
	0.000000
	0.000000
	0.000000
	0.000000
	0.000000
	0.000000
	0.000000
	0.000000
	0.000000
	0.000000
	0.000000
	0.000000
	0.000000
	0.000000
	0.000000
	0.000000
	0.000000
	0.000000
	0.000000
	0.000000
	0.000000
	0.000000
	0.000000
	0.000000
	0.000000
	0.000000
	0.000000
	0.000000
	0.000000
	0.000000
	0.000000
	0.000000
	0.000000
	0.000000
	0.000000
	0.000000
	0.000000
	0.000000
	0.000000
	0.000000
	0.000000
	0.000000
	0.000000
	0.000000
	0.000000
	0.000000
	0.000000
	0.000000
	0.000000
	0.000000
	0.000000
	0.000000
	0.000000
	0.000000
	0.000000
	0.000000
	0.000000
	0.000000
	0.000000
	0.000000
	0.000000
	0.000000
	0.000000
	0.000000
	0.000000
	0.000000
	0.000000
	0.000000
	0.000000
	0.000000
	0.000000
	0.000000
	0.000000
	0.000000
	0.000000
	0.000000
	0.000000
	0.000000
	0.000000
	0.000000
	0.000000
	0.000000
	0.000000
	0.000000
	0.000000
	0.000000
	0.000000
	0.000000
	0.000000
	0.000000
	0.000000
	0.000000
	0.000000
	0.000000
	0.000000
	0.000000
	0.000000
	0.000000
	0.000000
	0.000000
	0.000000
	0.000000
	0.000000
	0.000000
	0.000000
	0.000000
	0.000000
	0.000000
	0.000000
	0.000000
	0.000000
	0.000000
	0.000000
	0.000000
	0.000000
	0.000000
	0.000000
	0.000000
	0.000000
	0.000000
	0.000000
	0.000000
	0.000000
	0.000000
	0.000000
	0.000000
	0.000000
	0.000000
	0.000000
	0.000000
	0.000000
	0.000000
	0.000000
	0.000000
	0.000000
	0.000000
	0.000000
	0.000000
	0.000000
	0.000000
	0.000000
	0.000000
	0.000000
	0.000000
	0.000000
	0.000000
	0.000000
	0.000000
	0.000000
	0.000000
	0.000000
	0.000000
	0.000000
	0.000000
	0.000000
	0.000000
	0.000000
	0.000000
	0.000000
	0.000000
	0.000000
	0.000000
	0.000000
	0.000000
	0.000000
	0.000000
	0.000000
	0.000000
	0.000000
	0.000000
	0.000000
	0.000000
	0.000000
	0.000000
	0.000000
	0.000000
	0.000000
	0.000000
	0.000000
	0.000000
	0.000000
	0.000000
	0.000000
	0.000000
	0.000000
	0.000000
	0.000000
	0.000000
	0.000000
	0.000000
	0.000000
	0.000000
	0.000000
	0.000000
	0.000000
	0.000000
	0.000000
	0.000000
	0.000000
	0.000000
	0.000000
	0.000000
	0.000000
	0.000000
	0.000000
	0.000000
	0.000000
	0.000000
	0.000000
	0.000000
	0.000000
	0.000000
	0.000000
	0.000000
	0.000000
	0.000000
	0.000000
	0.000000
	0.000000
	0.000000
	0.000000
	0.000000
	0.000000
	0.000000
	0.000000
	0.000000
	0.000000
	0.000000
	0.000000
	0.000000
	0.000000
	0.000000
	0.000000
	0.000000
	0.000000
	0.000000
	0.000000
	0.000000
	0.000000
	0.000000
	0.000000
	0.000000
	0.000000
	0.000000
	0.000000
	0.000000
	0.000000
	0.000000
	0.000000
	0.000000
	0.000000
	0.000000
	0.000000
	0.000000
	0.000000
	0.000000
	0.000000
	0.000000
	0.000000
	0.000000
	0.000000
	0.000000
	0.000000
	0.000000
	0.000000
	0.000000
	0.000000
	0.000000
	0.000000
	0.000000
	0.000000
	0.000000
	0.000000
	0.000000
	0.000000
	0.000000
	0.000000
	0.000000
	0.000000
	0.000000
	0.000000
	0.000000
	0.000000
	0.000000
	0.000000
	0.000000
	0.000000
	0.000000
	0.000000
	0.000000
	0.000000
	0.000000
	0.000000
	0.000000
	0.000000
	0.000000
	0.000000
	0.000000
	0.000000
	0.000000
	0.000000
	0.000000
	0.000000
	0.000000
	0.000000
	0.000000
	0.000000
	0.000000
	0.000000
	0.000000
	0.000000
	0.000000
	0.000000
	0.000000
	0.000000
	0.000000
	0.000000
	0.000000
	0.000000
	0.000000
	0.000000
	0.000000
	0.000000
	0.000000
	0.000000
	0.000000
	0.000000
	0.000000
	0.000000
	0.000000
	0.000000
	0.000000
	0.000000
	0.000000
	0.000000
	0.000000
	0.000000
	0.000000
	0.000000
	0.000000
	0.000000
	0.000000
	0.000000
	0.000000
	0.000000
	0.000000
	0.000000
	0.000000
	0.000000
	0.000000
	0.000000
	0.000000
	0.000000
	0.000000
	0.000000
	0.000000
	0.000000
	0.000000
	0.000000
	0.000000
	0.000000
	0.000000
	0.000000
	0.000000
	0.000000
	0.000000
	0.000000
	0.000000
	0.000000
	0.000000
	0.000000
	0.000000
	0.000000
	0.000000
	0.000000
	0.000000
	0.000000
	0.000000
	0.000000
	0.000000
	0.000000
	0.000000
	0.000000
	0.000000
	0.000000
	0.000000
	0.000000
	0.000000
	0.000000
	0.000000
	0.000000
	0.000000
	0.000000
	0.000000
	0.000000
	0.000000
	0.000000
	0.000000
	0.000000
	0.000000
	0.000000
	0.000000
	0.000000
	0.000000
	0.000000
	0.000000
	0.000000
	0.000000
	0.000000
	0.000000
	0.000000
	0.000000
	0.000000
	0.000000
	0.000000
	0.000000
	0.000000
	0.000000
	0.000000
	0.000000
	0.000000
	0.000000
	0.000000
	0.000000
	0.000000
	0.000000
	0.000000
	0.000000
	0.000000
	0.000000
	0.000000
	0.000000
	0.000000
	0.000000
	0.000000
	0.000000
	0.000000
	0.000000
	0.000000
	0.000000
	0.000000
	0.000000
	0.000000
	0.000000
	0.000000
	0.000000
	0.000000
	0.000000
	0.000000
	0.000000
	0.000000
	0.000000
	0.000000
	0.000000
	0.000000
	0.000000
	0.000000
	0.000000
	0.000000
	0.000000
	0.000000
	0.000000
	0.000000
	0.000000
	0.000000
	0.000000
	0.000000
	0.000000
	0.000000
	0.000000
	0.000000
	0.000000
	0.000000
	0.000000
	0.000000
	0.000000
	0.000000
	0.000000
	0.000000
	0.000000
	0.000000
	0.000000
	0.000000
	0.000000
	0.000000
	0.000000
	0.000000
	0.000000
	0.000000
	0.000000
	0.000000
	0.000000
	0.000000
	0.000000
	0.000000
	0.000000
	0.000000
	0.000000
	0.000000
	0.000000
	0.000000
	0.000000
	0.000000
	0.000000
	0.000000
	0.000000
	0.000000
	0.000000
	0.000000
	0.000000
	0.000000
	0.000000
	0.000000
	0.000000
	0.000000
	0.000000
	0.000000
	0.000000
	0.000000
	0.000000
	0.000000
	0.000000
	0.000000
	0.000000
	0.000000
	0.000000
	0.000000
	0.000000
	0.000000
	0.000000
	0.000000
	0.000000
	0.000000
	0.000000
	0.000000
	0.000000
	0.000000
	0.000000
	0.000000
	0.000000
	0.000000
	0.000000
	0.000000
	0.000000
	0.000000
	0.000000
	0.000000
	0.000000
	0.000000
	0.000000
	0.000000
	0.000000
	0.000000
	0.000000
	0.000000
	0.000000
	0.000000
	0.000000
	0.000000
	0.000000
	0.000000
	0.000000
	0.000000
	0.000000
	0.000000
	0.000000
	0.000000
	0.000000
	0.000000
	0.000000
	0.000000
	0.000000
	0.000000
	0.000000
	0.000000
	0.000000
	0.000000
	0.000000
	0.000000
	0.000000
	0.000000
	0.000000
	0.000000
	0.000000
	0.000000
	0.000000
	0.000000
	0.000000
	0.000000
	0.000000
	0.000000
	0.000000
	0.000000
	0.000000
	0.000000
	0.000000
	0.000000
	0.000000
	0.000000
	0.000000
	0.000000
	0.000000
	0.000000
	0.000000
	0.000000
	0.000000
	0.000000
	0.000000
	0.000000
	0.000000
	0.000000
	0.000000
	0.000000
	0.000000
	0.000000
	0.000000
	0.000000
	0.000000
	0.000000
	0.000000
	0.000000
	0.000000
	0.000000
	0.000000
	0.000000
	0.000000
	0.000000
	0.000000
	0.000000
	0.000000
	0.000000
	0.000000
	0.000000
	0.000000
	0.000000
	0.000000
	0.000000
	0.000000
	0.000000
	0.000000
	0.000000
	0.000000
	0.000000
	0.000000
	0.000000
	0.000000
	0.000000
	0.000000
	0.000000
	0.000000
	0.000000
	0.000000
	0.000000
	0.000000
	0.000000
	0.000000
	0.000000
	0.000000
	0.000000
	0.000000
	0.000000
	0.000000
	0.000000
	0.000000
	0.000000
	0.000000
	0.000000
	0.000000
	0.000000
	0.000000
	0.000000
	0.000000
	0.000000
	0.000000
	0.000000
	0.000000
	0.000000
	0.000000
	0.000000
	0.000000
	0.000000
	0.000000
	0.000000
	0.000000
	0.000000
	0.000000
	0.000000
	0.000000
	0.000000
	0.000000
	0.000000
	0.000000
	0.000000
	0.000000
	0.000000
	0.000000
	0.000000
	0.000000
	0.000000
	0.000000
	0.000000
	0.000000
	0.000000
	0.000000
	0.000000
	0.000000
	0.000000
	0.000000
	0.000000
	0.000000
	0.000000
	0.000000
	0.000000
	0.000000
	0.000000
	0.000000
	0.000000
	0.000000
	0.000000
	0.000000
	0.000000
	0.000000
	0.000000
	0.000000
	0.000000
	0.000000
	0.000000
	0.000000
	0.000000
	0.000000
	0.000000
	0.000000
	0.000000
	0.000000
	0.000000
	0.000000
	0.000000
	0.000000
	0.000000
	0.000000
	0.000000
	0.000000
	0.000000
	0.000000
	0.000000
	0.000000
	0.000000
	0.000000
	0.000000
	0.000000
	0.000000
	0.000000
	0.000000
	0.000000
	0.000000
	0.000000
	0.000000
	0.000000
	0.000000
	0.000000
	0.000000
	0.000000
	0.000000
	0.000000
	0.000000
	0.000000
	0.000000
	0.000000
	0.000000
	0.000000
	0.000000
	0.000000
	0.000000
	0.000000
	0.000000
	0.000000
	0.000000
	0.000000
	0.000000
	0.000000
	0.000000
	0.000000
	0.000000
	0.000000
	0.000000
	0.000000
	0.000000
	0.000000
	0.000000
	0.000000
	0.000000
	0.000000
	0.000000
	0.000000
	0.000000
	0.000000
	0.000000
	0.000000
	0.000000
	0.000000
	0.000000
	0.000000
	0.000000
	0.000000
	0.000000
	0.000000
	0.000000
	0.000000
	0.000000
	0.000000
	0.000000
	0.000000
	0.000000
	0.000000
	0.000000
	0.000000
	0.000000
	0.000000
	0.000000
	0.000000
	0.000000
	0.000000
	0.000000
	0.000000
	0.000000
	0.000000
	0.000000
	0.000000
	0.000000
	0.000000
	0.000000
	0.000000
	0.000000
	0.000000
	0.000000
	0.000000
	0.000000
	0.000000
	0.000000
	0.000000
	0.000000
	0.000000
	0.000000
	0.000000
	0.000000
	0.000000
	0.000000
	0.000000
	0.000000
	0.000000
	0.000000
	0.000000
	0.000000
	0.000000
	0.000000
	0.000000
	0.000000
	0.000000
	0.000000
	0.000000
	0.000000
	0.000000
	0.000000
	0.000000
	0.000000
	0.000000
	0.000000
	0.000000
	0.000000
	0.000000
	0.000000
	0.000000
	0.000000
	0.000000
	0.000000
	0.000000
	0.000000
	0.000000
	0.000000
	0.000000
	0.000000
	0.000000
	0.000000
	0.000000
	0.000000
	0.000000
	0.000000
	0.000000
	0.000000
	0.000000
	0.000000
	0.000000
	0.000000
	0.000000
	0.000000
	0.000000
	0.000000
	0.000000
	0.000000
	0.000000
	0.000000
	0.000000
	0.000000
	0.000000
	0.000000
	0.000000
	0.000000
	0.000000
	0.000000
	0.000000
	0.000000
	0.000000
	0.000000
	0.000000
	0.000000
	0.000000
	0.000000
	0.000000
	0.000000
	0.000000
	0.000000
	0.000000
	0.000000
	0.000000
	0.000000
	0.000000
	0.000000
	0.000000
	0.000000
	0.000000
	0.000000
	0.000000
	0.000000
	0.000000
	0.000000
	0.000000
	0.000000
	0.000000
	0.000000
	0.000000
	0.000000
	0.000000
	0.000000
	0.000000
	0.000000
	0.000000
	0.000000
	0.000000
	0.000000
	0.000000
	0.000000
	0.000000
	0.000000
	0.000000
	0.000000
	0.000000
	0.000000
	0.000000
	0.000000
	0.000000
	0.000000
	0.000000
	0.000000
	0.000000
	0.000000
	0.000000
	0.000000
	0.000000
	0.000000
	0.000000
	0.000000
	0.000000
	0.000000
	0.000000
	0.000000
	0.000000
	0.000000
	0.000000
	0.000000
	0.000000
	0.000000
	0.000000
	0.000000
	0.000000
	0.000000
	0.000000
	0.000000
	0.000000
	0.000000
	0.000000
	0.000000
	0.000000
	0.000000
	0.000000
	0.000000
	0.000000
	0.000000
	0.000000
	0.000000
	0.000000
	0.000000
	0.000000
	0.000000
	0.000000
	0.000000
	0.000000
	0.000000
	0.000000
	0.000000
	0.000000
	0.000000
	0.000000
	0.000000
	0.000000
	0.000000
	0.000000
	0.000000
	0.000000
	0.000000
	0.000000
	0.000000
	0.000000
	0.000000
	0.000000
	0.000000
	0.000000
	0.000000
	0.000000
	0.000000
	0.000000
	0.000000
	0.000000
	0.000000
	0.000000
	0.000000
	0.000000
	0.000000
	0.000000
	0.000000
	0.000000
	0.000000
	0.000000
	0.000000
	0.000000
	0.000000
	0.000000
	0.000000
	0.000000
	0.000000
	0.000000
	0.000000
	0.000000
	0.000000
	0.000000
	0.000000
	0.000000
	0.000000
	0.000000
	0.000000
	0.000000
	0.000000
	0.000000
	0.000000
	0.000000
	0.000000
	0.000000
	0.000000
	0.000000
	0.000000
	0.000000
	0.000000
	0.000000
	0.000000
	0.000000
	0.000000
	0.000000
	0.000000
	0.000000
	0.000000
	0.000000
	0.000000
	0.000000
	0.000000
	0.000000
	0.000000
	0.000000
	0.000000
	0.000000
	0.000000
	0.000000
	0.000000
	0.000000
	0.000000
	0.000000
	0.000000
	0.000000
	0.000000
	0.000000
	0.000000
	0.000000
	0.000000
	0.000000
	0.000000
	0.000000
	0.000000
	0.000000
	0.000000
	0.000000
	0.000000
	0.000000
	0.000000
	0.000000
	0.000000
	0.000000
	0.000000
	0.000000
	0.000000
	0.000000
	0.000000
	0.000000
	0.000000
	0.000000
	0.000000
	0.000000
	0.000000
	0.000000
	0.000000
	0.000000
	0.000000
	0.000000
	0.000000
	0.000000
	0.000000
	0.000000
	0.000000
	0.000000
	0.000000
	0.000000
	0.000000
	0.000000
	0.000000
	0.000000
	0.000000
	0.000000
	0.000000
	0.000000
	0.000000
	0.000000
	0.000000
	0.000000
	0.000000
	0.000000
	0.000000
	0.000000
	0.000000
	0.000000
