	1
	60
	119
	178
	237
	296
	355
	414
	473
	532
	591
	650
	709
	768
	827
	886
	945
	1004
	1063
	1122
	1181
	1240
	1299
	1358
	1417
	1476
	1535
	1594
	1653
	1712
	1771
	1780
	1789
	1799
	1808
	1817
	1827
	1836
	1845
	1855
	1864
	1873
	1883
	1892
	1901
	1911
	1920
	1929
	1939
	1948
	1957
	1967
	1976
	1985
	1995
	2004
	2013
	2023
	2032
	2041
	2051
	2060
	2069
	2079
	2088
	2097
	2107
	2116
	2125
	2135
	2144
	2153
	2163
	2172
	2181
	2191
	2200
	2209
	2219
	2228
	2237
	2247
	2256
	2265
	2275
	2284
	2293
	2303
	2312
	2321
	2331
	2340
	2349
	2359
	2368
	2377
	2387
	2396
	2405
	2415
	2424
	2433
	2443
	2452
	2461
	2471
	2480
	2489
	2499
	2508
	2517
	2527
	2536
	2545
	2555
	2564
	2573
	2583
	2592
	2601
	2610
	2619
	2628
	2637
	2646
	2655
	2664
	2676
	2685
	2694
	2703
	2712
	2721
	2730
	2742
	2752
	2762
	2772
	2782
	2792
	2802
	2815
	2824
	2833
	2842
	2851
	2860
	2869
	2881
	2890
	2899
	2908
	2917
	2926
	2935
	2947
	2957
	2967
	2977
	2987
	2997
	3007
	3020
	3029
	3038
	3047
	3056
	3065
	3074
	3086
	3095
	3104
	3113
	3122
	3131
	3140
	3152
	3162
	3172
	3182
	3192
	3202
	3212
	3225
	3234
	3243
	3252
	3261
	3270
	3279
	3291
	3300
	3309
	3318
	3327
	3336
	3345
	3357
	3367
	3377
	3387
	3397
	3407
	3417
	3430
	3439
	3448
	3457
	3466
	3475
	3484
	3496
	3505
	3514
	3523
	3532
	3541
	3550
	3562
	3572
	3582
	3592
	3602
	3612
	3622
	3635
	3644
	3653
	3662
	3671
	3680
	3689
	3701
	3710
	3719
	3728
	3737
	3746
	3755
	3767
	3777
	3787
	3797
	3807
	3817
	3827
	3840
	3849
	3858
	3867
	3876
	3885
	3894
	3906
	3915
	3924
	3933
	3942
	3951
	3960
	3972
	3982
	3992
	4002
	4012
	4022
	4032
	4045
	4054
	4063
	4072
	4081
	4090
	4099
	4111
	4120
	4129
	4138
	4147
	4156
	4165
	4177
	4187
	4197
	4207
	4217
	4227
	4237
	4250
	4259
	4268
	4277
	4286
	4295
	4304
	4316
	4325
	4334
	4343
	4352
	4361
	4370
	4382
	4392
	4402
	4412
	4422
	4432
	4442
	4455
	4464
	4473
	4482
	4491
	4500
	4509
	4521
	4530
	4539
	4548
	4557
	4566
	4575
	4587
	4597
	4607
	4617
	4627
	4637
	4647
	4660
	4669
	4678
	4687
	4696
	4705
	4714
	4726
	4735
	4744
	4753
	4762
	4771
	4780
	4792
	4802
	4812
	4822
	4832
	4842
	4852
	4865
	4874
	4883
	4892
	4901
	4910
	4919
	4931
	4940
	4949
	4958
	4967
	4976
	4985
	4997
	5007
	5017
	5027
	5037
	5047
	5057
	5070
	5079
	5088
	5097
	5106
	5115
	5124
	5136
	5145
	5154
	5163
	5172
	5181
	5190
	5202
	5212
	5222
	5232
	5242
	5252
	5262
	5275
	5284
	5293
	5302
	5311
	5320
	5329
	5341
	5350
	5359
	5368
	5377
	5386
	5395
	5407
	5417
	5427
	5437
	5447
	5457
	5467
	5480
	5489
	5498
	5507
	5516
	5525
	5534
	5546
	5555
	5564
	5573
	5582
	5591
	5600
	5612
	5622
	5632
	5642
	5652
	5662
	5672
	5685
	5694
	5703
	5712
	5721
	5730
	5739
	5751
	5760
	5769
	5778
	5787
	5796
	5805
	5817
	5827
	5837
	5847
	5857
	5867
	5877
	5890
	5899
	5908
	5917
	5926
	5935
	5944
	5956
	5965
	5974
	5983
	5992
	6001
	6010
	6022
	6032
	6042
	6052
	6062
	6072
	6082
	6095
	6104
	6113
	6122
	6131
	6140
	6149
	6161
	6170
	6179
	6188
	6197
	6206
	6215
	6227
	6237
	6247
	6257
	6267
	6277
	6287
	6300
	6309
	6318
	6327
	6336
	6345
	6354
	6366
	6375
	6384
	6393
	6402
	6411
	6420
	6432
	6442
	6452
	6462
	6472
	6482
	6492
	6505
	6514
	6523
	6532
	6541
	6550
	6559
	6571
	6580
	6589
	6598
	6607
	6616
	6625
	6637
	6647
	6657
	6667
	6677
	6687
	6697
	6710
	6719
	6728
	6737
	6746
	6755
	6764
	6776
	6785
	6794
	6803
	6812
	6821
	6830
	6842
	6852
	6862
	6872
	6882
	6892
	6902
	6915
	6924
	6933
	6942
	6951
	6960
	6969
	6981
	6990
	6999
	7008
	7017
	7026
	7035
	7047
	7057
	7067
	7077
	7087
	7097
	7107
	7120
	7129
	7138
	7147
	7156
	7165
	7174
	7186
	7195
	7204
	7213
	7222
	7231
	7240
	7252
	7262
	7272
	7282
	7292
	7302
	7312
	7325
	7334
	7343
	7352
	7361
	7370
	7379
	7391
	7400
	7409
	7418
	7427
	7436
	7445
	7457
	7467
	7477
	7487
	7497
	7507
	7517
	7530
	7539
	7548
	7557
	7566
	7575
	7584
	7596
	7605
	7614
	7623
	7632
	7641
	7650
	7662
	7672
	7682
	7692
	7702
	7712
	7722
	7735
	7744
	7753
	7762
	7771
	7780
	7789
	7801
	7810
	7819
	7828
	7837
	7846
	7855
	7867
	7877
	7887
	7897
	7907
	7917
	7927
	7940
	7949
	7958
	7967
	7976
	7985
	7994
	8006
	8015
	8024
	8033
	8042
	8051
	8060
	8072
	8082
	8092
	8102
	8112
	8122
	8132
	8145
	8154
	8163
	8172
	8181
	8190
	8199
	8211
	8220
	8229
	8238
	8247
	8256
	8265
	8277
	8287
	8297
	8307
	8317
	8327
	8337
	8350
	8359
	8368
	8377
	8386
	8395
	8404
	8416
	8425
	8434
	8443
	8452
	8461
	8470
	8482
	8492
	8502
	8512
	8522
	8532
	8542
	8555
	8564
	8573
	8582
	8591
	8600
	8609
	8621
	8630
	8639
	8648
	8657
	8666
	8675
	8687
	8696
	8705
	8714
	8723
	8732
	8741
	8753
	8759
	8765
	8771
	8777
	8783
	8789
	8792
	8798
	8804
	8810
	8816
	8822
	8828
	8831
	8837
	8843
	8849
	8855
	8861
	8867
	8870
	8876
	8882
	8888
	8894
	8900
	8906
	8909
	8915
	8921
	8927
	8933
	8939
	8945
	8948
	8954
	8960
	8966
	8972
	8978
	8984
	8987
	8993
	8999
	9005
	9011
	9017
	9023
	9026
	9032
	9038
	9044
	9050
	9056
	9062
	9065
	9071
	9077
	9083
	9089
	9095
	9101
	9104
	9110
	9116
	9122
	9128
	9134
	9140
	9143
	9149
	9155
	9161
	9167
	9173
	9179
	9182
	9188
	9194
	9200
	9206
	9212
	9218
	9221
	9227
	9233
	9239
	9245
	9251
	9257
	9260
	9266
	9272
	9278
	9284
	9290
	9296
	9299
	9305
	9311
	9317
	9323
	9329
	9335
	9338
	9344
	9350
	9356
	9362
	9368
	9374
	9377
	9383
	9389
	9395
	9401
	9407
	9413
	9416
	9422
	9428
	9434
	9440
	9446
	9452
	9455
	9461
	9467
	9473
	9479
	9485
	9491
	9494
	9500
	9506
	9512
	9518
	9524
	9530
	9533
	9539
	9545
	9551
	9557
	9563
	9569
	9572
	9578
	9584
	9590
	9596
	9602
	9608
	9611
	9617
	9623
	9629
	9635
	9641
	9647
	9650
	9656
	9662
	9668
	9674
	9680
	9686
	9689
	9695
	9701
	9707
	9713
	9719
	9725
	9728
	9734
	9740
	9746
	9752
	9758
	9764
	9767
	9773
	9779
	9785
	9791
	9797
	9803
	9806
	9812
	9818
	9824
	9830
	9836
	9842
	9845
	9851
	9857
	9863
	9869
	9875
	9881
	9884
	9890
	9896
	9902
	9908
	9914
	9920
	9923
	9929
	9935
	9941
	9947
	9953
	9959
	9962
	9968
	9974
	9980
	9986
	9992
	9998
	10001
	10007
	10013
	10019
	10025
	10031
	10037
	10040
	10046
	10052
	10058
	10064
	10070
	10076
	10079
	10085
	10091
	10097
	10103
	10109
	10115
	10118
	10124
	10130
	10136
	10142
	10148
	10154
	10157
	10163
	10169
	10175
	10181
	10187
	10193
	10196
	10202
	10208
	10214
	10220
	10226
	10232
	10235
	10241
	10247
	10253
	10259
	10265
	10271
	10274
	10280
	10286
	10292
	10298
	10304
	10310
	10313
	10319
	10325
	10331
	10337
	10343
	10349
	10352
	10358
	10364
	10370
	10376
	10382
	10388
	10391
	10397
	10403
	10409
	10415
	10421
	10427
	10430
	10436
	10442
	10448
	10454
	10460
	10466
	10469
	10475
	10481
	10487
	10493
	10499
	10505
	10508
	10514
	10520
	10526
	10532
	10538
	10544
	10547
	10553
	10559
	10565
	10571
	10577
	10583
	10586
	10592
	10598
	10604
	10610
	10616
	10622
	10625
	10631
	10637
	10643
	10649
	10655
	10661
	10664
	10670
	10676
	10682
	10688
	10694
	10700
	10703
	10709
	10715
	10721
	10727
	10733
	10739
	10742
	10748
	10754
	10760
	10766
	10772
	10778
	10781
	10787
	10793
	10799
	10805
	10811
	10817
	10820
	10826
	10832
	10838
	10844
	10850
	10856
	10859
	10865
	10871
	10877
	10883
	10889
	10895
	10898
	10904
	10910
	10916
	10922
	10928
	10934
	10937
	10943
	10949
	10955
	10961
	10967
	10973
	10976
	10982
	10988
	10994
	11000
	11006
	11012
	11015
	11021
	11027
	11033
	11039
	11045
	11051
	11054
	11060
	11066
	11072
	11078
	11084
	11090
	11093
	11099
	11105
	11111
	11117
	11123
	11129
	11132
	11138
	11144
	11150
	11156
	11162
	11168
	11171
	11177
	11183
	11189
	11195
	11201
	11207
	11210
	11216
	11222
	11228
	11234
	11240
	11246
	11249
	11255
	11261
	11267
	11273
	11279
	11285
	11288
	11294
	11300
	11306
	11312
	11318
	11324
	11327
	11333
	11339
	11345
	11351
	11357
	11363
	11366
	11372
	11378
	11384
	11390
	11396
	11402
	11405
	11411
	11417
	11423
	11429
	11435
	11441
	11444
	11450
	11456
	11462
	11468
	11474
	11480
	11483
	11489
	11495
	11501
	11507
	11513
	11519
	11522
	11528
	11534
	11540
	11546
	11552
	11558
	11561
	11567
	11573
	11579
	11585
	11591
	11597
	11600
	11606
	11612
	11618
	11624
	11630
	11636
	11639
	11645
	11651
	11657
	11663
	11669
	11675
	11678
	11684
	11690
	11696
	11702
	11708
	11714
	11717
	11723
	11729
	11735
	11741
	11747
	11753
	11756
	11762
	11768
	11774
	11780
	11786
	11792
	11795
	11801
	11807
	11813
	11819
	11825
	11831
	11834
	11840
	11846
	11852
	11858
	11864
	11870
	11873
	11879
	11885
	11891
	11897
	11903
	11909
	11912
	11918
	11924
	11930
	11936
	11942
	11948
	11951
	11957
	11963
	11969
	11975
	11981
	11987
	11990
	11996
	12002
	12008
	12014
	12020
	12026
	12029
	12035
	12041
	12047
	12053
	12059
	12065
	12068
	12074
	12080
	12086
	12092
	12098
	12104
	12107
	12113
	12119
	12125
	12131
	12137
	12143
	12146
	12152
	12158
	12164
	12170
	12176
	12182
	12185
	12191
	12197
	12203
	12209
	12215
	12221
	12224
	12230
	12236
	12242
	12248
	12254
	12260
	12263
	12270
	12277
	12285
	12292
	12299
	12307
	12314
	12321
	12329
	12336
	12343
	12351
	12358
	12365
	12373
	12380
	12387
	12395
	12402
	12409
	12417
	12424
	12431
	12439
	12446
	12453
	12461
	12468
	12475
	12483
	12490
	12497
	12505
	12512
	12519
	12527
	12534
	12541
	12549
	12556
	12563
	12571
	12578
	12585
	12593
	12600
	12607
	12615
	12622
	12629
	12637
	12644
	12651
	12659
	12666
	12673
	12681
	12688
	12695
	12703
	12710
	12717
	12725
	12732
	12739
	12747
	12754
	12761
	12769
	12776
	12783
	12791
	12798
	12805
	12813
	12820
	12827
	12835
	12842
	12849
	12857
	12864
	12871
	12879
	12886
	12893
	12901
	12908
	12915
	12922
	12928
	12934
	12941
	12947
	12953
	12960
	12966
	12972
	12979
	12985
	12991
	12998
	13004
	13010
	13017
	13023
	13029
	13036
	13042
	13048
	13055
	13061
	13067
	13074
	13080
	13086
	13093
	13099
	13105
	13112
	13118
	13124
	13131
	13137
	13143
	13150
	13156
	13162
	13169
	13175
	13181
	13188
	13194
	13200
	13207
	13213
	13219
	13226
	13232
	13238
	13245
	13251
	13257
	13264
	13270
	13276
	13283
	13289
	13295
	13302
	13308
	13314
	13321
	13327
	13333
	13340
	13346
	13352
	13359
	13365
	13371
	13378
	13384
	13390
	13397
	13403
	13409
	13416
	13422
	13428
	13435
	13441
	13447
	13454
	13460
	13466
	13473
	13479
	13485
	13492
	14124
	15056
	15061
	15066
	15071
	15076
	15081
	15086
	15091
	15096
	15101
	15106
	15111
	15116
	15121
	15126
	15131
	15136
	15141
	15146
	15151
	15156
	15161
	15166
	15171
	15176
	15181
	15186
	15191
	15196
	15201
	15206
	15209
	15212
	15215
	15218
	15221
	15224
	15227
	15230
	15233
	15236
	15239
	15242
	15245
	15248
	15251
	15254
	15257
	15260
	15263
	15266
	15269
	15272
	15275
	15278
	15281
	15284
	15287
	15290
	15293
	15296
	15299
	15302
	15305
	15308
	15311
	15314
	15317
	15320
	15323
	15326
	15329
	15332
	15335
	15338
	15341
	15344
	15347
	15350
	15353
	15356
	15359
	15362
	15365
	15368
	15371
	15374
	15377
	15380
	15383
	15386
	15389
	15392
	15395
	15398
	15401
	15404
	15407
	15410
	15413
	15416
	15419
	15422
	15425
	15428
	15431
	15434
	15437
	15440
	15443
	15446
	15449
	15452
	15455
	15458
	15461
	15464
	15467
	15470
	15473
	15476
	15481
	15486
	15491
	15496
	15501
	15506
	15511
	15516
	15521
	15526
	15531
	15536
	15541
	15546
	15551
	15556
	15561
	15566
	15571
	15576
	15581
	15586
	15591
	15596
	15601
	15606
	15611
	15616
	15621
	15626
	15631
	15636
	15641
	15646
	15651
	15656
	15661
	15666
	15671
	15676
	15681
	15686
	15691
	15696
	15701
	15706
	15711
	15716
	15721
	15726
	15731
	15736
	15741
	15746
	15751
	15756
	15761
	15766
	15771
	15776
	15781
	15786
	15791
	15796
	15801
	15806
	15811
	15816
	15821
	15826
	15831
	15836
	15841
	15846
	15851
	15856
	15861
	15866
	15871
	15876
	15881
	15886
	15891
	15896
	15901
	15906
	15911
	15916
	15921
	15926
	15931
	15936
	15941
	15946
	15951
	15956
	15961
	15966
	15971
	15976
	15981
	15986
	15991
	15996
	16001
	16006
	16011
	16016
	16021
	16026
	16031
	16036
	16041
	16046
	16051
	16056
	16061
	16066
	16071
	16076
	16081
	16086
	16091
	16096
	16101
	16106
	16111
	16116
	16121
	16126
	16131
	16136
	16141
	16146
	16151
	16156
	16161
	16166
	16171
	16176
	16181
	16186
	16191
	16196
	16201
	16206
	16211
	16216
	16221
	16226
	16231
	16236
	16241
	16246
	16251
	16256
	16261
	16266
	16271
	16276
	16281
	16286
	16291
	16296
	16301
	16306
	16311
	16316
	16321
	16326
	16331
	16336
	16341
	16346
	16351
	16356
	16361
	16366
	16371
	16376
	16381
	16386
	16391
	16396
	16401
	16406
	16411
	16416
	16421
	16426
	16431
	16436
	16441
	16446
	16451
	16456
	16461
	16466
	16471
	16476
	16481
	16486
	16491
	16496
	16501
	16506
	16511
	16516
	16521
	16526
	16529
	16532
	16535
	16538
	16541
	16544
	16547
	16550
	16553
	16556
	16559
	16562
	16565
	16568
	16571
	16574
	16577
	16580
	16583
	16586
	16589
	16592
	16595
	16598
	16601
	16604
	16607
	16610
	16613
	16616
	16619
	16622
	16625
	16628
	16631
	16634
	16637
	16640
	16643
	16646
	16649
	16652
	16655
	16658
	16661
	16664
	16667
	16670
	16673
	16676
	16679
	16682
	16685
	16688
	16691
	16694
	16697
	16700
	16703
	16706
	16709
	16712
	16715
	16718
	16721
	16724
	16727
	16730
	16733
	16736
	16739
	16742
	16745
	16748
	16751
	16754
	16757
	16760
	16763
	16766
	16769
	16772
	16775
	16778
	16781
	16784
	16787
	16790
	16793
	16796
	16799
	16802
	16805
	16808
	16811
	16814
	16817
	16820
	16823
	16826
	16829
	16832
	16835
	16838
	16841
	16844
	16847
	16850
	16853
	16856
	16859
	16862
	16865
	16868
	16871
	16874
	16877
	16880
	16883
	16886
	16889
	16892
	16895
	16898
	16901
	16904
	16907
	16910
	16913
	16916
	16919
	16922
	16925
	16928
	16931
	16934
	16937
	16940
	16943
	16946
	16949
	16952
	16955
	16958
	16961
	16964
	16967
	16970
	16973
	16976
	16979
	16982
	16985
	16988
	16991
	16994
	16997
	17000
	17003
	17006
	17009
	17012
	17015
	17018
	17021
	17024
	17027
	17030
	17033
	17036
	17039
	17042
	17045
	17048
	17051
	17054
	17057
	17060
	17063
	17066
	17069
	17072
	17075
	17078
	17081
	17084
	17087
	17090
	17093
	17096
	17099
	17102
	17105
	17108
	17111
	17114
	17117
	17120
	17123
	17126
	17129
	17132
	17135
	17138
	17141
	17144
	17147
	17150
	17153
	17156
	17159
	17162
	17165
	17168
	17171
	17174
	17177
	17180
	17183
	17186
	17189
	17192
	17195
	17198
	17201
	17204
	17207
	17210
	17213
	17216
	17219
	17222
	17225
	17228
	17231
	17234
	17237
	17240
	17243
	17246
	17249
	17252
	17255
	17258
	17261
	17264
	17267
	17270
	17273
	17276
	17279
	17282
	17285
	17288
	17291
	17294
	17297
	17300
	17303
	17306
	17309
	17312
	17315
	17318
	17321
	17324
	17327
	17330
	17333
	17336
	17339
	17342
	17345
	17348
	17351
	17354
	17357
	17360
	17363
	17366
	17369
	17372
	17375
	17378
	17381
	17384
	17387
	17390
	17393
	17396
	17399
	17402
	17405
	17408
	17411
	17414
	17417
	17420
	17423
	17426
	17429
	17432
	17435
	17438
	17441
	17444
	17447
	17450
	17453
	17456
	17459
	17462
	17465
	17468
	17471
	17474
	17477
	17480
	17483
	17486
	17489
	17492
	17495
	17498
	17501
	17504
	17507
	17510
	17513
	17516
	17519
	17522
	17525
	17528
	17531
	17534
	17537
	17540
	17543
	17546
	17549
	17552
	17555
	17558
	17561
	17564
	17567
	17570
	17573
	17576
	17579
	17582
	17585
	17588
	17591
	17594
	17597
	17600
	17603
	17606
	17609
	17612
	17615
	17618
	17621
	17624
	17627
	17630
	17633
	17636
	17639
	17642
	17645
	17648
	17651
	17654
	17657
	17660
	17663
	17666
	17669
	17672
	17675
	17678
	17681
	17684
	17687
	17690
	17693
	17696
	17699
	17702
	17705
	17708
	17711
	17714
	17717
	17720
	17723
	17726
	17729
	17732
	17735
	17738
	17741
	17744
	17747
	17750
	17753
	17756
	17759
	17762
	17765
	17768
	17771
	17774
	17777
	17780
	17783
	17786
	17789
	17792
	17795
	17798
	17801
	17804
	17807
	17810
	17813
	17816
	17819
	17822
	17825
	17828
	17831
	17834
	17837
	17840
	17843
	17846
	17849
	17852
	17855
	17858
	17861
	17864
	17867
	17870
	17873
	17876
	17879
	17882
	17885
	17888
	17891
	17894
	17897
	17900
	17903
	17906
	17909
	17912
	17915
	17918
	17921
	17924
	17927
	17930
	17933
	17936
	17939
	17942
	17945
	17948
	17951
	17954
	17957
	17960
	17963
	17966
	17969
	17972
	17975
	17978
	17981
	17984
	17987
	17990
	17993
	17996
	17999
	18002
	18005
	18008
	18011
	18014
	18017
	18020
	18023
	18026
	18029
	18032
	18035
	18038
	18041
	18044
	18047
	18050
	18053
	18056
	18059
	18062
	18065
	18068
	18071
	18074
	18077
	18080
	18083
	18086
	18089
	18092
	18095
	18098
	18101
	18104
	18107
	18110
	18113
	18116
	18119
	18122
	18125
	18128
	18131
	18134
	18137
	18140
	18143
	18146
	18149
	18152
	18155
	18158
	18161
	18164
	18167
	18170
	18173
	18176
	18179
	18182
	18185
	18188
	18191
	18194
	18197
	18200
	18203
	18206
	18209
	18212
	18215
	18218
	18221
	18224
	18227
	18230
	18233
	18236
	18239
	18242
	18245
	18248
	18251
	18254
	18257
	18260
	18263
	18266
	18269
	18272
	18275
	18278
	18281
	18284
	18287
	18290
	18293
	18296
	18299
	18302
	18305
	18308
	18311
	18314
	18317
	18320
	18323
	18326
	18329
	18332
	18335
	18338
	18341
	18344
	18347
	18350
	18353
	18356
	18359
	18362
	18365
	18368
	18371
	18374
	18377
	18380
	18383
	18386
	18389
	18392
	18395
	18398
	18401
	18404
	18407
	18410
	18413
	18416
	18421
	18426
	18431
	18436
	18441
	18446
	18451
	18456
	18461
	18466
	18471
	18476
	18481
	18486
	18491
	18496
	18501
	18506
	18511
	18516
	18521
	18526
	18531
	18536
	18541
	18546
	18551
	18556
	18561
	18566
	18569
	18572
	18575
	18578
	18581
	18584
	18587
	18590
	18593
	18596
	18599
	18602
	18605
	18608
	18611
	18614
	18617
	18620
	18623
	18626
	18629
	18632
	18635
	18638
	18641
	18644
	18647
	18650
	18653
	18656
	18659
	18662
	18665
	18668
	18671
	18674
	18677
	18680
	18683
	18686
	18689
	18692
	18695
	18698
	18701
	18704
	18707
	18710
	18713
	18716
	18719
	18722
	18725
	18728
	18731
	18734
	18737
	18740
	18743
	18746
	18749
	18752
	18755
	18758
	18761
	18764
	18767
	18770
	18773
	18776
	18779
	18782
	18785
	18788
	18791
	18794
	18797
	18800
	18803
	18806
	18809
	18812
	18815
	18818
	18821
	18824
	18827
	18830
	18833
	18836
	18841
	18846
	18851
	18856
	18861
	18866
	18871
	18876
	18881
	18886
	18891
	18896
	18901
	18906
	18911
	18916
	18921
	18926
	18931
	18936
	18941
	18946
	18951
	18956
	18961
	18966
	18971
	18976
	18981
	18986
	18989
	18992
	18995
	18998
	19001
	19004
	19007
	19010
	19013
	19016
	19019
	19022
	19025
	19028
	19031
	19034
	19037
	19040
	19043
	19046
	19049
	19052
	19055
	19058
	19061
	19064
	19067
	19070
	19073
	19076
	19079
	19082
	19085
	19088
	19091
	19094
	19097
	19100
	19103
	19106
	19109
	19112
	19115
	19118
	19121
	19124
	19127
	19130
	19133
	19136
	19139
	19142
	19145
	19148
	19151
	19154
	19157
	19160
	19163
	19166
	19169
	19172
	19175
	19178
	19181
	19184
	19187
	19190
	19193
	19196
	19199
	19202
	19205
	19208
	19211
	19214
	19217
	19220
	19223
	19226
	19229
	19232
	19235
	19238
	19241
	19244
	19247
	19250
	19253
	19256
	19258
	19259
	19260
	19261
	19262
	19263
	19264
	19265
	19266
	19267
	19268
	19269
	19270
	19271
	19272
	19273
	19274
	19275
	19276
	19277
	19278
	19279
	19280
	19281
	19282
	19283
	19284
	19285
	19286
	19287
	19288
	19289
	19290
	19291
	19292
	19293
	19294
	19295
	19296
	19297
	19298
	19299
	19300
	19301
	19302
	19303
	19304
	19305
	19306
	19307
	19308
	19309
	19310
	19311
	19312
	19313
	19314
	19315
	19316
	19317
	19318
	19319
	19320
	19321
	19322
	19323
	19324
	19325
	19326
	19327
	19328
	19329
	19330
	19331
	19332
	19333
	19334
	19335
	19336
	19337
	19338
	19339
	19340
	19341
	19342
	19343
	19344
	19345
	19346
	19347
	19348
	19349
	19350
	19351
	19352
	19353
	19354
	19355
	19356
	19357
	19358
	19359
	19360
	19361
	19362
	19363
	19364
	19365
	19366
	19367
	19368
	19369
	19370
	19371
	19372
	19373
	19374
	19375
	19376
	19377
	19378
	19379
	19380
	19381
	19382
	19383
	19384
	19385
	19386
	19387
	19388
	19389
	19390
	19391
	19392
	19393
	19394
	19395
	19396
	19397
	19398
	19399
	19400
	19401
	19402
	19403
	19404
	19405
	19406
	19407
	19408
	19409
	19410
	19411
	19412
	19413
	19414
	19415
	19416
	19417
	19418
	19419
	19420
	19421
	19422
	19423
	19424
	19425
	19426
	19427
	19428
	19429
	19430
	19431
	19432
	19433
	19434
	19435
	19436
	19437
	19438
	19439
	19440
	19441
	19442
	19443
	19444
	19445
	19446
	19447
	19448
	19449
	19450
	19451
	19452
	19453
	19454
	19455
	19456
	19457
	19458
	19459
	19460
	19461
	19462
	19463
	19464
	19465
	19466
	19467
	19468
	19469
	19470
	19471
	19472
	19473
	19474
	19475
	19476
	19477
	19478
	19479
	19480
	19481
	19482
	19483
	19484
	19485
	19486
	19487
	19488
	19489
	19490
	19491
	19492
	19493
	19494
	19495
	19496
	19497
	19498
	19499
	19500
	19501
	19502
	19503
	19504
	19505
	19506
	19507
	19508
	19509
	19510
	19511
	19512
	19513
	19514
	19515
	19516
	19517
	19518
	19519
	19520
	19521
	19522
	19523
	19524
	19525
	19526
	19527
	19528
	19529
	19530
	19531
	19532
	19533
	19534
	19535
	19536
	19537
	19538
	19539
	19540
	19541
	19542
	19543
	19544
	19545
	19546
	19547
	19548
	19549
	19550
	19551
	19552
	19553
	19554
	19555
	19556
	19557
	19558
	19559
	19560
	19561
	19562
	19563
	19564
	19565
	19566
	19567
	19568
	19569
	19570
	19571
	19572
	19573
	19574
	19575
	19576
	19577
	19578
	19579
	19580
	19581
	19582
	19583
	19584
	19585
	19586
	19587
	19588
	19589
	19590
	19591
	19592
	19593
	19594
	19595
	19596
	19597
	19598
	19599
	19600
	19601
	19602
	19603
	19604
	19605
	19606
	19607
	19608
	19609
	19610
	19611
	19612
	19613
	19614
	19615
	19616
	19617
	19618
	19619
	19620
	19621
	19622
	19623
	19624
	19625
	19626
	19627
	19628
	19629
	19630
	19631
	19632
	19633
	19634
	19635
	19636
	19637
	19638
	19639
	19640
	19641
	19642
	19643
	19644
	19645
	19646
	19647
	19648
	19649
	19650
	19651
	19652
	19653
	19654
	19655
	19656
	19657
	19658
	19659
	19660
	19661
	19662
	19663
	19664
	19665
	19666
	19667
	19668
	19669
	19670
	19671
	19672
	19673
	19674
	19675
	19676
	19677
	19678
	19679
	19680
	19681
	19682
	19683
	19684
	19685
	19686
	19687
	19688
	19689
	19690
	19691
	19692
	19693
	19694
	19695
	19696
	19697
	19698
	19699
	19700
	19701
	19702
	19703
	19704
	19705
	19706
	19707
	19708
	19709
	19710
	19711
	19712
	19713
	19714
	19715
	19716
	19717
	19718
	19719
	19720
	19721
	19722
	19723
	19724
	19725
	19726
	19727
	19728
	19729
	19730
	19731
	19732
	19733
	19734
	19735
	19736
	19737
	19738
	19739
	19740
	19741
	19742
	19743
	19744
	19745
	19746
	19747
	19748
	19749
	19750
	19751
	19752
	19753
	19754
	19755
	19756
	19757
	19758
	19759
	19760
	19761
	19762
	19763
	19764
	19765
	19766
	19767
	19768
	19769
	19770
	19771
	19772
	19773
	19774
	19775
	19776
	19777
	19778
	19779
	19780
	19781
	19782
	19783
	19784
	19785
	19786
	19787
	19788
	19789
	19790
	19791
	19792
	19793
	19794
	19795
	19796
	19797
	19798
	19799
	19800
	19801
	19802
	19803
	19804
	19805
	19806
	19807
	19808
	19809
	19810
	19811
	19812
	19813
	19814
	19815
	19816
	19817
	19818
	19819
	19820
	19821
	19822
	19823
	19824
	19825
	19826
	19827
	19828
	19829
	19830
	19831
	19832
	19833
	19834
	19835
	19836
	19837
	19838
	19839
	19840
	19841
	19842
	19843
	19844
	19845
	19846
	19847
	19848
	19849
	19850
	19851
	19852
	19853
	19854
	19855
	19856
	19857
	19858
	19859
	19860
	19861
	19862
	19863
	19864
	19865
	19866
	19867
	19868
	19869
	19870
	19871
	19872
	19873
	19874
	19875
	19876
	19877
	19878
	19879
	19880
	19881
	19882
	19883
	19884
	19885
	19886
	19887
	19888
	19889
	19890
	19891
	19892
	19893
	19894
	19895
	19896
	19897
	19898
	19899
	19900
	19901
	19902
	19903
	19904
	19905
	19906
	19907
	19908
	19909
	19910
	19911
	19912
	19913
	19914
	19915
	19916
	19917
	19918
	19919
	19920
	19921
	19922
	19923
	19924
	19925
	19926
	19927
	19928
	19929
	19930
	19931
	19932
	19933
	19934
	19935
	19936
	19937
	19938
	19939
	19940
	19941
	19942
	19943
	19944
	19945
	19946
	19947
	19948
	19949
	19950
	19951
	19952
	19953
	19954
	19955
	19956
	19957
	19958
	19959
	19960
	19961
	19962
	19963
	19964
	19965
	19966
	19967
	19968
	19969
	19970
	19971
	19972
	19973
	19974
	19975
	19976
	19977
	19978
	19979
	19980
	19981
	19982
	19983
	19984
	19985
	19986
	19987
	19988
	19989
	19990
	19991
	19992
	19993
	19994
	19995
	19996
	19997
	19998
	19999
	20000
	20001
	20002
	20003
	20004
	20005
	20006
	20007
	20008
	20009
	20010
	20011
	20012
	20013
	20014
	20015
	20016
	20017
	20018
	20019
	20020
	20021
	20022
	20023
	20024
	20025
	20026
	20027
	20028
	20029
	20030
	20031
	20032
	20033
	20034
	20035
	20036
	20037
	20038
	20039
	20040
	20041
	20042
	20043
	20044
	20045
	20046
	20047
	20048
	20049
	20050
	20051
	20052
	20053
	20054
	20055
	20056
	20057
	20058
	20059
	20060
	20061
	20062
	20063
	20064
	20065
	20066
	20067
	20068
	20069
	20070
	20071
	20072
	20073
	20074
	20075
	20076
	20077
	20078
	20079
	20080
	20081
	20082
	20083
	20084
	20085
	20086
	20087
	20088
	20089
	20090
	20091
	20092
	20093
	20094
	20095
	20096
	20097
	20098
	20099
	20100
	20101
	20102
	20103
	20104
	20105
	20106
	20107
	20108
	20109
	20110
	20111
	20112
	20113
	20114
	20115
	20116
	20117
	20118
	20119
	20120
	20121
	20122
	20123
	20124
	20125
	20126
	20127
	20128
	20129
	20130
	20131
	20132
	20133
	20134
	20135
	20136
	20137
	20138
	20139
	20140
	20141
	20142
	20143
	20144
	20145
	20146
	20147
	20148
	20149
	20150
	20151
	20152
	20153
	20154
	20155
	20156
	20157
	20158
	20159
	20160
	20161
	20162
	20163
	20164
	20165
	20166
	20167
	20168
	20169
	20170
	20171
	20172
	20173
	20174
	20175
	20176
	20177
	20178
	20179
	20180
	20181
	20182
	20183
	20184
	20185
	20186
	20187
	20188
	20189
	20190
	20191
	20192
	20193
	20194
	20195
	20196
	20197
	20198
	20199
	20200
	20201
	20202
	20203
	20204
	20205
	20206
	20207
	20208
	20209
	20210
	20211
	20212
	20213
	20214
	20215
	20216
	20217
	20218
	20219
	20220
	20221
	20222
	20223
	20224
	20225
	20226
	20227
	20228
	20229
	20230
	20231
	20232
	20233
	20234
	20235
	20236
	20237
	20238
	20239
	20240
	20241
	20242
	20243
	20244
	20245
	20246
	20247
	20248
	20249
	20250
	20251
	20252
	20253
	20254
	20255
	20256
	20257
	20258
	20259
	20260
	20261
	20262
	20263
	20264
	20265
	20266
	20267
	20268
	20269
	20270
	20271
	20272
	20273
	20274
	20275
	20276
	20277
	20278
	20279
	20280
	20281
	20282
	20283
	20284
	20285
	20286
	20287
	20288
	20289
	20290
	20291
	20292
	20293
	20294
	20295
	20296
	20297
	20298
	20299
	20300
	20301
	20302
	20303
	20304
	20305
	20306
	20307
	20308
	20309
	20310
	20311
	20312
	20313
	20314
	20315
	20316
	20317
	20318
	20319
	20320
	20321
	20322
	20323
	20324
	20325
	20326
	20327
	20328
	20329
	20330
	20331
	20332
	20333
	20334
	20335
	20336
	20337
	20338
	20339
	20340
	20341
	20342
	20343
	20344
	20345
	20346
	20347
	20348
	20349
	20350
	20351
	20352
	20353
	20354
	20355
	20356
	20357
	20358
	20359
	20360
	20361
	20362
	20363
	20364
	20365
	20366
	20367
	20368
	20369
	20370
	20371
	20372
	20373
	20374
	20375
	20376
	20377
	20378
	20379
	20380
	20381
	20382
	20383
	20384
	20385
	20386
	20387
	20388
	20389
	20390
	20391
	20392
	20393
	20394
	20395
	20396
	20397
	20398
	20399
	20400
	20401
	20402
	20403
	20404
	20405
	20406
	20407
	20408
	20409
	20410
	20411
	20412
	20413
	20414
	20415
	20416
	20417
	20418
	20419
	20420
	20421
	20422
	20423
	20424
	20425
	20426
	20427
	20428
	20429
	20430
	20431
	20432
	20433
	20434
	20435
	20436
	20437
	20438
	20439
	20440
	20441
	20442
	20443
	20444
	20445
	20446
	20447
	20448
	20449
	20450
	20451
	20452
	20453
	20454
	20455
	20456
	20457
	20458
	20459
	20460
	20461
	20462
	20463
	20464
	20465
	20466
	20467
	20468
	20469
	20470
	20471
	20472
	20473
	20474
	20475
	20476
	20477
	20478
	20479
	20480
	20481
	20482
	20483
	20484
	20485
	20486
	20487
	20488
	20489
	20490
	20491
	20492
	20493
	20494
	20495
	20496
	20497
	20498
	20499
	20500
	20501
	20502
	20503
	20504
	20505
	20506
	20507
	20508
	20509
	20510
	20511
	20512
	20513
	20514
	20515
	20516
	20517
	20518
	20519
	20520
	20521
	20522
	20523
	20524
	20525
	20526
	20527
	20528
	20529
	20530
	20531
	20532
	20533
	20534
	20535
	20536
	20537
	20538
	20539
	20540
	20541
	20542
	20543
	20544
	20545
	20546
	20547
	20548
	20549
	20550
	20551
	20552
	20553
	20554
	20555
	20556
	20557
	20558
	20559
	20560
	20561
	20562
	20563
	20564
	20565
	20566
	20567
	20568
	20569
	20570
	20571
	20572
	20573
	20574
	20575
	20576
	20577
	20578
	20579
	20580
	20581
	20582
	20583
	20584
	20585
	20586
	20587
	20588
	20589
	20590
	20591
	20592
	20593
	20594
	20595
	20596
	20597
	20598
	20599
	20600
	20601
	20602
	20603
	20604
	20605
	20606
	20607
	20608
	20609
	20610
	20611
	20612
	20613
	20614
	20615
	20616
	20617
	20618
	20619
	20620
	20621
	20622
	20623
	20624
	20625
	20626
	20627
	20628
	20629
	20630
	20631
	20632
	20633
	20634
	20635
	20636
	20637
	20638
	20639
	20640
	20641
	20642
	20643
	20644
	20645
	20646
	20647
	20648
	20649
	20650
	20651
	20652
	20653
	20654
	20655
	20656
	20657
	20658
	20659
	20660
	20661
	20662
	20663
	20664
	20665
	20666
	20667
	20668
	20669
	20670
	20671
	20672
	20673
	20674
	20675
	20676
	20677
	20678
	20679
	20680
	20681
	20682
	20683
	20684
	20685
	20686
	20687
	20688
	20689
	20690
	20691
	20692
	20693
	20694
	20695
	20696
	20697
	20698
	20699
	20700
	20701
	20702
	20703
	20704
	20705
	20706
	20707
	20708
	20709
	20710
	20711
	20712
	20713
	20714
	20715
	20716
	20717
	20718
	20719
	20720
	20721
	20722
	20723
	20724
	20725
	20726
	20727
	20728
	20729
	20730
	20731
	20732
	20733
	20734
	20735
	20736
	20737
	20738
	20739
	20740
	20741
	20742
	20743
	20744
	20745
	20746
	20747
	20748
	20749
	20750
	20751
	20752
	20753
	20754
	20755
	20756
	20757
	20758
	20759
	20760
	20761
	20762
	20763
	20764
	20765
	20766
	20767
	20768
	20769
	20770
	20771
	20772
	20773
	20774
	20775
	20776
	20777
	20778
	20779
	20780
	20781
	20782
	20783
	20784
	20785
	20786
	20787
	20788
	20789
	20790
	20791
	20792
	20793
	20794
	20795
	20796
	20797
	20798
	20799
	20800
	20801
	20802
	20803
	20804
	20805
	20806
	20807
	20808
	20809
	20810
	20811
	20812
	20813
	20814
	20815
	20816
	20817
	20818
	20819
	20820
	20821
	20822
	20823
	20824
	20825
	20826
	20827
	20828
	20829
	20830
	20831
	20832
	20833
	20834
	20835
	20836
	20837
	20838
	20839
	20840
	20841
	20842
	20843
	20844
	20845
	20846
	20847
	20848
	20849
	20850
	20851
	20852
	20853
	20854
	20855
	20856
	20857
	20858
	20859
	20860
	20861
	20862
	20863
	20864
	20865
	20866
	20867
	20868
	20869
	20870
	20871
	20872
	20873
	20874
	20875
	20876
	20877
	20878
	20879
	20880
	20881
	20882
	20883
	20884
	20885
	20886
	20887
	20888
	20889
	20890
	20891
	20892
	20893
	20894
	20895
	20896
	20897
	20898
	20899
	20900
	20901
	20902
	20903
	20904
	20905
	20906
	20907
	20908
	20909
	20910
	20911
	20912
	20913
	20914
	20915
	20916
	20917
	20918
	20919
	20920
	20921
	20922
	20923
	20924
	20925
	20926
	20927
	20928
	20929
	20930
	20931
	20932
	20933
	20934
	20935
	20936
	20937
	20938
	20939
	20940
	20941
	20942
	20943
	20944
	20945
	20946
	20947
	20948
	20949
	20950
	20951
	20952
	20953
	20954
	20955
	20956
	20957
	20958
	20959
	20960
	20961
	20962
	20963
	20964
	20965
	20966
	20967
	20968
	20969
	20970
	20971
	20972
	20973
	20974
	20975
	20976
	20977
	20978
	20979
	20980
	20981
	20982
	20983
	20984
	20985
	20986
	20987
	20988
	20989
	20990
	20991
	20992
	20993
	20994
	20995
	20996
	20997
	20998
	20999
	21000
	21001
	21002
	21003
	21004
	21005
	21006
	21007
	21008
	21009
	21010
	21011
	21012
	21013
	21014
	21015
	21016
	21017
	21018
	21019
	21020
	21021
	21022
	21023
	21024
	21025
	21026
	21027
	21028
	21029
	21030
	21031
	21032
	21033
	21034
	21035
	21036
	21037
	21038
	21039
	21040
	21041
	21042
	21043
	21044
	21045
	21046
	21047
	21048
	21049
	21050
	21051
	21052
	21053
	21054
	21055
	21056
	21057
	21058
	21059
	21060
	21061
	21062
	21063
	21064
	21065
	21066
	21067
	21068
	21069
	21070
	21071
	21072
	21073
	21074
	21075
	21076
	21077
	21078
	21079
	21080
	21081
	21082
	21083
	21084
	21085
	21086
	21087
	21088
	21089
	21090
	21091
	21092
	21093
	21094
	21095
	21096
	21097
	21098
	21099
	21100
	21101
	21102
	21103
	21104
	21105
	21106
	21107
	21108
	21109
	21110
	21111
	21112
	21113
	21114
	21115
	21116
	21117
	21118
	21119
	21120
	21121
	21122
	21123
	21124
	21125
	21126
	21127
	21128
	21129
	21130
	21131
	21132
	21133
	21134
	21135
	21136
	21137
	21138
	21139
	21140
	21141
	21142
	21143
	21144
	21145
	21146
	21147
	21148
	21149
	21150
	21151
	21152
	21153
	21154
	21155
	21156
	21157
	21158
	21159
	21160
	21161
	21162
	21163
	21164
	21165
	21166
	21167
	21168
	21169
	21170
	21171
	21172
	21173
	21174
	21175
	21176
	21177
	21178
	21179
	21180
	21181
	21182
	21183
	21184
	21185
	21186
	21187
	21188
	21189
	21190
	21191
	21192
	21193
	21194
	21195
	21196
	21197
	21198
	21199
	21200
	21201
	21202
	21203
	21204
	21205
	21206
	21207
	21208
	21209
	21210
	21211
	21212
	21213
	21214
	21215
	21216
	21217
	21218
	21219
	21220
	21221
	21222
	21223
	21224
	21225
	21226
	21227
	21228
	21229
	21230
	21231
	21232
	21233
	21234
	21235
	21236
	21237
	21238
	21239
	21240
	21241
	21242
	21243
	21244
	21245
	21246
	21247
	21248
	21249
	21250
	21251
	21252
	21253
	21254
	21255
	21256
	21257
	21258
	21259
	21260
	21261
	21262
	21263
	21264
	21265
	21266
	21267
	21268
	21269
	21270
	21271
	21272
	21273
	21274
	21275
	21276
	21277
	21278
	21279
	21280
	21281
	21282
	21283
	21284
	21285
	21286
	21287
	21288
	21289
	21290
	21291
	21292
	21293
	21294
	21295
	21296
	21297
	21298
	21299
	21300
	21301
	21302
	21303
	21304
	21305
	21306
	21307
	21308
	21309
	21310
	21311
	21312
	21313
	21314
	21315
	21316
	21317
	21318
	21319
	21320
	21321
	21322
	21323
	21324
	21325
	21326
	21327
	21328
	21329
	21330
	21331
	21332
	21333
	21334
	21335
	21336
	21337
	21338
	21339
	21340
	21341
	21342
	21343
	21344
	21345
	21346
	21347
	21348
	21349
	21350
	21351
	21352
	21353
	21354
	21355
	21356
	21357
	21358
	21359
	21360
	21361
	21362
	21363
	21364
	21365
	21366
	21367
	21368
	21369
	21370
	21371
	21372
	21373
	21374
	21375
	21376
	21377
	21378
	21379
	21380
	21381
	21382
	21383
	21384
	21385
	21386
	21387
	21388
	21389
	21390
	21391
	21392
	21393
	21394
	21395
	21396
	21397
	21398
	21399
	21400
	21401
	21402
	21403
	21404
	21405
	21406
	21407
	21408
	21409
	21410
	21411
	21412
	21413
	21414
	21415
	21416
	21417
	21418
	21419
	21420
	21421
	21422
	21423
	21424
	21425
	21426
	21427
	21428
	21429
	21430
	21431
	21432
	21433
	21434
	21435
	21436
	21437
	21438
	21439
	21440
	21441
	21442
	21443
	21444
	21445
	21446
	21447
	21448
	21449
	21450
	21451
	21452
	21453
	21454
	21455
	21456
	21457
	21458
	21459
	21460
	21461
	21462
	21463
	21464
	21465
	21466
	21467
	21468
	21469
	21470
	21471
	21472
	21473
	21474
	21475
	21476
	21477
	21478
	21479
	21480
	21481
	21482
	21483
	21484
	21485
	21486
	21487
	21488
	21489
	21490
	21491
	21492
	21493
	21494
	21495
	21496
	21497
	21498
	21499
	21500
	21501
	21502
	21503
	21504
	21505
	21506
	21507
	21508
	21509
	21510
	21511
	21512
	21513
	21514
	21515
	21516
	21517
	21518
	21519
	21520
	21521
	21522
	21523
	21524
	21525
	21526
	21527
	21528
	21529
	21530
	21531
	21532
	21533
	21534
	21535
	21536
	21537
	21538
	21539
	21540
	21541
	21542
	21543
	21544
	21545
	21546
	21547
	21548
	21549
	21550
	21551
	21552
	21553
	21554
	21555
	21556
	21557
	21558
	21559
	21560
	21561
	21562
	21563
	21564
	21565
	21566
	21567
	21568
	21569
	21570
	21571
	21572
	21573
	21574
	21575
	21576
	21577
	21578
	21579
	21580
	21581
	21582
	21583
	21584
	21585
	21586
	21587
	21588
	21589
	21590
	21591
	21592
	21593
	21594
	21595
	21596
	21597
	21598
	21599
	21600
	21601
	21602
	21603
	21604
	21605
	21606
	21607
	21608
	21609
	21610
	21611
	21612
	21613
	21614
	21615
	21616
	21617
	21618
	21619
	21620
	21621
	21622
	21623
	21624
	21625
	21626
	21627
	21628
	21629
	21630
	21631
	21632
	21633
	21634
	21635
	21636
	21637
	21638
	21639
	21640
	21641
	21642
	21643
	21644
	21645
	21646
	21647
	21648
	21649
	21650
	21651
	21652
	21653
	21654
	21655
	21656
	21657
	21658
	21659
	21660
	21661
	21662
	21663
	21664
	21665
	21666
	21667
	21668
	21669
	21670
	21671
	21672
	21673
	21674
	21675
	21676
	21677
	21678
	21679
	21680
	21681
	21682
	21683
	21684
	21685
	21686
	21687
	21688
	21689
	21690
	21691
	21692
	21693
	21694
	21695
	21696
	21697
	21698
	21699
	21700
	21701
	21702
	21703
	21704
	21705
	21706
	21707
	21708
	21709
	21710
	21711
	21712
	21713
	21714
	21715
	21716
	21717
	21718
	21719
	21720
	21721
	21722
	21723
	21724
	21725
	21726
	21727
	21728
	21729
	21730
	21731
	21732
	21733
	21734
	21735
	21736
	21737
	21738
	21739
	21740
	21741
	21742
	21743
	21744
	21745
	21746
	21747
	21748
	21749
	21750
	21751
	21752
	21753
	21754
	21755
	21756
	21757
	21758
	21759
	21760
	21761
	21762
	21763
	21764
	21765
	21766
	21767
	21768
	21769
	21770
	21771
	21772
	21773
	21774
	21775
	21776
	21777
	21778
	21779
	21780
	21781
	21782
	21783
	21784
	21785
	21786
	21787
	21788
	21789
	21790
	21791
	21792
	21793
	21794
	21795
	21796
	21797
	21798
	21799
	21800
	21801
	21802
	21803
	21804
	21805
	21806
	21807
	21808
	21809
	21810
	21811
	21812
	21813
	21814
	21815
	21816
	21817
	21818
	21819
	21820
	21821
	21822
	21823
	21824
	21825
	21826
	21827
	21828
	21829
	21830
	21831
	21832
	21833
	21834
	21835
	21836
	21837
	21838
	21839
	21840
	21841
	21842
	21843
	21844
	21845
	21846
	21847
	21848
	21849
	21850
	21851
	21852
	21853
	21854
	21855
	21856
	21857
	21858
	21859
	21860
	21861
	21862
	21863
	21864
	21865
	21866
	21867
	21868
	21869
	21870
	21871
	21872
	21873
	21874
	21875
	21876
	21877
	21878
	21879
	21880
	21881
	21882
	21883
	21884
	21885
	21886
	21887
	21888
	21889
	21890
	21891
	21892
	21893
	21894
	21895
	21896
	21897
	21898
	21899
	21900
	21901
	21902
	21903
	21904
	21905
	21906
	21907
	21908
	21909
	21910
	21911
	21912
	21913
	21914
	21915
	21916
	21917
	21918
	21919
	21920
	21921
	21922
	21923
	21924
	21925
	21926
	21927
	21928
	21929
	21930
	21931
	21932
	21933
	21934
	21935
	21936
	21937
	21938
	21939
	21940
	21941
	21942
	21943
	21944
	21945
	21946
	21947
	21948
	21949
	21950
	21951
	21952
	21953
	21954
	21955
	21956
	21957
	21958
	21959
	21960
	21961
	21962
	21963
	21964
	21965
	21966
	21967
	21968
	21969
	21970
	21971
	21972
	21973
	21974
	21975
	21976
	21977
	21978
	21979
	21980
	21981
	21982
	21983
	21984
	21985
	21986
	21987
	21988
	21989
	21990
	21991
	21992
	21993
	21994
	21995
	21996
	21997
	21998
	21999
	22000
	22001
	22002
	22003
	22004
	22005
	22006
	22007
	22008
	22009
	22010
	22011
	22012
	22013
	22014
	22015
	22016
	22017
	22018
	22019
	22020
	22021
