12.462010
14.182656
14.191727
14.222254
14.251870
14.276617
14.297677
14.316756
14.334743
14.352274
14.369797
14.387635
14.406008
14.425045
14.444760
14.465007
14.485404
14.505221
14.523247
14.537674
14.546238
14.546002
14.536621
14.508070
14.492204
14.373078
14.303072
14.389956
14.528203
14.621167
14.176367
14.530939
14.597896
14.224274
14.629993
14.693784
14.195703
14.594455
14.660355
14.165700
14.565894
14.633345
14.136873
14.536615
14.604922
14.107472
14.507107
14.575717
14.077420
14.476882
14.545406
14.046563
14.445872
14.513983
14.014787
14.413949
14.481364
13.981976
14.381007
14.447457
13.948015
14.346940
14.412158
13.912788
14.311641
14.375347
13.876171
14.275008
14.336894
13.838038
14.236938
14.296666
13.798262
14.197340
14.254528
13.756719
14.156144
14.210368
13.713303
14.113311
14.164113
13.667940
14.068857
14.115775
13.620610
14.022856
14.065493
13.571394
13.975472
14.013580
13.520437
13.926822
13.960462
13.468229
13.877434
13.906901
13.414542
13.826112
13.852315
13.362334
13.778494
13.801836
13.303404
13.713784
13.735425
13.267505
13.710996
13.745545
13.275672
13.688095
13.699916
13.177762
13.569117
13.579688
13.032862
13.422246
13.456582
12.704166
13.107945
13.372133
8.055487
6.413426
5.424518
4.464546
3.351038
1.926492
-0.054475
8.420457
6.817899
6.063918
5.397482
4.528311
3.337813
1.455475
8.218344
7.151732
6.414462
5.786468
4.954581
3.803463
1.745643
8.303270
8.007965
7.599787
7.040885
6.249405
5.021402
2.934273
8.668974
8.351578
7.922075
7.326557
6.481871
5.222343
3.003020
8.441302
8.623516
8.171306
7.550640
6.667424
5.382036
2.917175
8.305699
8.076189
7.648650
7.028028
6.137608
4.802333
2.440206
8.669643
8.418742
7.995214
7.383562
6.497796
5.165111
2.804276
8.445421
8.687350
8.248340
7.621284
6.716912
5.369850
2.825298
8.310308
8.094365
7.692484
7.088576
6.201868
4.847496
2.483727
8.673841
8.436766
8.033833
7.430183
6.530617
5.177385
2.739263
8.452466
8.706922
8.288740
7.668306
6.756912
5.383059
2.800806
8.312154
8.111573
7.728722
7.128249
6.227495
4.860275
2.459165
8.674884
8.453438
8.071089
7.472789
6.567502
5.198440
2.763811
8.455894
8.724673
8.328599
7.714682
6.795621
5.408935
2.819232
8.310895
8.125774
7.766446
7.173845
6.267094
4.889337
2.494935
8.672769
8.467096
8.108729
7.518240
6.605306
5.226198
2.790086
8.455743
8.739171
8.368577
7.763442
6.837296
5.440206
2.852929
8.305881
8.136778
7.803907
7.220650
6.306832
4.918189
2.528842
8.666763
8.477386
8.146247
7.565505
6.645587
5.255382
2.824856
8.451300
8.750000
8.408406
7.814360
6.881420
5.473225
2.892940
8.296540
8.143902
7.841217
7.269886
6.349717
4.950202
2.571162
8.656287
8.483629
8.183511
7.615113
6.688566
5.287305
2.865895
8.441952
8.756438
8.447891
7.867889
6.928630
5.509150
2.939664
8.282159
8.146315
7.877960
7.321609
6.395614
4.984900
2.618755
8.640605
8.484950
8.220113
7.667243
6.734607
5.321880
2.912289
8.426908
8.757531
8.486583
7.924286
6.979368
5.548123
2.992062
8.261903
8.142938
7.913587
7.376041
6.444998
5.022623
2.671471
8.618856
8.480229
8.255458
7.722083
6.784094
5.359364
2.963500
8.405229
8.752057
8.523796
7.983785
7.034167
5.590568
3.049920
8.234791
8.132429
7.947290
7.433312
6.498298
5.063680
2.729110
8.590029
8.468075
8.288686
7.779755
6.837459
5.400055
3.019363
8.375796
8.738487
8.558525
8.046546
7.093613
5.636983
3.113314
8.199665
8.113134
7.977930
7.493481
6.556020
5.108511
2.791852
8.552931
8.446779
8.318590
7.840292
6.895189
5.444354
3.079999
8.337281
8.714941
8.589345
8.112622
7.158380
5.687999
3.182630
8.155166
8.083034
8.003933
7.556476
6.618743
5.157680
2.860130
8.506161
8.414266
8.343506
7.903588
6.957831
5.492767
3.145775
8.288107
8.679128
8.614278
8.181879
7.229227
5.744410
3.258522
8.099691
8.039694
8.023157
7.622013
6.687117
5.211910
2.934641
8.448071
8.368046
8.361191
7.969307
7.025990
5.545941
3.217307
8.226416
8.628294
8.630633
8.253873
7.307002
5.807202
3.341920
8.031371
7.980208
8.032744
7.689476
6.761867
5.272127
3.016376
8.376740
8.305170
8.368679
8.036758
7.100328
5.604702
3.295491
8.150024
8.559183
8.634855
8.327642
7.392612
5.877606
3.434055
7.948038
7.901177
8.028990
7.757716
6.843770
5.339530
3.106670
8.289947
8.222218
8.362175
8.104696
7.181538
5.670126
3.381578
8.056406
8.468045
8.622429
8.401405
7.486951
5.957134
3.536480
7.847230
7.798724
8.007267
7.824781
6.933597
5.415663
3.207274
8.185186
8.115336
8.337023
8.171058
7.270309
5.743641
3.477300
7.942717
8.350719
8.587927
8.472136
7.590739
6.047595
3.651094
7.726240
7.668611
7.962094
7.887537
7.032002
5.502483
3.320417
8.059722
7.980366
8.287825
8.232613
7.367240
5.827153
3.585023
7.805879
8.202867
8.525330
8.535070
7.704234
6.151032
3.780079
7.582236
7.506477
7.887407
7.941242
7.139325
5.602414
3.448836
7.910731
7.813091
8.208738
8.284588
7.472763
5.923256
3.708022
7.642786
8.020376
8.428670
8.583385
7.826837
6.269594
3.925826
7.412524
7.308304
7.777160
7.979172
7.255157
5.718115
3.595532
7.735582
7.609702
8.094069
8.320325
7.586734
6.035090
3.850185
7.450663
7.799956
8.293026
8.608468
7.956445
6.405010
4.090411
7.214725
7.070787
7.625927
7.992751
7.378267
5.852815
3.763948
7.532006
7.366940
7.938483
8.331392
7.708919
6.167415
4.017561
7.227380
7.539482
8.115064
8.601213
8.089788
6.559337
4.276623
6.987890
6.792910
7.430837
7.972210
7.504472
6.007196
3.955411
7.299315
7.084279
7.739824
8.308134
7.834791
6.320894
4.210454
6.972462
7.239490
7.895392
8.554586
8.219655
6.730147
4.482448
6.729698
6.472210
7.187345
7.907702
7.631729
6.189315
4.176898
7.035022
6.756926
7.489209
8.238523
7.967923
6.512078
4.451929
6.684580
6.897668
7.628466
8.459614
8.345540
6.930576
4.724822
6.450012
6.122276
6.911385
7.797651
7.739937
6.372949
4.410090
6.750907
6.407623
7.219048
8.130463
8.069484
6.687053
4.668610
6.374172
6.533410
7.346861
8.336463
8.436711
7.107484
4.937953
6.115417
5.703573
6.545831
7.606808
7.840093
6.633586
4.669870
6.406512
5.958590
6.798505
7.889873
8.209786
7.029021
5.120335
6.007694
6.082094
6.922150
8.063606
8.525677
7.444286
5.372477
5.882798
5.388643
6.337730
7.479171
7.843106
6.695353
4.913904
6.188113
5.738378
6.773550
7.920099
8.129332
6.862355
4.976007
5.778885
5.918571
7.014832
8.216973
8.432255
7.130993
4.990850
5.555053
5.167861
6.323043
7.551464
7.770015
6.468673
4.499224
5.843642
5.416753
6.567644
7.826814
8.148416
6.883716
4.986550
5.389702
5.497534
6.653839
7.993356
8.483420
7.331864
5.280335
5.044891
4.480809
5.515204
6.925985
7.831741
7.206850
5.625311
5.312815
4.651943
5.602275
7.011583
8.088252
7.743610
6.249664
4.812970
4.656101
5.554502
6.987548
8.211893
8.197538
6.687110
4.424803
3.549275
4.202300
5.521740
7.037272
7.777822
7.071909
4.682655
3.719284
4.281655
5.521789
7.056009
8.038483
7.655329
4.177110
3.729747
4.270780
5.497899
7.079897
8.234241
7.969015
3.739062
2.730009
3.085857
4.121657
5.675997
7.128560
7.735281
4.003004
2.936647
3.256254
4.244651
5.765553
7.253507
8.035129
4.214666
3.103229
3.418965
4.386296
5.886860
7.406662
8.174642
6.745012
4.801663
3.544926
2.563157
1.235438
-0.238369
-1.462928
6.852085
5.183813
4.277307
3.582334
2.507172
1.103176
0.164368
7.551354
5.614125
4.799202
4.173612
3.184187
1.694905
0.964967
7.941021
6.972391
6.228432
5.606574
4.555527
2.875215
1.372295
8.093708
7.111306
6.331803
5.641041
4.527473
2.736853
1.290580
8.763907
7.530156
6.771981
6.050856
4.929724
3.001315
1.691988
7.989281
7.002887
6.203341
5.475470
4.298863
2.304764
0.938116
8.126988
7.151878
6.369015
5.643469
4.472258
2.494984
1.112069
8.793250
7.574471
6.823480
6.090301
4.942017
2.932215
1.616646
8.028514
7.063640
6.282894
5.561263
4.380441
2.347782
0.967241
8.169448
7.209990
6.435369
5.694330
4.492431
2.372436
1.063446
8.834700
7.632160
6.888324
6.148582
4.984931
2.933503
1.593918
8.068057
7.118345
6.342565
5.607288
4.406882
2.313492
0.960209
8.208568
7.265788
6.498221
5.753653
4.546449
2.440303
1.088777
8.872105
7.687678
6.952263
6.207012
5.033808
2.966383
1.614697
8.104544
7.173879
6.407160
5.667859
4.460621
2.366917
0.994304
8.245296
7.321836
6.563099
5.812382
4.595140
2.473388
1.115992
8.907045
7.743257
7.017812
6.267726
5.085624
3.008315
1.645565
8.138819
7.229315
6.472775
5.728395
4.511702
2.409403
1.025743
8.279642
7.377925
6.629629
5.873858
4.647021
2.517369
1.147604
8.939353
7.798758
7.085219
6.331002
5.139646
3.054853
1.679906
8.170868
7.285163
6.540906
5.792540
4.566633
2.459678
1.062617
8.311737
7.434427
6.698641
5.938476
4.701662
2.565190
1.183281
8.969135
7.854505
7.155224
6.397757
5.196913
3.106664
1.718730
8.200504
7.341405
6.611837
5.860387
4.624893
2.514328
1.103049
8.341344
7.491334
6.770543
6.006912
4.759752
2.617828
1.222585
8.996083
7.910444
7.228277
6.468685
5.258014
3.163569
1.761542
8.227286
7.397894
6.685938
5.932630
4.687213
2.573979
1.147206
8.368001
7.548479
6.845679
6.079758
4.821803
2.675150
1.265387
9.019650
7.966338
7.304739
6.544501
5.323649
3.225841
1.808425
8.250543
7.454280
6.763449
6.009866
4.754170
2.638804
1.195153
8.391000
7.605486
6.924286
6.157624
4.888408
2.737436
1.311744
9.039015
8.021708
7.384862
6.625941
5.394587
3.293929
1.859630
8.269335
7.509980
6.844502
6.092734
4.826458
2.709256
1.247185
8.409357
7.661732
7.006475
6.241129
4.960225
2.805089
1.361876
9.053044
8.075782
7.468759
6.713783
5.471705
3.368490
1.915625
8.282407
7.564110
6.929066
6.181893
4.904869
2.785928
1.303760
8.421752
7.716275
7.092178
6.330904
5.037996
2.878669
1.416151
9.060222
8.127403
7.556339
6.808837
5.556019
3.450379
1.977082
8.288106
7.615388
7.016874
6.278003
4.990313
2.869583
1.365524
8.426458
7.767746
7.181068
6.427558
5.122564
2.958894
1.475099
9.058566
8.174892
7.647192
6.911920
5.648700
3.540662
2.044902
8.284287
7.661999
7.107304
6.381681
5.083837
2.961168
1.433339
8.421237
7.814217
7.272426
6.531626
5.214877
3.046658
1.539442
9.045512
8.215881
7.740420
7.023769
5.751078
3.640627
2.120252
8.268202
7.701435
7.199214
6.493416
5.186629
3.061835
1.508346
8.403233
7.853026
7.364965
6.643479
5.316004
3.143071
1.610161
9.017820
8.247107
7.834378
7.144887
5.864603
3.751769
2.204596
8.236389
7.730308
7.290723
6.613421
5.300007
3.172971
1.592032
8.368872
7.880604
7.456608
6.763179
5.427135
3.249527
1.688615
8.971503
8.264225
7.926335
7.275267
5.990743
3.875740
2.299722
8.184590
7.744174
7.378935
6.741405
5.425355
3.296198
1.686311
8.313801
7.892318
7.544223
6.890280
5.549579
3.367780
1.776714
8.901883
8.261732
8.012068
7.413949
6.130728
4.014187
2.407689
8.107760
7.737428
7.459636
6.876265
5.563999
3.433308
1.793575
8.232904
7.882396
7.623370
7.023634
5.684825
3.500166
1.877231
8.803818
8.233120
8.085550
7.558489
6.285226
4.168563
2.530747
8.000297
7.703406
7.527029
7.015658
5.716884
3.586092
1.916549
8.120562
7.844088
7.688089
7.160995
5.834239
3.649244
1.993723
8.672289
8.171542
8.138939
7.704286
6.453593
4.339445
2.670740
7.856310
7.634584
7.573646
7.155872
5.884540
3.756030
2.058438
7.970721
7.769727
7.731013
7.299604
6.000170
3.819777
2.132037
8.502651
8.070390
8.163398
7.845345
6.634846
4.527995
2.830424
7.671226
7.524337
7.590940
7.290921
6.065253
3.943574
2.220964
7.779282
7.653104
7.743456
7.432889
6.180184
4.009799
2.293584
8.293384
7.926528
8.150558
7.971684
6.822240
4.728885
3.006605
7.439424
7.363922
7.568258
7.414870
6.260065
4.148631
2.410150
7.537691
7.482499
7.715084
7.561979
6.388189
4.245723
2.500226
8.036854
7.729980
8.091468
8.083407
7.027881
4.962505
3.220388
7.168396
7.161971
7.505023
7.516848
6.453658
4.369892
2.613414
7.265536
7.279519
7.646490
7.652546
6.565497
4.434214
2.687230
7.760874
7.514459
7.996851
8.145273
7.185659
5.144947
3.393697
6.828168
6.869736
7.356605
7.575781
6.650086
4.499697
2.835679
6.880786
6.933374
7.469263
7.767808
6.902812
4.915353
3.089224
7.355294
7.131265
7.771989
8.224726
7.518302
5.593767
3.825683
6.539071
6.676292
7.276983
7.638346
6.814106
4.887345
3.098220
6.713044
6.894853
7.467111
7.691943
6.740900
4.704939
2.939642
7.273212
7.208305
7.846405
8.084871
7.156897
5.056152
3.385753
6.364666
6.629970
7.276121
7.525827
6.528447
4.283369
2.669008
6.406013
6.679172
7.378839
7.725090
6.805147
4.750257
2.960577
6.887317
6.882292
7.677941
8.156528
7.378313
5.370807
3.653497
5.772967
5.962323
6.767985
7.527366
7.106416
5.478729
3.661765
5.695834
5.842096
6.703055
7.664364
7.486704
5.982902
4.187414
6.105137
5.926933
6.834883
7.932483
8.034372
6.656131
5.041783
4.870308
4.801869
5.598864
6.892594
7.475343
6.746872
5.158727
4.743804
4.602493
5.389846
6.766117
7.618340
7.142024
5.787726
5.167203
4.689337
5.480501
6.871313
7.903758
7.610520
6.634753
4.075439
3.747362
4.411946
5.801154
7.015699
7.185025
6.404574
4.013857
3.639816
4.290806
5.679549
6.965978
7.266215
6.855305
3.993010
3.643697
4.288017
5.672871
7.007119
7.349350
7.271153
9.240173
10.186037
10.521569
11.231289
11.922589
12.143358
11.913104
12.404325
12.513768
12.243353
12.746017
12.827142
12.515927
12.991156
13.045401
12.719997
13.185883
13.222539
12.886168
13.344014
13.367191
13.024533
13.476969
13.489655
13.142831
13.591195
13.595300
13.245846
13.691146
13.687934
13.336933
13.779903
13.770182
13.418475
13.859698
13.843956
13.492227
13.932187
13.910686
13.559510
13.998626
13.971472
13.621329
14.059973
14.027192
13.678460
14.116943
14.078569
13.731495
14.170031
14.126238
13.780883
14.219504
14.170794
13.826975
14.265386
14.212812
13.870055
14.307565
14.252963
13.910504
14.345771
14.291574
13.948445
14.380594
14.330160
13.985486
14.411328
14.365159
14.017551
14.443177
14.411444
14.059227
14.461960
14.411700
14.091558
14.550083
14.541185
14.136364
14.530527
14.519986
14.152690
14.514032
14.533739
14.146500
14.507178
14.583208
13.929686
14.318545
14.572584
0.263488
2.029387
2.208703
3.870787
4.197818
3.895715
3.756967
4.204677
3.886719
3.806746
4.201317
3.843860
3.786248
4.191427
3.813116
3.798571
4.201624
3.806372
3.816796
4.220276
3.812468
3.843394
4.246656
3.829064
3.875601
4.278615
3.853432
3.912426
4.315043
3.884035
3.953149
4.355223
3.919901
3.997452
4.398809
3.960516
4.045301
4.445736
4.005716
4.096905
4.496184
4.055618
4.152710
4.550572
4.110601
4.213398
4.609582
4.171293
4.279901
4.674213
4.238568
4.353388
4.745814
4.313503
4.435233
4.826141
4.397296
4.526732
4.916995
4.491036
4.629325
5.020713
4.595634
4.742452
5.136226
4.710839
4.870429
5.271136
4.838765
4.997025
5.396609
4.969979
5.171166
5.601341
5.127965
5.233734
5.581708
5.049131
5.166354
5.604281
5.188208
5.570876
6.063671
5.763938
6.155327
6.663432
6.439705
6.499823
6.989796
7.308748
9.256958
9.895879
14.213656
14.464322
14.448579
14.418238
14.387205
14.356540
14.325469
14.293955
14.261867
14.229128
14.195673
14.161452
14.126430
14.090584
14.053917
14.016453
13.978252
13.939415
13.900089
13.860472
13.820760
13.781275
13.741782
13.704054
13.662493
13.638250
13.620239
13.566533
13.510008
13.246929
16.913258
16.933373
17.321108
17.402357
17.422472
17.810207
17.412839
17.432954
17.820689
17.419662
17.439777
17.827512
17.423535
17.443650
17.831385
17.422541
17.442656
17.830391
17.418156
17.438271
17.826006
17.411251
17.431366
17.819101
17.402341
17.422456
17.810191
17.391729
17.411843
17.799579
17.379579
17.399694
17.787429
17.365956
17.386071
17.773806
17.350843
17.370958
17.758693
17.334150
17.354265
17.742000
17.315714
17.335828
17.723563
17.295290
17.315404
17.703140
17.272543
17.292658
17.680393
17.247039
17.267154
17.654889
17.218232
17.238347
17.626082
17.185505
17.205619
17.593355
17.148154
17.168268
17.556004
17.105734
17.125849
17.513584
17.057270
17.077385
17.465120
17.004620
17.024735
17.412470
16.939027
16.959142
17.346877
16.896914
16.917029
17.304764
16.850667
16.870782
17.258517
16.755257
16.775372
17.163107
16.621723
16.641837
17.029573
16.301094
16.321209
16.708944
7.240569
-0.698627
-1.025574
-1.521636
-2.195981
-3.153841
-4.447562
7.545776
7.945996
7.437780
6.902212
6.041407
4.609915
2.544755
7.567406
8.188336
7.662213
7.047089
6.107712
4.541304
2.379129
7.574034
8.212673
7.717812
7.117542
6.179713
4.585160
2.379543
7.578172
8.232401
7.758065
7.159602
6.211209
4.600159
2.388611
7.578777
8.250424
7.801917
7.210059
6.253396
4.631765
2.425744
7.575224
8.265601
7.846001
7.262373
6.296853
4.663687
2.465249
7.566856
8.277220
7.890670
7.318104
6.343817
4.699246
2.509130
7.552881
8.284308
7.935425
7.377309
6.394410
4.738052
2.556934
7.532369
8.285680
7.979698
7.440328
6.449223
4.780531
2.608773
7.504223
8.279891
8.022625
7.507426
6.508853
4.827103
2.664906
7.467149
8.265178
8.062974
7.578831
6.574009
4.878346
2.725796
7.419616
8.239411
8.099005
7.654658
6.645518
4.934989
2.792102
7.359814
8.200040
8.128307
7.734814
6.724335
4.997955
2.864705
7.285606
8.144053
8.147618
7.818828
6.811543
5.068401
2.944751
7.194492
8.067957
8.152671
7.905588
6.908327
5.147774
3.033709
7.083588
7.967812
8.138146
7.992932
7.015883
5.237857
3.133437
6.949663
7.839375
8.097837
8.077090
7.135227
5.340778
3.246235
6.789256
7.678364
8.025147
8.152079
7.266860
5.458961
3.374861
6.598950
7.480940
7.913961
8.209357
7.410188
5.594817
3.522272
6.375642
7.244052
7.759527
8.238450
7.563186
5.750843
3.691907
6.117619
6.966812
7.559981
8.228693
7.720770
5.927312
3.884949
5.822549
6.646804
7.313004
8.171776
7.878770
6.129882
4.109892
5.498104
6.296796
7.031081
8.064898
8.018903
6.338958
4.344319
5.121341
5.878117
6.673247
7.892273
8.152144
6.608599
4.654245
4.799991
5.561969
6.425535
7.717334
8.163953
6.744519
4.838904
4.436476
5.337197
6.461167
7.875196
8.107310
6.449007
4.510845
3.916929
4.655058
5.678847
7.282606
8.178485
7.191411
5.495189
3.295054
3.720601
4.345102
5.862908
7.464163
7.935791
7.033080
2.581949
2.891401
3.196679
4.377653
6.054300
7.417216
7.890756
8.653006
10.816743
9.308313
8.656354
7.498063
6.073902
4.242794
8.721536
10.909499
9.590736
9.115890
8.098940
6.799479
4.870953
9.745213
11.705769
10.381186
9.932680
8.954866
7.704627
5.576409
9.169313
13.128906
12.177612
11.787854
10.831174
9.455488
6.925966
9.286038
13.241053
12.282468
11.862021
10.858112
9.455783
6.816857
10.291020
14.018875
13.045122
12.605312
11.589640
10.187777
7.339021
9.223332
13.233463
12.265096
11.813548
10.744347
9.240185
6.262345
9.330975
13.333395
12.378347
11.926475
10.862542
9.361141
6.402902
10.333150
14.108605
13.144177
12.679147
11.627450
10.142094
7.094708
9.263166
13.272466
12.330880
11.891222
10.822315
9.295671
6.249316
9.372815
13.374838
12.441878
11.996028
10.909647
9.373757
6.222483
10.374302
14.149531
13.207317
12.747376
11.688668
10.175662
7.063014
9.301829
13.310905
12.388817
11.948877
10.861089
9.320161
6.208600
9.411061
13.412915
12.500509
12.055483
10.963703
9.419651
6.295622
10.411423
14.186551
13.265901
12.807491
11.739365
10.216257
7.092689
9.334943
13.346465
12.447915
12.011617
10.916644
9.370151
6.274498
9.444160
13.448634
12.559820
12.118245
11.016654
9.465458
6.338609
10.443336
14.221161
13.325060
12.870633
11.793999
10.264157
7.144896
9.363495
13.379602
12.507149
12.075708
10.971634
9.417309
6.327665
9.472558
13.481802
12.619375
12.182736
11.072223
9.513018
6.393280
10.470374
14.253032
13.384443
12.935663
11.850565
10.312847
7.201154
9.387208
13.410083
12.567149
12.142777
11.030265
9.468046
6.390893
9.496070
13.512303
12.679687
12.250172
11.130839
9.563313
6.453690
10.492335
14.282026
13.444529
13.003727
11.910413
10.364595
7.264757
9.405641
13.437472
12.627938
12.213268
11.092586
9.521853
6.459716
9.514219
13.539664
12.740796
12.321072
11.193219
9.616767
6.520242
10.508697
14.307609
13.505336
13.075376
11.974176
10.419686
7.334598
9.418035
13.461048
12.689390
12.287744
11.159373
9.579446
6.534705
9.526228
13.563152
12.802565
12.395984
11.260027
9.673925
6.592677
10.518633
14.328979
13.566690
13.151173
12.042614
10.478783
7.410792
9.423358
13.479811
12.751128
12.366679
11.231320
9.641402
6.615924
9.531041
13.581746
12.864607
12.475380
11.331971
9.735381
6.671197
10.521022
14.345019
13.628154
13.231611
12.116510
10.542571
7.493611
9.420273
13.492434
12.812486
12.450491
11.309210
9.708434
6.703802
9.527289
13.594094
12.926237
12.559667
11.409823
9.801823
6.756209
10.514414
14.354251
13.688966
13.317118
12.196728
10.611855
7.583603
9.407095
13.497205
12.872408
12.539501
11.393909
9.781373
6.798948
9.513251
13.598449
12.986374
12.649153
11.494433
9.874057
6.848329
10.496986
14.354760
13.747936
13.408013
12.284230
10.687589
7.681537
9.381735
13.491940
12.929328
12.633863
11.486379
9.861215
6.902166
9.486796
13.592593
13.043415
12.743962
11.586736
9.953041
6.948375
10.466477
14.344109
13.803296
13.504421
12.380076
10.770906
7.788400
9.341624
13.473903
12.981006
12.733439
11.587668
9.949153
7.014448
9.445307
13.573746
13.095072
12.843918
11.687740
10.039920
7.057365
10.420118
14.319239
13.852520
13.606122
12.485403
10.863154
7.905385
9.283645
13.439713
13.024354
12.837600
11.698870
10.046620
7.136981
9.385625
13.538490
13.138194
12.948330
11.798486
10.136074
7.176542
10.354577
14.276398
13.892122
13.712312
12.601361
10.965918
8.033878
9.204088
13.385296
13.055271
12.944929
11.821032
10.155326
7.271144
9.304002
13.482726
13.168611
13.055701
11.919968
10.243161
7.307403
10.265943
14.211132
13.917481
13.821243
12.728957
11.081011
8.175408
9.098656
13.305909
13.068560
13.052810
11.954974
10.277252
7.418485
9.196129
13.401725
13.181060
13.163331
12.052962
10.363155
7.451705
10.149811
14.118426
13.922789
13.929750
12.868780
11.210381
8.331538
8.962584
13.196301
13.057978
13.156987
12.101009
10.414615
7.580623
9.057257
13.290279
13.169251
13.266903
12.197839
10.498414
7.611573
10.001509
13.993048
13.901224
14.032770
13.020626
11.355979
8.503758
8.790998
13.051154
13.016570
13.251190
12.258425
10.569532
7.759012
8.882573
13.143168
13.126228
13.360139
12.354038
10.651347
7.788982
9.816629
13.830303
13.845583
14.123044
13.182823
11.519197
8.692925
8.579214
12.865307
12.936981
13.327343
12.425481
10.744354
7.954912
8.667387
12.955148
13.044589
13.435150
12.520572
10.825442
7.987776
9.591260
13.626176
13.748829
14.191719
13.352735
11.701807
8.900762
8.324481
12.636167
12.813628
13.376001
12.597070
10.938373
8.167674
8.409252
12.724021
12.918934
13.482409
12.691884
11.019492
8.204481
9.324266
13.380767
13.607200
14.228961
13.523138
11.900473
9.122962
8.022698
12.357180
12.637012
13.387365
12.771798
11.159288
8.400335
8.102635
12.440427
12.738075
13.492987
12.872156
11.249236
8.466003
9.010489
13.085320
13.410355
14.225846
13.696891
12.129753
9.379655
7.684952
12.048437
12.424573
13.358475
12.925369
11.375815
8.638264
7.764579
12.135097
12.526447
13.461718
13.018143
11.456075
8.673257
8.670932
12.778546
13.190701
14.181481
13.832042
12.328714
9.592027
7.277178
11.636882
12.090721
13.244432
13.078852
11.662965
8.788374
7.335679
11.687041
12.161945
13.342609
13.230529
11.837175
9.164558
8.232195
12.310609
12.800529
14.036420
14.025173
12.707088
10.032032
6.943759
11.420863
11.985512
13.222747
13.111775
11.732314
9.168475
7.060871
11.586219
12.148762
13.333898
13.142133
11.709993
9.050322
7.998191
12.293150
12.861620
14.052210
13.876316
12.458325
9.673964
6.632924
11.264411
11.937481
13.217208
13.007539
11.504276
8.552426
6.687087
11.309206
12.002837
13.313774
13.168021
11.694385
8.972096
7.587375
11.945261
12.649577
14.007229
13.952304
12.545123
9.792277
6.015420
10.459405
11.089467
12.684634
13.203988
12.416840
10.163353
6.014775
10.396795
11.044233
12.708611
13.353637
12.661683
10.471904
6.882497
10.963616
11.597576
13.299876
14.074125
13.522384
11.296954
5.199679
9.260333
9.656350
11.378527
12.688691
13.133549
11.765052
5.177617
9.152655
9.537115
11.287723
12.699966
13.286565
11.979332
6.055661
9.726892
10.076980
11.819709
13.300518
14.023324
12.689131
4.347629
8.164386
8.329321
9.942428
11.517412
12.768540
12.287228
4.356322
8.120328
8.273237
9.886070
11.487080
12.800552
12.329152
4.917881
8.705943
8.852964
10.463796
12.073616
13.447283
12.916951
8.764514
11.270222
12.021900
12.360632
12.628996
12.831096
12.996362
13.134674
13.253423
13.357143
13.449000
13.531245
13.605534
13.673118
13.734955
13.791790
13.844201
13.892635
13.937438
13.978884
14.017269
14.052757
14.086294
14.115731
14.150937
14.180699
14.210997
14.212675
14.239479
14.084272
14.194332
14.214447
14.602182
15.750487
15.770602
16.158337
16.061748
16.081863
16.469598
16.267119
16.287234
16.674969
16.417434
16.437549
16.825284
16.536735
16.556849
16.944585
16.634216
16.654331
17.042066
16.716788
16.736903
17.124638
16.788341
16.808456
17.196191
16.851521
16.871636
17.259371
16.908140
16.928254
17.315990
16.959493
16.979608
17.367343
17.006522
17.026637
17.414372
17.049913
17.070028
17.457763
17.090154
17.110269
17.498004
17.127557
17.147672
17.535407
17.162270
17.182384
17.570120
17.194259
17.214374
17.602109
17.223306
17.243420
17.631156
17.248990
17.269105
17.656840
17.270836
17.290951
17.678686
17.288066
17.308181
17.695916
17.301343
17.321458
17.709193
17.306308
17.326422
17.714157
17.316863
17.336978
17.724713
17.309317
17.329431
17.717167
17.278215
17.298330
17.686065
17.296863
17.316978
17.704713
17.315121
17.335236
17.722971
17.145646
17.165761
17.553496
-3.556359
3.489202
3.780727
3.725667
3.699488
3.684258
3.682563
3.689796
3.703991
3.723572
3.747575
3.775416
3.806808
3.841693
3.880221
3.922730
3.969759
4.022037
4.080480
4.145963
4.219628
4.300648
4.393661
4.480525
4.621274
4.600763
4.600573
4.908284
5.394542
5.707577
4.375453
4.680470
5.717929
6.571374
6.314253
7.186635
5.833436
5.920147
6.957561
5.673375
5.681707
6.725530
5.455694
5.499512
6.565873
5.341500
5.388325
6.466839
5.262824
5.315477
6.403858
5.216470
5.272211
6.368106
5.192199
5.250092
6.352247
5.184866
5.244040
6.351782
5.190785
5.250559
6.363695
5.207584
5.267344
6.386040
5.233746
5.292900
6.417614
5.268386
5.326341
6.457759
5.311115
5.367271
6.506233
5.361953
5.415738
6.563120
5.421280
5.472259
6.628742
5.489747
5.537818
6.703514
5.568189
5.613952
6.787860
5.657047
5.702024
6.881469
5.757139
5.804547
6.985034
5.864790
5.916868
7.092366
5.989425
6.055150
7.221855
6.088996
6.151870
7.298183
6.299756
6.429017
7.589948
6.116348
6.079431
7.103954
5.923349
6.072763
7.204734
6.737046
6.981596
8.158195
7.856674
8.091667
9.231282
8.514645
8.655208
9.271801
7.330175
-7.488891
-12.133496
-10.886570
-9.816838
-8.595716
-7.090147
-6.052333
-7.570945
-12.200226
-11.397081
-10.696648
-9.801947
-8.540194
-7.081624
-7.896723
-12.624976
-11.750611
-11.151953
-10.352707
-9.122806
-7.364356
-8.384818
-14.050123
-13.508994
-12.879630
-12.031023
-10.765303
-8.594679
-8.606714
-14.210629
-13.658233
-12.959487
-12.045157
-10.693567
-8.242107
-8.898740
-14.625763
-14.001065
-13.303998
-12.365328
-10.939765
-8.192144
-8.454409
-14.113707
-13.533992
-12.815943
-11.851925
-10.422199
-7.514969
-8.654843
-14.242027
-13.696987
-12.980616
-12.023593
-10.592138
-7.737166
-8.941725
-14.651155
-14.046187
-13.346795
-12.385538
-10.918107
-8.087009
-8.504094
-14.161142
-13.606340
-12.903357
-11.940472
-10.501770
-7.541598
-8.709454
-14.296043
-13.765111
-13.047876
-12.073960
-10.598346
-7.352667
-8.996439
-14.705603
-14.115219
-13.416021
-12.441361
-10.950705
-8.079478
-8.555921
-14.210957
-13.668798
-12.962022
-11.983529
-10.520215
-7.421248
-8.760178
-14.344803
-13.828968
-13.112604
-12.129779
-10.649030
-7.517890
-9.046435
-14.753409
-14.180237
-13.482540
-12.497953
-10.996890
-8.134594
-8.603064
-14.257899
-13.733036
-13.028609
-12.041943
-10.572780
-7.518546
-8.807184
-14.392096
-13.893736
-13.178901
-12.186241
-10.695504
-7.557959
-9.092668
-14.799769
-14.246128
-13.551221
-12.557307
-11.048131
-8.198671
-8.646803
-14.303229
-13.797668
-13.095889
-12.099684
-10.621834
-7.579809
-8.850436
-14.437440
-13.959114
-13.247146
-12.244746
-10.745283
-7.623082
-9.134846
-14.843833
-14.312655
-13.622090
-12.618835
-11.101591
-8.268192
-8.686853
-14.346950
-13.863696
-13.166297
-12.160858
-10.675213
-7.654114
-8.889864
-14.481152
-14.025894
-13.318373
-12.306214
-10.798054
-7.690395
-9.172855
-14.885875
-14.380562
-13.696255
-12.683796
-11.158617
-8.343943
-8.722833
-14.388938
-13.931375
-13.240239
-12.225587
-10.731972
-7.733102
-8.924998
-14.523015
-14.094362
-13.393246
-12.371334
-10.854300
-7.763744
-9.206121
-14.925547
-14.450090
-13.774430
-12.752948
-11.219600
-8.425875
-8.754038
-14.428773
-14.000873
-13.318387
-12.294670
-10.792787
-7.818311
-8.955088
-14.562585
-14.164667
-13.472395
-12.440798
-10.914435
-7.842605
-9.233777
-14.962247
-14.521315
-13.857301
-12.827124
-11.285182
-8.514390
-8.779493
-14.465780
-14.072164
-13.401310
-12.368814
-10.858164
-7.909829
-8.979095
-14.599138
-14.236765
-13.556395
-12.515317
-10.978978
-7.927428
-9.254631
-14.995039
-14.594090
-13.945509
-12.907201
-11.356095
-8.610064
-8.797910
-14.498979
-14.145020
-13.489555
-12.448809
-10.928767
-8.008172
-8.995651
-14.631635
-14.310396
-13.645780
-12.595653
-11.048546
-8.018690
-9.267125
-15.022603
-14.667998
-14.039654
-12.994148
-11.433218
-8.713668
-8.807640
-14.527020
-14.218942
-13.583614
-12.535520
-11.005391
-8.113934
-9.003014
-14.658652
-14.385009
-13.741020
-12.682633
-11.123871
-8.117028
-9.269276
-15.043141
-14.742250
-14.140259
-13.089045
-11.517606
-8.826137
-8.806596
-14.548093
-14.293056
-13.683881
-12.629904
-11.088990
-8.227814
-8.998992
-14.678295
-14.459661
-13.842462
-12.777152
-11.205822
-8.223204
-9.258586
-15.054264
-14.815547
-14.247691
-13.193089
-11.610520
-8.948558
-8.792171
-14.559809
-14.365971
-13.790564
-12.733008
-11.180712
-8.350588
-8.980862
-14.688084
-14.532862
-13.950242
-12.880166
-11.295438
-8.338102
-9.231967
-15.052865
-14.885871
-14.362018
-13.307565
-11.713452
-9.082120
-8.761141
-14.559069
-14.435587
-13.903543
-12.845941
-11.281936
-8.483070
-8.945283
-14.684843
-14.602383
-14.064118
-12.992659
-11.393965
-8.462729
-9.185664
-15.035011
-14.950240
-14.482761
-13.433757
-11.828125
-9.228039
-8.709574
-14.541942
-14.498864
-14.022138
-12.969803
-11.394300
-8.626054
-8.888235
-14.664602
-14.665036
-14.183250
-13.115583
-11.502922
-8.598226
-9.115253
-14.995930
-15.004438
-14.608526
-13.572757
-11.956434
-9.387414
-8.632797
-14.503589
-14.551568
-14.144788
-13.105544
-11.519699
-8.780230
-8.805005
-14.622562
-14.716441
-14.305886
-13.249761
-11.624173
-8.745848
-9.015754
-14.930193
-15.042831
-14.736497
-13.725102
-12.100262
-9.560974
-8.525451
-14.438303
-14.588050
-14.268638
-13.253737
-11.660235
-8.945922
-8.690270
-14.553144
-14.750837
-14.429018
-13.395799
-11.760098
-8.907156
-8.881949
-14.832183
-15.058424
-14.861934
-13.890290
-12.261216
-9.748861
-8.381795
-14.339832
-14.601211
-14.389082
-13.414136
-11.817935
-9.123093
-8.538436
-14.450330
-14.761085
-14.547964
-13.553698
-11.913343
-9.083279
-8.709016
-14.697065
-15.043483
-14.977848
-14.065978
-12.439878
-9.950001
-8.196131
-14.201727
-14.582633
-14.499628
-13.585587
-11.994774
-9.309814
-8.343815
-14.307492
-14.738597
-14.656581
-13.723589
-12.088147
-9.278255
-8.492853
-14.520936
-14.990231
-15.075745
-14.248658
-12.636870
-10.164020
-7.964255
-14.019432
-14.524107
-14.591681
-13.764179
-12.190630
-9.506297
-8.102926
-14.121000
-14.675559
-14.745933
-13.901046
-12.283687
-9.485179
-8.232503
-14.304955
-14.894432
-15.145919
-14.429740
-12.846795
-10.383819
-7.682430
-13.786789
-14.415550
-14.656002
-13.948319
-12.409230
-9.696422
-7.809101
-13.878297
-14.557754
-14.808905
-14.093377
-12.518664
-9.744923
-7.922355
-14.038189
-14.744095
-15.180791
-14.613949
-13.085647
-10.631895
-7.355388
-13.515125
-14.261960
-14.683684
-14.119684
-12.634301
-9.926928
-7.479699
-13.614816
-14.406949
-14.830714
-14.252448
-12.726381
-9.901689
-7.586379
-13.770507
-14.576706
-15.176199
-14.751843
-13.280168
-10.811909
-6.973245
-13.163567
-14.017470
-14.649885
-14.292816
-12.880860
-9.724854
-7.052275
-13.183125
-14.092025
-14.789045
-14.504977
-13.140688
-10.530218
-7.138432
-13.301382
-14.212640
-15.076474
-14.973631
-13.695935
-11.298394
-6.576049
-12.895615
-13.852254
-14.617923
-14.384902
-13.090526
-10.653518
-6.774507
-13.169949
-14.140849
-14.783997
-14.386131
-12.963938
-10.301648
-6.942672
-13.463785
-14.421724
-15.127783
-14.746411
-13.278153
-10.531986
-6.348940
-12.890822
-13.926307
-14.627843
-14.213497
-12.719740
-9.438515
-6.417883
-12.898823
-13.987379
-14.763024
-14.439154
-13.010588
-10.346729
-6.504040
-13.031514
-14.115727
-15.049869
-14.895995
-13.542315
-11.026178
-5.794138
-12.164044
-13.253324
-14.342822
-14.544186
-13.571747
-11.298902
-5.750330
-11.944942
-13.073200
-14.304956
-14.785760
-14.025584
-11.874501
-5.754107
-11.919650
-13.000618
-14.361107
-15.106260
-14.602763
-12.570108
-4.986354
-10.911095
-11.889808
-13.278044
-14.402548
-14.514031
-12.897391
-4.896784
-10.606516
-11.576499
-12.999931
-14.334446
-14.785116
-13.299893
-4.908693
-10.581639
-11.479761
-12.945990
-14.404207
-15.099295
-13.773638
-4.141802
-9.716440
-10.504310
-11.872204
-13.405149
-14.489355
-13.473713
-4.114480
-9.545692
-10.329634
-11.685840
-13.263121
-14.489578
-13.501926
-4.192081
-9.559926
-10.354740
-11.701134
-13.300145
-14.581715
-13.617844
-5.224785
-5.940069
-6.013569
-7.042277
-6.096348
-5.813775
-5.382804
-5.560002
-5.719741
-5.223475
-5.146587
-5.328763
-4.851993
-4.890812
-5.135872
-4.665257
-4.714953
-4.994567
-4.526295
-4.595559
-4.902676
-4.436026
-4.515793
-4.843750
-4.377630
-4.464747
-4.810005
-4.343513
-4.435070
-4.795836
-4.328014
-4.421750
-4.797628
-4.327463
-4.421344
-4.812997
-4.339412
-4.431498
-4.840424
-4.362306
-4.450658
-4.878998
-4.395249
-4.477926
-4.928227
-4.437867
-4.513045
-4.987870
-4.490189
-4.556515
-5.057736
-4.552487
-4.609738
-5.137378
-4.625052
-4.675317
-5.225882
-4.707669
-4.756037
-5.320964
-4.799759
-4.856694
-5.421655
-4.898200
-4.970921
-5.518365
-5.005657
-5.122094
-5.637096
-5.102281
-5.211190
-5.671240
-5.244253
-5.555105
-6.018785
-5.200531
-5.003189
-5.121267
-4.669619
-5.043768
-5.471858
-5.519136
-6.188742
-6.746143
-6.881613
-7.536444
-7.987629
-7.787345
-8.158326
-8.445068
-8.259961
-6.651903
-5.493255
-4.401844
-3.151738
-1.605754
0.476855
-8.359250
-7.006639
-6.210662
-5.490189
-4.586034
-3.328869
-1.374182
-8.652298
-7.306016
-6.535476
-5.902937
-5.069572
-3.807482
-1.903487
-8.877146
-8.460411
-7.807738
-7.163281
-6.294545
-4.995337
-2.705838
-8.990147
-8.604030
-7.921952
-7.213851
-6.286817
-4.937769
-2.582194
-9.232736
-8.885262
-8.165617
-7.448377
-6.488289
-5.063194
-2.666799
-8.896601
-8.476975
-7.780501
-7.047556
-6.072020
-4.615489
-2.282574
-9.004652
-8.632554
-7.952976
-7.224662
-6.258442
-4.822319
-2.455083
-9.246780
-8.918430
-8.210993
-7.488945
-6.510386
-5.038741
-2.635908
-8.914651
-8.512574
-7.838781
-7.119526
-6.145740
-4.674429
-2.338887
-9.023457
-8.665098
-7.999003
-7.268822
-6.285615
-4.797508
-2.430295
-9.265742
-8.950906
-8.256489
-7.534001
-6.543726
-5.049186
-2.628991
-8.931887
-8.543869
-7.881102
-7.157321
-6.168001
-4.671172
-2.333000
-9.040256
-8.696940
-8.043999
-7.314417
-6.323548
-4.833384
-2.455151
-9.282413
-8.983055
-8.303411
-7.581571
-6.581762
-5.076087
-2.653299
-8.946985
-8.574976
-7.927685
-7.205788
-6.208774
-4.706597
-2.365099
-9.055055
-8.727949
-8.090610
-7.362020
-6.361558
-4.860886
-2.481242
-9.296965
-9.014191
-8.351612
-7.631681
-6.622718
-5.107849
-2.684732
-8.959683
-8.604863
-7.974912
-7.255113
-6.248866
-4.737526
-2.394704
-9.067323
-8.757773
-8.138364
-7.412115
-6.402245
-4.892317
-2.511264
-9.308762
-9.044027
-8.401153
-7.684592
-6.666433
-5.142157
-2.719425
-8.969562
-8.633375
-8.023557
-7.307572
-6.292332
-4.772433
-2.429156
-9.076668
-8.786108
-8.187434
-7.465085
-6.445687
-4.926151
-2.544717
-9.317358
-9.072180
-8.452094
-7.740737
-6.713429
-5.179702
-2.757961
-8.976081
-8.660016
-8.073454
-7.363157
-6.338858
-4.809987
-2.466757
-9.082513
-8.812450
-8.237748
-7.521260
-6.492268
-4.962761
-2.581293
-9.322101
-9.098075
-8.504355
-7.800513
-6.764139
-5.220614
-2.800092
-8.978554
-8.684146
-8.124478
-7.422270
-6.388972
-4.850679
-2.507698
-9.084139
-8.836116
-8.289133
-7.580974
-6.542376
-5.002308
-2.620911
-9.322181
-9.120930
-8.557721
-7.864325
-6.819102
-5.265271
-2.845980
-8.976129
-8.704911
-8.176328
-7.485240
-6.443132
-4.894801
-2.552075
-9.080649
-8.856200
-8.341256
-7.644554
-6.596467
-5.045096
-2.663656
-9.316590
-9.139711
-8.611793
-7.932584
-6.878946
-5.314170
-2.895954
-8.967752
-8.721197
-8.228510
-7.552401
-6.501900
-4.942812
-2.600209
-9.070932
-8.871524
-8.393568
-7.712305
-6.655066
-5.091520
-2.709767
-9.304076
-9.153063
-8.665909
-8.005684
-6.944417
-5.367967
-2.950545
-8.952118
-8.731564
-8.280250
-7.624048
-6.565934
-4.995291
-2.652588
-9.053611
-8.880565
-8.445222
-7.784483
-6.718780
-5.142085
-2.759629
-9.283086
-9.159230
-8.719048
-8.083960
-7.016392
-5.427495
-3.010493
-8.927620
-8.734167
-8.330398
-7.700398
-6.636008
-5.052988
-2.709904
-9.026983
-8.881373
-8.494966
-7.861243
-6.788308
-5.197439
-2.813796
-9.251695
-9.155945
-8.769675
-8.167612
-7.095894
-5.493811
-3.076779
-8.892275
-8.726657
-8.377289
-7.781511
-6.713029
-5.116865
-2.773092
-8.988950
-8.871471
-8.541005
-7.942553
-6.864455
-5.258422
-2.873035
-9.207533
-9.140325
-8.815569
-8.256568
-7.184083
-5.568239
-3.150676
-8.843658
-8.706085
-8.418588
-7.867164
-6.798051
-5.188178
-2.843413
-8.936944
-8.847766
-8.580847
-8.028068
-6.948146
-5.326142
-2.938418
-9.147710
-9.108755
-8.853609
-8.350253
-7.282213
-5.652410
-3.233799
-8.778840
-8.668815
-8.451125
-7.956661
-6.892264
-5.268562
-2.922547
-8.867875
-8.806467
-8.611160
-8.116943
-7.040436
-5.402111
-3.011476
-9.068779
-9.056850
-8.879586
-8.447255
-7.391498
-5.748273
-3.328149
-8.694357
-8.610495
-8.470756
-8.048541
-6.996942
-5.360128
-3.012700
-8.778109
-8.743089
-8.627657
-8.207583
-7.142517
-5.488422
-3.094414
-8.966777
-8.979534
-8.888104
-8.544851
-7.512846
-5.858013
-3.436073
-8.586254
-8.526121
-8.472292
-8.140230
-7.113316
-5.465524
-3.116688
-8.663542
-8.652547
-8.625093
-8.297375
-7.255762
-5.588068
-3.190496
-8.837394
-8.871353
-8.872724
-8.638580
-7.646479
-5.983902
-3.560192
-8.450282
-8.410325
-8.449599
-8.227611
-7.242205
-5.587784
-3.237808
-8.519841
-8.529496
-8.597392
-8.382300
-7.381411
-5.704839
-3.304010
-8.676394
-8.727133
-8.826518
-8.721960
-7.791188
-6.127651
-3.702807
-8.282133
-8.257698
-8.395828
-8.304945
-7.383884
-5.730349
-3.379910
-8.342676
-8.368526
-8.537805
-8.457190
-7.521345
-5.844831
-3.441795
-8.479990
-8.542510
-8.742952
-8.787508
-7.945091
-6.291556
-3.867111
-8.078525
-8.064290
-8.304640
-8.364599
-7.536087
-5.895128
-3.545599
-8.129110
-8.166215
-8.440384
-8.514128
-7.672832
-6.009278
-3.606305
-8.246364
-8.316134
-8.618019
-8.826343
-8.101080
-6.472015
-4.050517
-7.835674
-7.825083
-8.168149
-8.398509
-7.698463
-6.087159
-3.740855
-7.874753
-7.915419
-8.294794
-8.547204
-7.845216
-6.220438
-3.820380
-7.972023
-8.042733
-8.444472
-8.834385
-8.266540
-6.687872
-4.274024
-7.559144
-7.548886
-7.992271
-8.399486
-7.854564
-6.294821
-3.956411
-7.589770
-7.635073
-8.118249
-8.543325
-7.989627
-6.408992
-4.019652
-7.670068
-7.746440
-8.246972
-8.802474
-8.388385
-6.865105
-4.459974
-7.226860
-7.201711
-7.733520
-8.342137
-8.014130
-6.517926
-4.198346
-7.234625
-7.247071
-7.806550
-8.478154
-8.235512
-6.828353
-4.446207
-7.293851
-7.334232
-7.903493
-8.701701
-8.613347
-7.281469
-4.915791
-6.938609
-6.925422
-7.557721
-8.297584
-8.107330
-6.751100
-4.475185
-6.982179
-7.083706
-7.796486
-8.471936
-8.115510
-6.631532
-4.279915
-7.065272
-7.252462
-8.010387
-8.730463
-8.368092
-6.822827
-4.443790
-6.645400
-6.772678
-7.578739
-8.307789
-7.928516
-6.336421
-4.034989
-6.642929
-6.803707
-7.638840
-8.441579
-8.166970
-6.684138
-4.324882
-6.677237
-6.871747
-7.718803
-8.643251
-8.515178
-7.110267
-4.772248
-6.141913
-6.138371
-6.928198
-8.005135
-8.255603
-7.238039
-4.976812
-6.090103
-6.057800
-6.793024
-7.963509
-8.484243
-7.739535
-5.537877
-6.067261
-6.039650
-6.719675
-7.961942
-8.702212
-8.199582
-6.170789
-5.480895
-5.214812
-5.719591
-6.951389
-8.067449
-8.242378
-6.476497
-5.402432
-5.118790
-5.543654
-6.711078
-7.985354
-8.512056
-7.061994
-5.361351
-5.094307
-5.478986
-6.631257
-7.991214
-8.713479
-7.590173
-4.851979
-4.396318
-4.632296
-5.650429
-7.064340
-8.191087
-7.504549
-4.792934
-4.348954
-4.561320
-5.520635
-6.930004
-8.192328
-7.783729
-4.758674
-4.341811
-4.550402
-5.481938
-6.888644
-8.211220
-7.960875
-14.786080
-14.792900
-14.924354
-15.747752
-15.754572
-15.886026
-15.757749
-15.764568
-15.896022
-15.776137
-15.782956
-15.914410
-15.790679
-15.797498
-15.928952
-15.801788
-15.808607
-15.940061
-15.810139
-15.816958
-15.948412
-15.816737
-15.823556
-15.955010
-15.822066
-15.828885
-15.960339
-15.826454
-15.833273
-15.964727
-15.830102
-15.836921
-15.968375
-15.833124
-15.839944
-15.971398
-15.835565
-15.842384
-15.973838
-15.837399
-15.844218
-15.975672
-15.838528
-15.845347
-15.976801
-15.838764
-15.845584
-15.977037
-15.837806
-15.844626
-15.976080
-15.835208
-15.842028
-15.973481
-15.830346
-15.837165
-15.968619
-15.822404
-15.829224
-15.960678
-15.810443
-15.817262
-15.948716
-15.793397
-15.800217
-15.931670
-15.770822
-15.777642
-15.909095
-15.740589
-15.747408
-15.878862
-15.705993
-15.712812
-15.844266
-15.659021
-15.665840
-15.797294
-15.616103
-15.622923
-15.754377
-15.582362
-15.589181
-15.720635
-15.502879
-15.509698
-15.641152
-15.313046
-15.319865
-15.451319
-18.258152
-18.313113
-19.372553
-18.311170
-18.366131
-19.425571
-18.285695
-18.340656
-19.400096
-18.258912
-18.313873
-19.373313
-18.232263
-18.287224
-19.346664
-18.203803
-18.258764
-19.318204
-18.173932
-18.228893
-19.288333
-18.142743
-18.197704
-19.257144
-18.110301
-18.165262
-19.224702
-18.076620
-18.131581
-19.191021
-18.041690
-18.096651
-19.156091
-18.005482
-18.060443
-19.119883
-17.967961
-18.022922
-19.082362
-17.929092
-17.984053
-19.043493
-17.888850
-17.943811
-19.003251
-17.847229
-17.902190
-18.961630
-17.804256
-17.859217
-18.918657
-17.760008
-17.814969
-18.874409
-17.714618
-17.769579
-18.829019
-17.668303
-17.723264
-18.782704
-17.621271
-17.676233
-18.735672
-17.574030
-17.628991
-18.688431
-17.526014
-17.580975
-18.640415
-17.480634
-17.535595
-18.595035
-17.426622
-17.481583
-18.541023
-17.410802
-17.465763
-18.525203
-17.389387
-17.444348
-18.503788
-17.305592
-17.360553
-18.419993
-17.233760
-17.288721
-18.348161
-16.925237
-16.980198
-18.039638
-14.971724
-15.036110
-15.009464
-14.980505
-14.950034
-14.917342
-14.882918
-14.846892
-14.809361
-14.770357
-14.729886
-14.687930
-14.644472
-14.599497
-14.553014
-14.505061
-14.455727
-14.405162
-14.353601
-14.301335
-14.248834
-14.196351
-14.144806
-14.095112
-14.043153
-14.035056
-13.996553
-13.963056
-13.814099
-14.800404
-11.339470
-9.178030
-8.040214
-7.284786
-6.326728
-5.041773
-3.206898
-11.358615
-9.244895
-8.126852
-7.405287
-6.473915
-5.222325
-3.393080
-12.643835
-10.419094
-9.309604
-8.590956
-7.661774
-6.400385
-4.520003
-11.550034
-12.016086
-11.162106
-10.532737
-9.654010
-8.285249
-6.225898
-11.575892
-12.093988
-11.230264
-10.596606
-9.708439
-8.340026
-6.266111
-12.847641
-13.243626
-12.389171
-11.750191
-10.853789
-9.468602
-7.345072
-11.563598
-12.160200
-11.299658
-10.626689
-9.677697
-8.209749
-5.946674
-11.588137
-12.235242
-11.367619
-10.695517
-9.747357
-8.283950
-6.033263
-12.859032
-13.384834
-12.527823
-11.851910
-10.900481
-9.422320
-7.145938
-11.572527
-12.180936
-11.345955
-10.684134
-9.731454
-8.239838
-5.940696
-11.597409
-12.256532
-11.413834
-10.751874
-9.795356
-8.306843
-5.994791
-12.867772
-13.406184
-12.574068
-11.908035
-10.951220
-9.448674
-7.136753
-11.579453
-12.200674
-11.387546
-10.729465
-9.765224
-8.259578
-5.944487
-11.604329
-12.276154
-11.455462
-10.797457
-9.832099
-8.330310
-6.021038
-12.874050
-13.425835
-12.615924
-11.953947
-10.987370
-9.471164
-7.154158
-11.582133
-12.216951
-11.429669
-10.778852
-9.807081
-8.292075
-5.988186
-11.607066
-12.292435
-11.497606
-10.846861
-9.873434
-8.362070
-6.060182
-12.876099
-13.442126
-12.658272
-12.003608
-11.029118
-9.503297
-7.195055
-11.580480
-12.229855
-11.471588
-10.829861
-9.850012
-8.324667
-6.031618
-11.605453
-12.305314
-11.539547
-10.897934
-9.916473
-8.394732
-6.103895
-12.873722
-13.454978
-12.700430
-12.054986
-11.072450
-9.536210
-7.239068
-11.573917
-12.238764
-11.513406
-10.883488
-9.895997
-8.360276
-6.081467
-11.598927
-12.314194
-11.581383
-10.951620
-9.962454
-8.430272
-6.153180
-12.866343
-13.463785
-12.742483
-12.109007
-11.118783
-9.572092
-7.289026
-11.561765
-12.242901
-11.554828
-10.940005
-9.945286
-8.398727
-6.135968
-11.586804
-12.318296
-11.622817
-11.008198
-10.011756
-8.468673
-6.207231
-12.853260
-13.467746
-12.784130
-12.165954
-11.168477
-9.610898
-7.343811
-11.543158
-12.241214
-11.595361
-10.999747
-9.998467
-8.440474
-6.195197
-11.568214
-12.316563
-11.663354
-11.068001
-10.064947
-8.510359
-6.265959
-12.833583
-13.465786
-12.824866
-12.226164
-11.222118
-9.653071
-7.403401
-11.517047
-12.232361
-11.634225
-11.062969
-10.056125
-8.485964
-6.259256
-11.542104
-12.307652
-11.702213
-11.131282
-10.122615
-8.555783
-6.329494
-12.806235
-13.456536
-12.863898
-12.289892
-11.280308
-9.699078
-7.467936
-11.482170
-12.214671
-11.670279
-11.129849
-10.118928
-8.535776
-6.328533
-11.507206
-12.289891
-11.738246
-11.198215
-10.185424
-8.605519
-6.398219
-12.769918
-13.438286
-12.900059
-12.357312
-11.343727
-9.749515
-7.537827
-11.437021
-12.186091
-11.701900
-11.200425
-10.187630
-8.590622
-6.403636
-11.462004
-12.261222
-11.769830
-11.268834
-10.254127
-8.660275
-6.472744
-12.723082
-13.408936
-12.931700
-12.428456
-11.413149
-9.805120
-7.613716
-11.379807
-12.144132
-11.726852
-11.274509
-10.263083
-8.651391
-6.485413
-11.404697
-12.219152
-11.794720
-11.342941
-10.329572
-8.720935
-6.553922
-12.663881
-13.365933
-12.956537
-12.503121
-11.489439
-9.866813
-7.696490
-11.308416
-12.085818
-11.742125
-11.351531
-10.346230
-8.719199
-6.574982
-11.333156
-12.160701
-11.809901
-11.419960
-10.412694
-8.788607
-6.642875
-12.590139
-13.306225
-12.971501
-12.580711
-11.573551
-9.935744
-7.787314
-11.220377
-12.007667
-11.743802
-11.430311
-10.438068
-8.795442
-6.673787
-11.244897
-12.082383
-11.811449
-11.498696
-10.504484
-8.864681
-6.741060
-12.499316
-13.226235
-12.972598
-12.660003
-11.666484
-10.013346
-7.887679
-11.112865
-11.905721
-11.727014
-11.508714
-10.539572
-8.881866
-6.783661
-11.137078
-11.980235
-11.794488
-11.577004
-10.605905
-8.950894
-6.850333
-12.388513
-13.121902
-12.954861
-12.738792
-11.769183
-10.101392
-7.999460
-10.982749
-11.775683
-11.686057
-11.583212
-10.651509
-8.980601
-6.906882
-11.006554
-11.849960
-11.753306
-11.651345
-10.717716
-9.049371
-6.973009
-12.254542
-12.988831
-12.912476
-12.813453
-11.882345
-10.202012
-8.124949
-10.826730
-11.613184
-11.614753
-11.648443
-10.774178
-9.094175
-7.046211
-10.850016
-11.687188
-11.681726
-11.716355
-10.840223
-9.162664
-7.111945
-12.094090
-12.822597
-12.839168
-12.878503
-12.006139
-10.317687
-8.266892
-10.641648
-11.414274
-11.507139
-11.696971
-10.906870
-9.225214
-7.204600
-10.664304
-11.487978
-11.573787
-11.764605
-10.972733
-9.293438
-7.270185
-11.904066
-12.619300
-12.728926
-12.926383
-12.139668
-10.450890
-8.428126
-10.424700
-11.175675
-11.357986
-11.719783
-11.047938
-9.376954
-7.385785
-10.446612
-11.249037
-11.424258
-11.787105
-11.113708
-9.445111
-7.451960
-11.681819
-12.375821
-12.576531
-12.948015
-12.281166
-10.604735
-8.612484
-10.174702
-10.896641
-11.164985
-11.707397
-11.192077
-9.549293
-7.590167
-10.195811
-10.969672
-11.230866
-11.774391
-11.257752
-9.617483
-7.657112
-11.426514
-12.091918
-12.379919
-12.933966
-12.425077
-10.778558
-8.819585
-9.889173
-10.573423
-10.922077
-11.650264
-11.338669
-9.752955
-7.829875
-9.909199
-10.645719
-10.987354
-11.716894
-11.405015
-9.822616
-7.902470
-11.135508
-11.763426
-12.132670
-12.874707
-12.571678
-10.984463
-9.065123
-9.578365
-10.224220
-10.651639
-11.551142
-11.459201
-9.949687
-8.065788
-9.598052
-10.296977
-10.716926
-11.617601
-11.524410
-10.017667
-8.132272
-10.821151
-11.412346
-11.859994
-12.774078
-12.689944
-11.178344
-9.296492
-9.210169
-9.789832
-10.265503
-11.353007
-11.590961
-10.260992
-8.400919
-9.225903
-9.856708
-10.327015
-11.417595
-11.664021
-10.344211
-8.534926
-10.443247
-10.964136
-11.461357
-12.569425
-12.828217
-11.507045
-9.692059
-8.941932
-9.543715
-10.167817
-11.320039
-11.551808
-10.204062
-8.458106
-8.967360
-9.628726
-10.240478
-11.390160
-11.612694
-10.256895
-8.494854
-10.190860
-10.752949
-11.391468
-12.549567
-12.766864
-11.394793
-9.599659
-8.587483
-9.263559
-10.034087
-11.295628
-11.529316
-10.116461
-8.261546
-8.602130
-9.329687
-10.094863
-11.359776
-11.603325
-10.202092
-8.403975
-9.815930
-10.438511
-11.232456
-12.513514
-12.765752
-11.359709
-9.549697
-8.035519
-8.508614
-9.128948
-10.575660
-11.539669
-10.967616
-9.567084
-8.040110
-8.556379
-9.173528
-10.630338
-11.604439
-11.053679
-9.685201
-9.242822
-9.645093
-10.284525
-11.763084
-12.759326
-12.217139
-10.835941
-7.387133
-7.554306
-7.816860
-9.165600
-10.714231
-11.467255
-11.076294
-7.386708
-7.591570
-7.845987
-9.204091
-10.764916
-11.533417
-11.162362
-8.586077
-8.675799
-8.943858
-10.312872
-11.898133
-12.683349
-12.294164
-6.889722
-6.763017
-6.756339
-7.843522
-9.443976
-10.842053
-11.614568
-6.895168
-6.811342
-6.794224
-7.884081
-9.490623
-10.897663
-11.674180
-7.957929
-7.918036
-7.893340
-8.984361
-10.593186
-12.012461
-12.778359
-8.466215
-6.934437
-5.925511
-5.312660
-4.475730
-3.128198
-1.264397
-8.512981
-7.981925
-7.105651
-6.445227
-5.539828
-4.049094
-1.976680
-8.518270
-8.008648
-7.154818
-6.495409
-5.577109
-4.040201
-1.928153
-8.520059
-8.027978
-7.196335
-6.541086
-5.613411
-4.056093
-1.929548
-8.518135
-8.045383
-7.238848
-6.589261
-5.652393
-4.083788
-1.961908
-8.511478
-8.059112
-7.281004
-6.639129
-5.693145
-4.114069
-2.001746
-8.499797
-8.068991
-7.323169
-6.691481
-5.736473
-4.146521
-2.045878
-8.482465
-8.074288
-7.365143
-6.746743
-5.782930
-4.181749
-2.094611
-8.458713
-8.074058
-7.406554
-6.805334
-5.833126
-4.220119
-2.147671
-8.427581
-8.067058
-7.446745
-6.867615
-5.887706
-4.262133
-2.205208
-8.387911
-8.051727
-7.484703
-6.933885
-5.947396
-4.308393
-2.267583
-8.338321
-8.026133
-7.518957
-7.004339
-6.013020
-4.359645
-2.335385
-8.277166
-7.987926
-7.547421
-7.078986
-6.085523
-4.416811
-2.409432
-8.202508
-7.934288
-7.567238
-7.157510
-6.165975
-4.481041
-2.490802
-8.112074
-7.861904
-7.574609
-7.239035
-6.255548
-4.553763
-2.580878
-8.003250
-7.766973
-7.564715
-7.321760
-6.355438
-4.636728
-2.681389
-7.873100
-7.645316
-7.531802
-7.402461
-6.466691
-4.732026
-2.794443
-7.718470
-7.492611
-7.469555
-7.475917
-6.589885
-4.842020
-2.922505
-7.536225
-7.304832
-7.371829
-7.534560
-6.724621
-4.969121
-3.068220
-7.323539
-7.078706
-7.233552
-7.568915
-6.869051
-5.115600
-3.234306
-7.078626
-6.812652
-7.051841
-7.569094
-7.019096
-5.282715
-3.422743
-6.800130
-6.505542
-6.825272
-7.527400
-7.169775
-5.472789
-3.636848
-6.491500
-6.162902
-6.557766
-7.437691
-7.310027
-5.680913
-3.873779
-6.146370
-5.774880
-6.242129
-7.301676
-7.438143
-5.917626
-4.136777
-5.801082
-5.394058
-5.913471
-7.084663
-7.483437
-6.145929
-4.442446
-5.506419
-5.201966
-5.971787
-7.233903
-7.415658
-5.857790
-4.105302
-5.058233
-4.664191
-5.423587
-6.868266
-7.521012
-6.357803
-4.731105
-4.488749
-3.819339
-4.249974
-5.711290
-7.118273
-7.258248
-6.236965
-3.904012
-3.025969
-3.093081
-4.278714
-5.919768
-7.122787
-7.367900
-8.002356
0.656848
1.458415
1.956203
2.604543
3.626842
4.409301
-13.817445
-13.824265
-13.955719
-15.189691
-15.196511
-15.327964
-15.321846
-15.328666
-15.460119
-15.416291
-15.423111
-15.554565
-15.491027
-15.497847
-15.629301
-15.550323
-15.557142
-15.688596
-15.599494
-15.606314
-15.737768
-15.641686
-15.648505
-15.779959
-15.678823
-15.685643
-15.817096
-15.712175
-15.718994
-15.850448
-15.742607
-15.749427
-15.880880
-15.770723
-15.777542
-15.908996
-15.796936
-15.803756
-15.935210
-15.821517
-15.828336
-15.959790
-15.844603
-15.851422
-15.982876
-15.866203
-15.873022
-16.004476
-15.886179
-15.892998
-16.024452
-15.904220
-15.911040
-16.042493
-15.919813
-15.926633
-16.058087
-15.932229
-15.939048
-16.070502
-15.940603
-15.947422
-16.078876
-15.943881
-15.950701
-16.082155
-15.941892
-15.948712
-16.080165
-15.931581
-15.938400
-16.069854
-15.919655
-15.926475
-16.057929
-15.887607
-15.894426
-16.025880
-15.854632
-15.861452
-15.992905
-15.853532
-15.860352
-15.991805
-15.817610
-15.824430
-15.955883
-15.679119
-15.685938
-15.817392
-13.446174
-13.501136
-14.560575
-15.399524
-15.454485
-16.513925
-15.976673
-16.031634
-17.091074
-16.316826
-16.371787
-17.431227
-16.572888
-16.627849
-17.687289
-16.770677
-16.825638
-17.885078
-16.931054
-16.986015
-18.045455
-17.065020
-17.119981
-18.179421
-17.179577
-17.234538
-18.293978
-17.279319
-17.334280
-18.393720
-17.367440
-17.422401
-18.481841
-17.446232
-17.501193
-18.560633
-17.517394
-17.572355
-18.631795
-17.582217
-17.637178
-18.696618
-17.641698
-17.696659
-18.756099
-17.696616
-17.751577
-18.811017
-17.747571
-17.802532
-18.861972
-17.795011
-17.849973
-18.909413
-17.839250
-17.894211
-18.953651
-17.880522
-17.935484
-18.994923
-17.918977
-17.973938
-19.033378
-17.955052
-18.010013
-19.069453
-17.988720
-18.043681
-19.103121
-18.021601
-18.076562
-19.136002
-18.049848
-18.104810
-19.164250
-18.118327
-18.173288
-19.232728
-18.119803
-18.174764
-19.234204
-18.118987
-18.173949
-19.233388
-18.158570
-18.213531
-19.272971
-17.957721
-18.012682
-19.072122
-11.077419
-12.436605
-12.811081
-13.098206
-13.310620
-13.480504
-13.619995
-13.737794
-13.839159
-13.927715
-14.006019
-14.075962
-14.138983
-14.196225
-14.248627
-14.296990
-14.342034
-14.384426
-14.424811
-14.463834
-14.502092
-14.540472
-14.578066
-14.622325
-14.647397
-14.726144
-14.749865
-14.852540
-14.880815
-9.672421
-3.701351
-3.524011
-4.669891
-7.147044
-7.010280
-8.139363
-7.067406
-7.037011
-8.216278
-7.044080
-6.995700
-8.184168
-6.993313
-6.956884
-8.156225
-6.979372
-6.945192
-8.151602
-6.978948
-6.947343
-8.159445
-6.991016
-6.960970
-8.177632
-7.011870
-6.982960
-8.203476
-7.039655
-7.011532
-8.235443
-7.073117
-7.045518
-8.272552
-7.111553
-7.084257
-8.314282
-7.154655
-7.127463
-8.360454
-7.202430
-7.175158
-8.411172
-7.255173
-7.227644
-8.466792
-7.313449
-7.285508
-8.527920
-7.378104
-7.349644
-8.595409
-7.450242
-7.421264
-8.670328
-7.531191
-7.501892
-8.753934
-7.622184
-7.593010
-8.847320
-7.724629
-7.696447
-8.951918
-7.837534
-7.810912
-9.066224
-7.966133
-7.943192
-9.197555
-8.089204
-8.065927
-9.317339
-8.273333
-8.265163
-9.520831
-8.249010
-8.203350
-9.431381
-8.228116
-8.225143
-9.479411
-8.738191
-8.755886
-10.023814
-9.445226
-9.460831
-10.725612
-10.045919
-10.043947
-11.099497
-2.831863
-4.245431
-4.242882
-4.238705
-4.239565
-4.252006
-4.271137
-4.295896
-4.324995
-4.357739
-4.393754
-4.432941
-4.475426
-4.521547
-4.571846
-4.627087
-4.688250
-4.756521
-4.833153
-4.919476
-5.015925
-5.124747
-5.239300
-5.382316
-5.467756
-5.444624
-5.678933
-6.242770
-6.820322
2.658061
-14.432651
-15.930142
-15.951335
-16.006531
-16.052032
-16.094202
-16.134064
-16.173650
-16.214200
-16.256817
-16.302533
-16.352419
-16.407660
-16.469628
-16.539949
-16.620561
-16.713747
-16.822127
-16.948529
-17.095821
-17.266274
-17.462176
-17.680647
-17.933705
-18.152951
-18.665190
-18.735354
-18.749565
-18.794138
-18.849152
-7.661900
-11.170295
-9.652454
